4
1
179	508	0	90	90	423212041
202
159	532	458	90	90	423212359
160	532	794	90	90	423212369
160	533	856	90	90	423212380
161	533	1005	90	90	423212498
161	531	1023	90	90	423212509
161	530	1023	90	90	423212520
160	528	1023	90	90	423212531
160	525	1023	90	90	423212541
160	522	1023	90	90	423212552
160	518	1023	90	90	423212563
160	513	1023	90	90	423212574
160	507	1023	90	90	423212584
160	501	1023	90	90	423212595
161	493	1023	90	90	423212606
162	485	1023	90	90	423212617
163	477	1023	90	90	423212627
163	468	1023	90	90	423212638
164	459	1023	90	90	423212649
164	450	1023	90	90	423212660
164	441	1023	90	90	423212670
164	432	1023	90	90	423212681
164	423	1023	90	90	423212692
164	414	1023	90	90	423212703
164	406	1023	90	90	423212713
164	399	1023	90	90	423212724
164	392	1023	90	90	423212735
163	385	1023	90	90	423212746
163	379	1023	90	90	423212756
162	374	1023	90	90	423212767
161	369	1023	90	90	423212778
160	366	1023	90	90	423212789
159	362	1023	90	90	423212799
158	360	1023	90	90	423212810
157	358	1023	90	90	423212821
157	357	1023	90	90	423212832
156	356	1023	90	90	423212842
155	355	1023	90	90	423212853
155	354	1023	90	90	423212939
156	354	1023	90	90	423212961
158	354	1023	90	90	423212971
159	354	1023	90	90	423212982
161	354	1023	90	90	423212993
164	354	1023	90	90	423213004
167	354	1023	90	90	423213014
170	354	1023	90	90	423213025
174	354	1023	90	90	423213036
179	354	1023	90	90	423213047
184	354	1023	90	90	423213057
189	354	1023	90	90	423213068
195	355	1023	90	90	423213079
202	355	1023	90	90	423213090
210	356	1023	90	90	423213100
218	357	1023	90	90	423213111
227	357	1023	90	90	423213122
237	357	1023	90	90	423213133
248	357	1023	90	90	423213143
259	357	1023	90	90	423213154
271	357	1023	90	90	423213165
284	356	1023	90	90	423213176
297	355	1023	90	90	423213186
310	354	1023	90	90	423213197
325	353	1023	90	90	423213208
340	352	1023	90	90	423213219
356	350	1023	90	90	423213229
372	349	1023	90	90	423213240
389	347	1023	90	90	423213251
406	346	1023	90	90	423213262
423	345	1023	90	90	423213272
441	344	1023	90	90	423213283
459	343	1023	90	90	423213294
478	341	1023	90	90	423213305
496	340	1023	90	90	423213315
515	338	1023	90	90	423213326
534	336	1023	90	90	423213337
553	334	1023	90	90	423213348
571	333	1023	90	90	423213358
590	333	1023	90	90	423213369
609	332	1023	90	90	423213380
627	332	1023	90	90	423213391
645	331	1023	90	90	423213401
662	330	1023	90	90	423213412
679	329	1023	90	90	423213423
696	329	1023	90	90	423213434
712	329	1023	90	90	423213444
727	329	1023	90	90	423213455
741	329	1023	90	90	423213466
755	330	1023	90	90	423213477
767	330	1023	90	90	423213487
778	330	1023	90	90	423213498
788	329	1023	90	90	423213509
796	329	1023	90	90	423213520
803	328	1023	90	90	423213530
809	328	1023	90	90	423213541
813	327	1023	90	90	423213552
816	327	1023	90	90	423213563
817	327	1023	90	90	423213573
818	327	1023	90	90	423213595
819	327	1023	90	90	423213627
818	327	1023	90	90	423213638
817	328	1023	90	90	423213659
816	329	1023	90	90	423213670
815	329	1023	90	90	423213681
814	330	1023	90	90	423213692
813	331	1023	90	90	423213703
813	333	1023	90	90	423213713
813	335	1023	90	90	423213724
813	338	1023	90	90	423213735
813	341	1023	90	90	423213746
813	345	1023	90	90	423213756
813	350	1023	90	90	423213767
813	356	1023	90	90	423213778
814	363	1023	90	90	423213789
815	371	1023	90	90	423213799
816	381	1023	90	90	423213810
816	391	1023	90	90	423213821
817	401	1023	90	90	423213832
818	412	1023	90	90	423213842
819	422	1023	90	90	423213853
820	432	1023	90	90	423213864
821	442	1023	90	90	423213875
822	450	1023	90	90	423213885
823	457	1023	90	90	423213896
825	464	1023	90	90	423213907
826	469	1023	90	90	423213918
827	474	1023	90	90	423213928
827	477	1023	90	90	423213939
828	479	1023	90	90	423213950
828	481	1023	90	90	423213961
828	482	1023	90	90	423214036
827	482	1023	90	90	423214047
825	482	1023	90	90	423214057
824	482	1023	90	90	423214068
821	482	1023	90	90	423214079
819	482	1023	90	90	423214090
816	482	1023	90	90	423214100
812	482	1023	90	90	423214111
808	483	1023	90	90	423214122
804	484	1023	90	90	423214133
798	486	1023	90	90	423214143
792	487	1023	90	90	423214154
786	488	1023	90	90	423214165
778	489	1023	90	90	423214176
770	490	1023	90	90	423214186
762	491	1023	90	90	423214197
753	492	1023	90	90	423214208
744	493	1023	90	90	423214219
735	494	1023	90	90	423214229
724	494	1023	90	90	423214240
713	495	1023	90	90	423214251
702	495	1023	90	90	423214262
690	495	1023	90	90	423214272
679	495	1023	90	90	423214283
666	494	1023	90	90	423214294
653	494	1023	90	90	423214305
640	494	1023	90	90	423214315
626	494	1023	90	90	423214326
613	494	1023	90	90	423214337
599	494	1023	90	90	423214348
585	495	1023	90	90	423214358
571	495	1023	90	90	423214369
557	495	1023	90	90	423214380
542	495	1023	90	90	423214391
527	496	1023	90	90	423214401
512	497	1023	90	90	423214412
497	497	1023	90	90	423214423
482	498	1023	90	90	423214434
466	499	1023	90	90	423214444
450	499	1023	90	90	423214455
435	500	1023	90	90	423214466
419	500	1023	90	90	423214477
403	501	1023	90	90	423214487
387	502	1023	90	90	423214498
371	502	1023	90	90	423214509
356	503	1023	90	90	423214520
340	503	1023	90	90	423214530
325	503	1023	90	90	423214541
310	503	1023	90	90	423214552
295	503	1023	90	90	423214563
281	503	1023	90	90	423214573
267	503	1023	90	90	423214584
253	504	1023	90	90	423214595
240	504	1023	90	90	423214606
227	505	1023	90	90	423214616
215	506	1023	90	90	423214627
204	506	1023	90	90	423214638
194	506	1023	90	90	423214649
184	506	1023	90	90	423214659
176	506	1023	90	90	423214670
168	506	1023	90	90	423214681
162	506	1023	90	90	423214692
157	506	1023	90	90	423214702
152	506	1023	90	90	423214713
149	506	1023	90	90	423214724
148	506	1023	90	90	423214735
147	506	1023	90	90	423214799
148	506	1023	90	90	423214810
149	506	1023	90	90	423214821
150	506	1023	90	90	423214842
151	506	1023	90	90	423214853
152	506	1023	90	90	423214864
154	506	1023	90	90	423214874
155	507	134	90	90	423214896
90
244	354	198	90	90	423215656
247	355	352	90	90	423215666
248	355	500	90	90	423215677
250	355	664	90	90	423215688
251	355	828	90	90	423215699
252	356	944	90	90	423215709
253	356	1004	90	90	423215720
254	356	1023	90	90	423215742
255	356	1023	90	90	423215774
255	355	1023	90	90	423215795
254	354	1023	90	90	423215806
253	353	1023	90	90	423215817
252	352	1023	90	90	423215828
251	351	1023	90	90	423215838
249	348	1023	90	90	423215849
247	346	1023	90	90	423215860
245	343	1023	90	90	423215871
242	340	1023	90	90	423215881
238	337	1023	90	90	423215892
235	332	1023	90	90	423215903
231	328	1023	90	90	423215914
227	322	1023	90	90	423215924
223	317	1023	90	90	423215935
218	311	1023	90	90	423215946
214	305	1023	90	90	423215957
209	299	1023	90	90	423215967
205	293	1023	90	90	423215978
200	288	1023	90	90	423215989
195	282	1023	90	90	423216000
191	277	1023	90	90	423216010
187	273	1023	90	90	423216021
183	269	1023	90	90	423216032
180	266	1023	90	90	423216043
177	263	1023	90	90	423216053
175	261	1023	90	90	423216064
173	259	1023	90	90	423216075
172	257	1023	90	90	423216107
173	256	1023	90	90	423216118
174	256	1023	90	90	423216129
177	256	1023	90	90	423216139
180	256	1023	90	90	423216150
185	256	1023	90	90	423216161
191	256	1023	90	90	423216172
198	255	1023	90	90	423216182
206	255	1023	90	90	423216193
215	254	1023	90	90	423216204
224	253	1023	90	90	423216215
234	251	1023	90	90	423216225
245	250	1023	90	90	423216236
256	248	1023	90	90	423216247
267	247	1023	90	90	423216258
278	245	1023	90	90	423216268
288	244	1023	90	90	423216279
298	242	1023	90	90	423216290
306	241	1023	90	90	423216301
313	240	1023	90	90	423216311
319	240	1023	90	90	423216322
324	240	1023	90	90	423216333
327	240	1023	90	90	423216344
329	241	1023	90	90	423216354
330	242	1023	90	90	423216365
330	244	1023	90	90	423216376
328	246	1023	90	90	423216387
326	249	1023	90	90	423216397
324	253	1023	90	90	423216408
320	258	1023	90	90	423216419
316	263	1023	90	90	423216430
312	269	1023	90	90	423216440
307	276	1023	90	90	423216451
301	284	1023	90	90	423216462
296	293	1023	90	90	423216473
290	302	1023	90	90	423216483
284	312	1023	90	90	423216494
277	322	1023	90	90	423216505
271	331	1023	90	90	423216516
266	340	1023	90	90	423216526
260	348	1023	90	90	423216537
254	355	1023	90	90	423216548
250	361	1023	90	90	423216559
247	366	1023	90	90	423216569
245	369	1023	90	90	423216580
244	371	1023	90	90	423216591
244	372	1023	90	90	423216602
246	373	1023	90	90	423216612
247	373	1023	90	90	423216623
250	372	1023	90	90	423216634
252	370	1023	90	90	423216645
255	368	1023	90	90	423216655
258	365	1023	90	90	423216666
260	362	321	90	90	423216688
78
655	332	274	90	90	423217578
658	332	396	90	90	423217588
659	332	490	90	90	423217599
660	332	644	90	90	423217621
661	332	824	90	90	423217642
661	331	921	90	90	423217674
661	330	952	90	90	423217685
661	329	970	90	90	423217696
660	328	988	90	90	423217707
660	327	986	90	90	423217717
659	326	1014	90	90	423217728
658	325	1023	90	90	423217739
656	323	1023	90	90	423217750
654	321	1023	90	90	423217760
652	318	1023	90	90	423217771
648	315	1023	90	90	423217782
645	311	1023	90	90	423217793
642	306	1023	90	90	423217803
638	302	1023	90	90	423217814
634	296	1023	90	90	423217825
629	290	1023	90	90	423217836
624	284	1023	90	90	423217846
620	277	1023	90	90	423217857
615	271	1023	90	90	423217868
611	264	1023	90	90	423217879
607	257	1023	90	90	423217889
603	251	1023	90	90	423217900
600	245	1023	90	90	423217911
597	240	1023	90	90	423217922
596	236	1023	90	90	423217932
594	233	1023	90	90	423217943
594	230	1023	90	90	423217954
594	228	1023	90	90	423217965
596	225	1023	90	90	423217975
598	224	1023	90	90	423217986
601	222	1023	90	90	423217997
605	221	1023	90	90	423218008
611	220	1023	90	90	423218018
618	220	1023	90	90	423218029
625	219	1023	90	90	423218040
633	219	1023	90	90	423218051
642	219	1023	90	90	423218061
652	218	1023	90	90	423218072
662	218	1023	90	90	423218083
671	217	1023	90	90	423218094
681	217	1023	90	90	423218104
691	216	1023	90	90	423218115
701	215	1023	90	90	423218126
709	215	1023	90	90	423218137
717	214	1023	90	90	423218147
725	214	1023	90	90	423218158
730	214	1023	90	90	423218169
735	214	1023	90	90	423218180
738	214	1023	90	90	423218190
741	215	1023	90	90	423218201
741	216	1023	90	90	423218212
741	218	1023	90	90	423218223
740	220	1023	90	90	423218233
738	223	1023	90	90	423218244
735	227	1023	90	90	423218255
732	232	1023	90	90	423218266
727	237	1023	90	90	423218276
722	244	1023	90	90	423218287
716	252	1023	90	90	423218298
709	261	1023	90	90	423218309
702	271	1023	90	90	423218319
694	282	1023	90	90	423218330
687	293	1023	90	90	423218341
679	304	1023	90	90	423218352
672	314	1023	90	90	423218362
666	322	1023	90	90	423218373
661	328	1023	90	90	423218384
657	333	1023	90	90	423218395
654	336	1023	90	90	423218405
652	338	1023	90	90	423218416
651	339	1023	90	90	423218438
652	340	1023	90	90	423218448
654	341	260	90	90	423218470
4
1
178	549	0	90	90	526787416
168
167	586	612	90	90	526787625
170	590	644	90	90	526787635
171	591	690	90	90	526787646
172	592	890	90	90	526787700
172	591	946	90	90	526787711
171	590	972	90	90	526787721
171	589	978	90	90	526787732
171	586	1008	90	90	526787743
170	584	1023	90	90	526787754
170	580	1023	90	90	526787764
170	576	1023	90	90	526787775
169	571	1023	90	90	526787786
168	566	1023	90	90	526787797
168	559	1023	90	90	526787807
167	553	1023	90	90	526787818
167	545	1023	90	90	526787829
167	537	1023	90	90	526787840
167	528	1023	90	90	526787850
167	518	1023	90	90	526787861
167	508	1023	90	90	526787872
167	498	1023	90	90	526787883
167	488	1023	90	90	526787893
167	478	1023	90	90	526787904
167	468	1023	90	90	526787915
167	459	1023	90	90	526787926
166	450	1023	90	90	526787936
165	441	1023	90	90	526787947
165	433	1023	90	90	526787958
164	426	1023	90	90	526787969
163	419	1023	90	90	526787979
163	412	1023	90	90	526787990
162	407	1023	90	90	526788001
161	402	1023	90	90	526788012
160	398	1023	90	90	526788022
160	394	1023	90	90	526788033
160	391	1023	90	90	526788044
160	389	1023	90	90	526788055
160	387	1023	90	90	526788065
160	386	1023	90	90	526788076
161	385	1023	90	90	526788087
162	384	1023	90	90	526788098
163	384	1023	90	90	526788108
166	383	1023	90	90	526788119
169	383	1023	90	90	526788130
173	383	1023	90	90	526788141
178	383	1023	90	90	526788151
185	383	1023	90	90	526788162
192	383	1023	90	90	526788173
200	383	1023	90	90	526788184
210	383	1023	90	90	526788194
220	383	1023	90	90	526788205
231	383	1023	90	90	526788216
244	383	1023	90	90	526788227
257	383	1023	90	90	526788237
271	383	1023	90	90	526788248
286	383	1023	90	90	526788259
301	383	1023	90	90	526788270
317	384	1023	90	90	526788280
333	384	1023	90	90	526788291
349	384	1023	90	90	526788302
366	384	1023	90	90	526788313
383	384	1023	90	90	526788323
400	384	1023	90	90	526788334
417	383	1023	90	90	526788345
434	383	1023	90	90	526788356
451	382	1023	90	90	526788366
467	382	1023	90	90	526788377
483	381	1023	90	90	526788388
499	381	1023	90	90	526788399
515	380	1023	90	90	526788409
530	378	1023	90	90	526788420
545	377	1023	90	90	526788431
559	375	1023	90	90	526788442
573	374	1023	90	90	526788452
585	372	1023	90	90	526788463
596	371	1023	90	90	526788474
607	369	1023	90	90	526788485
617	368	1023	90	90	526788495
626	366	1023	90	90	526788506
634	364	1023	90	90	526788517
642	363	1023	90	90	526788528
649	361	1023	90	90	526788538
655	360	1023	90	90	526788549
660	359	1023	90	90	526788560
664	358	1023	90	90	526788571
668	357	1023	90	90	526788581
672	355	1023	90	90	526788592
675	354	1023	90	90	526788603
678	353	1023	90	90	526788614
680	352	1023	90	90	526788624
681	351	1023	90	90	526788635
682	351	1023	90	90	526788700
682	352	1023	90	90	526788710
682	354	1023	90	90	526788721
682	356	1023	90	90	526788732
681	359	1023	90	90	526788743
681	364	1023	90	90	526788753
681	369	1023	90	90	526788764
680	374	1023	90	90	526788775
680	382	1023	90	90	526788786
679	389	1023	90	90	526788796
678	398	1023	90	90	526788807
677	408	1023	90	90	526788818
676	419	1023	90	90	526788829
675	430	1023	90	90	526788839
675	442	1023	90	90	526788850
674	454	1023	90	90	526788861
674	465	1023	90	90	526788872
673	477	1023	90	90	526788882
673	488	1023	90	90	526788893
672	499	1023	90	90	526788904
672	508	1023	90	90	526788915
672	517	1023	90	90	526788925
672	526	1023	90	90	526788936
672	533	1023	90	90	526788947
672	540	1023	90	90	526788958
671	545	1023	90	90	526788969
671	551	1023	90	90	526788979
670	555	1023	90	90	526788990
669	558	1023	90	90	526789001
669	561	1023	90	90	526789012
668	562	1023	90	90	526789022
668	563	1023	90	90	526789033
667	564	1023	90	90	526789055
665	565	1023	90	90	526789065
663	565	1023	90	90	526789076
661	564	1023	90	90	526789087
658	563	1023	90	90	526789098
654	563	1023	90	90	526789108
649	563	1023	90	90	526789119
643	563	1023	90	90	526789130
637	563	1023	90	90	526789141
629	563	1023	90	90	526789151
620	564	1023	90	90	526789162
610	564	1023	90	90	526789173
599	564	1023	90	90	526789184
586	564	1023	90	90	526789194
573	565	1023	90	90	526789205
558	566	1023	90	90	526789216
542	567	1023	90	90	526789227
525	568	1023	90	90	526789237
507	570	1023	90	90	526789248
488	572	1023	90	90	526789259
468	573	1023	90	90	526789270
447	575	1023	90	90	526789280
426	576	1023	90	90	526789291
405	577	1023	90	90	526789302
384	579	1023	90	90	526789313
363	580	1023	90	90	526789323
342	582	1023	90	90	526789334
322	583	1023	90	90	526789345
303	584	1023	90	90	526789356
284	585	1023	90	90	526789366
267	586	1023	90	90	526789377
250	586	1023	90	90	526789388
236	586	1023	90	90	526789399
222	586	1023	90	90	526789409
211	586	1023	90	90	526789420
200	586	1023	90	90	526789431
191	586	1023	90	90	526789442
184	586	1023	90	90	526789452
178	585	1023	90	90	526789463
173	585	1023	90	90	526789474
171	585	1023	90	90	526789485
169	585	1023	90	90	526789538
170	585	1023	90	90	526789560
171	585	1023	90	90	526789603
172	585	250	90	90	526789624
83
257	380	942	90	90	526790312
261	379	938	90	90	526790322
262	378	966	90	90	526790365
261	377	1009	90	90	526790387
260	376	1023	90	90	526790398
260	375	1023	90	90	526790408
259	373	1023	90	90	526790419
257	371	1023	90	90	526790430
255	369	1023	90	90	526790441
253	366	1023	90	90	526790451
251	362	1023	90	90	526790462
247	357	1023	90	90	526790473
244	351	1023	90	90	526790484
239	345	1023	90	90	526790494
234	339	1023	90	90	526790505
229	331	1023	90	90	526790516
224	323	1023	90	90	526790527
218	315	1023	90	90	526790537
212	306	1023	90	90	526790548
206	298	1023	90	90	526790559
200	289	1023	90	90	526790570
194	281	1023	90	90	526790580
189	273	1023	90	90	526790591
184	266	1023	90	90	526790602
180	259	1023	90	90	526790613
176	252	1023	90	90	526790623
173	247	1023	90	90	526790634
170	242	1023	90	90	526790645
169	238	1023	90	90	526790656
168	235	1023	90	90	526790666
169	232	1023	90	90	526790677
170	230	1023	90	90	526790688
173	228	1023	90	90	526790699
178	226	1023	90	90	526790709
185	225	1023	90	90	526790720
193	225	1023	90	90	526790731
203	225	1023	90	90	526790742
214	225	1023	90	90	526790752
226	225	1023	90	90	526790763
240	225	1023	90	90	526790774
254	225	1023	90	90	526790785
269	225	1023	90	90	526790795
284	225	1023	90	90	526790806
299	225	1023	90	90	526790817
313	225	1023	90	90	526790828
327	225	1023	90	90	526790838
340	224	1023	90	90	526790849
352	223	1023	90	90	526790860
363	223	1023	90	90	526790871
372	222	1023	90	90	526790881
380	221	1023	90	90	526790892
386	220	1023	90	90	526790903
391	220	1023	90	90	526790914
395	220	1023	90	90	526790924
396	220	1023	90	90	526790935
396	221	1023	90	90	526790946
396	222	1023	90	90	526790957
394	224	1023	90	90	526790967
391	228	1023	90	90	526790978
386	233	1023	90	90	526790989
381	239	1023	90	90	526791000
374	247	1023	90	90	526791010
367	255	1023	90	90	526791021
358	265	1023	90	90	526791032
348	275	1023	90	90	526791043
338	286	1023	90	90	526791053
328	298	1023	90	90	526791064
318	311	1023	90	90	526791075
308	323	1023	90	90	526791086
298	335	1023	90	90	526791096
288	346	1023	90	90	526791107
280	356	1023	90	90	526791118
273	365	1023	90	90	526791129
267	372	1023	90	90	526791139
262	379	1023	90	90	526791150
259	383	1023	90	90	526791161
258	386	1023	90	90	526791172
258	387	1023	90	90	526791193
259	387	1023	90	90	526791204
260	387	1023	90	90	526791215
262	385	1023	90	90	526791225
264	383	988	90	90	526791236
266	381	108	90	90	526791258
74
565	364	779	90	90	526791885
572	367	892	90	90	526791896
573	368	900	90	90	526791907
574	369	930	90	90	526791918
574	370	944	90	90	526791928
574	371	936	90	90	526791939
574	372	942	90	90	526791950
573	373	952	90	90	526791961
572	373	982	90	90	526791982
571	372	1002	90	90	526791993
570	372	1023	90	90	526792004
569	370	1023	90	90	526792014
568	369	1023	90	90	526792025
566	367	1023	90	90	526792036
564	365	1023	90	90	526792047
562	361	1023	90	90	526792057
559	357	1023	90	90	526792068
556	353	1023	90	90	526792079
552	347	1023	90	90	526792090
548	341	1023	90	90	526792100
544	334	1023	90	90	526792111
539	326	1023	90	90	526792122
534	317	1023	90	90	526792133
529	308	1023	90	90	526792143
523	300	1023	90	90	526792154
518	291	1023	90	90	526792165
513	283	1023	90	90	526792176
508	276	1023	90	90	526792186
503	268	1023	90	90	526792197
499	262	1023	90	90	526792208
495	256	1023	90	90	526792219
493	251	1023	90	90	526792229
492	247	1023	90	90	526792240
492	243	1023	90	90	526792251
492	240	1023	90	90	526792262
495	237	1023	90	90	526792272
499	234	1023	90	90	526792283
504	231	1023	90	90	526792294
512	228	1023	90	90	526792305
520	225	1023	90	90	526792315
531	223	1023	90	90	526792326
544	221	1023	90	90	526792337
557	219	1023	90	90	526792348
571	218	1023	90	90	526792358
586	218	1023	90	90	526792369
601	218	1023	90	90	526792380
616	217	1023	90	90	526792391
630	217	1023	90	90	526792401
644	217	1023	90	90	526792412
657	217	1023	90	90	526792423
668	217	1023	90	90	526792434
679	217	1023	90	90	526792444
688	218	1023	90	90	526792455
696	219	1023	90	90	526792466
702	219	1023	90	90	526792477
706	221	1023	90	90	526792487
708	223	1023	90	90	526792498
708	225	1023	90	90	526792509
707	228	1023	90	90	526792520
703	233	1023	90	90	526792530
698	238	1023	90	90	526792541
690	245	1023	90	90	526792552
682	253	1023	90	90	526792563
670	263	1023	90	90	526792573
658	274	1023	90	90	526792584
644	286	1023	90	90	526792595
629	297	1023	90	90	526792606
613	310	1023	90	90	526792616
598	322	1023	90	90	526792627
583	334	1023	90	90	526792638
568	345	1023	90	90	526792649
556	356	1023	90	90	526792659
545	366	1023	90	90	526792670
536	373	163	90	90	526792692
4
1
176	541	0	90	90	526913385
184
164	575	626	90	90	526913609
165	576	934	90	90	526913619
166	576	924	90	90	526913630
167	576	930	90	90	526913641
168	575	932	90	90	526913652
168	574	946	90	90	526913662
168	573	954	90	90	526913673
168	572	970	90	90	526913684
168	570	988	90	90	526913695
169	567	980	90	90	526913705
169	564	996	90	90	526913716
169	561	1004	90	90	526913727
169	557	1014	90	90	526913738
169	551	1023	90	90	526913748
170	546	1023	90	90	526913759
170	539	1023	90	90	526913770
170	532	1023	90	90	526913781
170	525	1023	90	90	526913791
170	517	1023	90	90	526913802
170	508	1023	90	90	526913813
170	499	1023	90	90	526913824
171	490	1023	90	90	526913834
171	481	1023	90	90	526913845
171	472	1023	90	90	526913856
172	463	1023	90	90	526913867
173	455	1023	90	90	526913877
173	447	1023	90	90	526913888
173	439	1023	90	90	526913899
173	432	1023	90	90	526913910
173	426	1023	90	90	526913920
173	420	1023	90	90	526913931
173	415	1023	90	90	526913942
173	410	1023	90	90	526913953
173	407	1023	90	90	526913963
173	403	1023	90	90	526913974
173	401	1023	90	90	526913985
173	399	1023	90	90	526913996
173	397	1023	90	90	526914006
173	396	1023	90	90	526914243
174	396	1023	90	90	526914254
175	396	1023	90	90	526914264
176	396	1023	90	90	526914275
178	396	1023	90	90	526914286
182	396	1023	90	90	526914297
185	396	1023	90	90	526914307
190	396	1023	90	90	526914318
195	396	1023	90	90	526914329
202	395	1023	90	90	526914340
210	395	1023	90	90	526914350
219	395	1023	90	90	526914361
229	395	1023	90	90	526914372
240	395	1023	90	90	526914383
253	395	1023	90	90	526914393
265	395	1023	90	90	526914404
279	395	1023	90	90	526914415
294	395	1023	90	90	526914426
309	395	1023	90	90	526914436
325	395	1023	90	90	526914447
342	395	1023	90	90	526914458
359	395	1023	90	90	526914469
377	394	1023	90	90	526914479
395	394	1023	90	90	526914490
413	393	1023	90	90	526914501
432	392	1023	90	90	526914512
451	391	1023	90	90	526914522
470	390	1023	90	90	526914533
488	389	1023	90	90	526914544
506	389	1023	90	90	526914555
524	388	1023	90	90	526914565
541	388	1023	90	90	526914576
557	388	1023	90	90	526914587
573	388	1023	90	90	526914598
588	388	1023	90	90	526914608
602	388	1023	90	90	526914619
615	389	1023	90	90	526914630
627	389	1023	90	90	526914641
638	389	1023	90	90	526914651
649	389	1023	90	90	526914662
658	389	1023	90	90	526914673
667	389	1023	90	90	526914684
675	388	1023	90	90	526914694
682	388	1023	90	90	526914705
688	387	1023	90	90	526914716
693	387	1023	90	90	526914727
697	386	1023	90	90	526914737
700	386	1023	90	90	526914748
703	385	1023	90	90	526914759
705	384	1023	90	90	526914770
707	384	1023	90	90	526914780
708	383	1023	90	90	526914791
709	383	1023	90	90	526914877
708	384	1023	90	90	526914888
708	385	1023	90	90	526914899
708	386	1023	90	90	526914909
707	388	1023	90	90	526914920
707	391	1023	90	90	526914931
706	394	1023	90	90	526914942
705	398	1023	90	90	526914953
705	402	1023	90	90	526914963
704	407	1023	90	90	526914974
704	413	1023	90	90	526914985
704	419	1023	90	90	526914996
703	426	1023	90	90	526915006
703	433	1023	90	90	526915017
702	441	1023	90	90	526915028
702	448	1023	90	90	526915039
702	456	1023	90	90	526915049
702	464	1023	90	90	526915060
702	472	1023	90	90	526915071
702	480	1023	90	90	526915082
701	487	1023	90	90	526915092
701	494	1023	90	90	526915103
700	501	1023	90	90	526915114
700	508	1023	90	90	526915125
699	513	1023	90	90	526915135
699	519	1023	90	90	526915146
698	523	1023	90	90	526915157
698	528	1023	90	90	526915168
698	531	1023	90	90	526915178
697	535	1023	90	90	526915189
697	538	1023	90	90	526915200
697	540	1023	90	90	526915211
697	542	1023	90	90	526915221
697	544	1023	90	90	526915232
696	545	1023	90	90	526915243
696	546	1023	90	90	526915254
695	547	1023	90	90	526915264
693	547	1023	90	90	526915275
692	548	1023	90	90	526915286
691	548	1023	90	90	526915297
689	549	1023	90	90	526915307
688	549	1023	90	90	526915318
686	549	1023	90	90	526915329
684	549	1023	90	90	526915340
682	549	1023	90	90	526915350
680	549	1023	90	90	526915361
676	549	1023	90	90	526915372
673	549	1023	90	90	526915383
668	549	1023	90	90	526915393
663	549	1023	90	90	526915404
657	549	1023	90	90	526915415
651	549	1023	90	90	526915426
644	549	1023	90	90	526915436
636	549	1023	90	90	526915447
628	549	1023	90	90	526915458
618	549	1023	90	90	526915469
609	549	1023	90	90	526915479
598	549	1023	90	90	526915490
586	549	1023	90	90	526915501
574	549	1023	90	90	526915512
561	549	1023	90	90	526915522
548	549	1023	90	90	526915533
533	550	1023	90	90	526915544
518	551	1023	90	90	526915555
503	551	1023	90	90	526915565
486	552	1023	90	90	526915576
470	553	1023	90	90	526915587
452	554	1023	90	90	526915598
435	555	1023	90	90	526915608
418	555	1023	90	90	526915619
400	556	1023	90	90	526915630
383	556	1023	90	90	526915641
365	556	1023	90	90	526915651
348	557	1023	90	90	526915662
330	558	1023	90	90	526915673
314	558	1023	90	90	526915684
298	559	1023	90	90	526915694
282	560	1023	90	90	526915705
266	561	1023	90	90	526915716
251	562	1023	90	90	526915727
237	563	1023	90	90	526915737
224	565	1023	90	90	526915748
213	566	1023	90	90	526915759
203	568	1023	90	90	526915770
193	569	1023	90	90	526915780
185	570	1023	90	90	526915791
178	571	1023	90	90	526915802
172	571	1023	90	90	526915813
168	571	1023	90	90	526915823
165	571	1023	90	90	526915834
164	571	1023	90	90	526915845
163	571	1023	90	90	526915888
163	572	1002	90	90	526915899
164	572	149	90	90	526915920
77
270	386	835	90	90	526916666
272	387	848	90	90	526916677
273	387	891	90	90	526916720
272	387	915	90	90	526916742
271	387	938	90	90	526916752
270	387	942	90	90	526916763
269	387	948	90	90	526916774
268	387	936	90	90	526916785
268	386	946	90	90	526916795
266	385	958	90	90	526916806
265	385	970	90	90	526916817
264	384	978	90	90	526916828
263	383	984	90	90	526916838
262	382	994	90	90	526916849
261	381	980	90	90	526916860
260	380	992	90	90	526916871
258	379	998	90	90	526916881
257	377	1004	90	90	526916892
255	374	1014	90	90	526916903
254	372	1020	90	90	526916914
252	369	1023	90	90	526916924
250	366	1023	90	90	526916935
247	362	1023	90	90	526916946
245	358	1023	90	90	526916957
242	354	1023	90	90	526916967
239	350	1023	90	90	526916978
236	346	1023	90	90	526916989
233	342	1023	90	90	526917000
231	338	1023	90	90	526917010
228	335	1023	90	90	526917021
226	331	1023	90	90	526917032
223	328	1023	90	90	526917043
221	325	1023	90	90	526917053
219	322	1023	90	90	526917064
217	320	1023	90	90	526917075
216	318	1023	90	90	526917086
215	317	1023	90	90	526917096
215	316	1023	90	90	526917129
216	316	1023	90	90	526917139
219	316	1023	90	90	526917150
222	316	1023	90	90	526917161
226	317	1023	90	90	526917172
230	318	1023	90	90	526917182
236	319	1023	90	90	526917193
243	320	1023	90	90	526917204
251	320	1023	90	90	526917215
259	320	1023	90	90	526917225
268	321	1023	90	90	526917236
277	321	1023	90	90	526917247
285	321	1023	90	90	526917258
294	321	1023	90	90	526917268
302	321	1023	90	90	526917279
310	320	1023	90	90	526917290
317	319	1023	90	90	526917301
324	319	1023	90	90	526917311
329	318	1023	90	90	526917322
334	318	1023	90	90	526917333
337	318	1023	90	90	526917344
340	318	1023	90	90	526917354
341	318	1023	90	90	526917376
341	319	1023	90	90	526917397
339	321	1023	90	90	526917408
337	323	1023	90	90	526917419
333	326	1023	90	90	526917430
329	329	1023	90	90	526917440
324	334	1023	90	90	526917451
319	339	1023	90	90	526917462
313	345	1023	90	90	526917473
306	351	1023	90	90	526917483
300	357	1023	90	90	526917494
294	364	1023	90	90	526917505
289	370	1023	90	90	526917516
284	376	1023	90	90	526917526
280	383	1023	90	90	526917537
277	388	1023	90	90	526917548
275	394	754	90	90	526917559
274	398	12	90	90	526917580
66
599	387	358	90	90	526918328
603	387	472	90	90	526918338
605	387	510	90	90	526918349
607	388	606	90	90	526918360
609	389	706	90	90	526918371
610	389	772	90	90	526918381
611	390	863	90	90	526918424
611	389	918	90	90	526918435
611	388	942	90	90	526918446
610	387	934	90	90	526918457
609	385	946	90	90	526918467
608	383	966	90	90	526918478
606	381	982	90	90	526918489
604	377	976	90	90	526918500
601	374	992	90	90	526918510
599	370	1002	90	90	526918521
595	366	1008	90	90	526918532
592	362	1008	90	90	526918543
587	357	1008	90	90	526918553
583	352	1014	90	90	526918564
579	347	1014	90	90	526918575
575	342	1010	90	90	526918586
571	337	1014	90	90	526918596
567	332	1020	90	90	526918607
563	328	1023	90	90	526918618
560	324	1023	90	90	526918629
558	320	1023	90	90	526918639
556	317	1023	90	90	526918650
555	315	1023	90	90	526918661
555	313	1023	90	90	526918672
556	312	1023	90	90	526918682
557	310	1023	90	90	526918693
560	309	1023	90	90	526918704
563	309	1023	90	90	526918715
567	309	1023	90	90	526918725
572	309	1023	90	90	526918736
578	309	1023	90	90	526918747
584	309	1023	90	90	526918758
592	309	1023	90	90	526918768
599	310	1023	90	90	526918779
607	310	1023	90	90	526918790
616	311	1023	90	90	526918801
624	311	1023	90	90	526918811
633	311	1023	90	90	526918822
641	311	1023	90	90	526918833
648	311	1023	90	90	526918844
656	311	1023	90	90	526918854
662	311	1023	90	90	526918865
668	311	1023	90	90	526918876
672	312	1023	90	90	526918887
675	313	1023	90	90	526918897
677	314	1023	90	90	526918908
678	315	1023	90	90	526918919
678	317	1023	90	90	526918930
676	319	1023	90	90	526918940
673	322	1023	90	90	526918951
669	326	1023	90	90	526918962
663	331	1023	90	90	526918973
657	336	1023	90	90	526918983
650	342	1023	90	90	526918994
642	349	1023	90	90	526919005
635	357	1023	90	90	526919016
627	365	1023	90	90	526919026
619	372	1023	90	90	526919037
612	378	926	90	90	526919048
605	382	141	90	90	526919069
4
1
179	544	0	90	90	527051853
286
155	580	880	90	90	527053325
155	578	936	90	90	527053336
154	577	948	90	90	527053346
154	576	942	90	90	527053357
154	574	964	90	90	527053368
154	572	982	90	90	527053379
154	570	994	90	90	527053389
154	567	980	90	90	527053400
155	564	996	90	90	527053411
155	561	1002	90	90	527053422
156	557	1004	90	90	527053432
156	553	1008	90	90	527053443
157	549	1014	90	90	527053454
157	544	1016	90	90	527053465
157	540	1020	90	90	527053475
158	535	1023	90	90	527053486
158	531	1023	90	90	527053497
158	526	1023	90	90	527053508
158	521	1023	90	90	527053518
158	516	1023	90	90	527053529
157	511	1023	90	90	527053540
156	506	1023	90	90	527053551
156	500	1023	90	90	527053561
155	495	1023	90	90	527053572
154	490	1023	90	90	527053583
154	485	1023	90	90	527053594
153	480	1023	90	90	527053604
152	475	1023	90	90	527053615
151	470	1023	90	90	527053626
151	466	1023	90	90	527053637
150	461	1023	90	90	527053647
149	457	1023	90	90	527053658
149	453	1023	90	90	527053669
148	449	1023	90	90	527053680
148	445	1023	90	90	527053690
148	441	1023	90	90	527053701
148	438	1023	90	90	527053712
148	435	1023	90	90	527053723
147	432	1023	90	90	527053733
147	429	1023	90	90	527053744
147	427	1023	90	90	527053755
147	425	1023	90	90	527053766
147	423	1023	90	90	527053776
147	421	1023	90	90	527053787
147	420	1023	90	90	527053798
147	419	1023	90	90	527053895
148	419	1023	90	90	527053905
149	419	1023	90	90	527053916
150	420	1023	90	90	527053927
151	420	1023	90	90	527053938
152	421	1023	90	90	527053948
154	421	1023	90	90	527053959
157	422	1023	90	90	527053970
159	422	1023	90	90	527053981
162	422	1023	90	90	527053991
165	423	1023	90	90	527054002
169	424	1023	90	90	527054013
173	424	1023	90	90	527054024
177	425	1023	90	90	527054034
182	425	1023	90	90	527054045
188	426	1023	90	90	527054056
193	426	1023	90	90	527054067
200	426	1023	90	90	527054077
207	427	1023	90	90	527054088
214	427	1023	90	90	527054099
222	427	1023	90	90	527054110
230	427	1023	90	90	527054120
239	427	1023	90	90	527054131
248	427	1023	90	90	527054142
257	427	1023	90	90	527054153
267	427	1023	90	90	527054163
277	426	1023	90	90	527054174
288	426	1023	90	90	527054185
298	425	1023	90	90	527054196
309	425	1023	90	90	527054206
320	424	1023	90	90	527054217
331	424	1023	90	90	527054228
342	423	1023	90	90	527054239
353	422	1023	90	90	527054249
364	422	1023	90	90	527054260
375	421	1023	90	90	527054271
386	421	1023	90	90	527054282
397	421	1023	90	90	527054292
408	420	1023	90	90	527054303
419	419	1023	90	90	527054314
429	419	1023	90	90	527054325
440	418	1023	90	90	527054335
450	418	1023	90	90	527054346
460	418	1023	90	90	527054357
470	418	1023	90	90	527054368
480	418	1023	90	90	527054378
489	417	1023	90	90	527054389
499	417	1023	90	90	527054400
507	417	1023	90	90	527054411
516	417	1023	90	90	527054421
525	417	1023	90	90	527054432
533	416	1023	90	90	527054443
542	416	1023	90	90	527054454
550	416	1023	90	90	527054464
558	415	1023	90	90	527054475
566	414	1023	90	90	527054486
574	414	1023	90	90	527054497
581	412	1023	90	90	527054507
589	411	1023	90	90	527054518
596	411	1023	90	90	527054529
603	410	1023	90	90	527054540
610	409	1023	90	90	527054550
617	409	1023	90	90	527054561
624	409	1023	90	90	527054572
630	409	1023	90	90	527054583
636	408	1023	90	90	527054594
642	408	1023	90	90	527054604
648	408	1023	90	90	527054615
653	408	1023	90	90	527054626
659	407	1023	90	90	527054637
664	407	1023	90	90	527054647
669	407	1023	90	90	527054658
673	407	1023	90	90	527054669
677	406	1023	90	90	527054680
681	406	1023	90	90	527054690
684	406	1023	90	90	527054701
686	406	1023	90	90	527054712
689	406	1023	90	90	527054723
691	405	1023	90	90	527054733
692	405	1023	90	90	527054744
694	405	1023	90	90	527054755
695	405	1023	90	90	527054776
696	406	1023	90	90	527054819
697	406	1023	90	90	527054841
697	407	1023	90	90	527054862
697	408	1023	90	90	527054873
697	409	1023	90	90	527054884
696	410	1023	90	90	527054895
696	411	1023	90	90	527054905
695	413	1023	90	90	527054916
695	415	1023	90	90	527054927
694	418	1023	90	90	527054938
694	421	1023	90	90	527054948
693	424	1023	90	90	527054959
693	428	1023	90	90	527054970
692	432	1023	90	90	527054981
692	436	1023	90	90	527054991
691	441	1023	90	90	527055002
691	446	1023	90	90	527055013
690	451	1023	90	90	527055024
690	456	1023	90	90	527055034
689	462	1023	90	90	527055045
689	468	1023	90	90	527055056
688	474	1023	90	90	527055067
688	480	1023	90	90	527055077
687	486	1023	90	90	527055088
687	492	1023	90	90	527055099
686	497	1023	90	90	527055110
686	503	1023	90	90	527055120
686	509	1023	90	90	527055131
685	515	1023	90	90	527055142
685	520	1023	90	90	527055153
684	526	1023	90	90	527055163
684	530	1023	90	90	527055174
684	535	1023	90	90	527055185
684	539	1023	90	90	527055196
684	543	1023	90	90	527055206
684	546	1023	90	90	527055217
685	549	1023	90	90	527055228
685	552	1023	90	90	527055239
685	554	1023	90	90	527055249
685	556	1023	90	90	527055260
685	558	1023	90	90	527055271
686	559	1023	90	90	527055282
686	561	1023	90	90	527055292
686	562	1023	90	90	527055303
687	563	1023	90	90	527055335
687	564	1023	90	90	527055368
686	564	1023	90	90	527055389
685	564	1023	90	90	527055400
684	565	1023	90	90	527055411
683	565	1023	90	90	527055421
682	565	1023	90	90	527055432
681	565	1023	90	90	527055443
679	565	1023	90	90	527055454
677	565	1023	90	90	527055464
675	565	1023	90	90	527055475
673	565	1023	90	90	527055486
670	565	1023	90	90	527055497
667	566	1023	90	90	527055507
664	566	1023	90	90	527055518
660	566	1023	90	90	527055529
656	566	1023	90	90	527055540
652	567	1023	90	90	527055550
647	567	1023	90	90	527055561
642	568	1023	90	90	527055572
637	568	1023	90	90	527055583
632	569	1023	90	90	527055593
626	570	1023	90	90	527055604
620	570	1023	90	90	527055615
614	571	1023	90	90	527055626
608	571	1023	90	90	527055636
601	572	1023	90	90	527055647
595	572	1023	90	90	527055658
588	573	1023	90	90	527055669
581	573	1023	90	90	527055679
574	574	1023	90	90	527055690
567	574	1023	90	90	527055701
559	575	1023	90	90	527055712
552	575	1023	90	90	527055722
544	575	1023	90	90	527055733
536	576	1023	90	90	527055744
529	576	1023	90	90	527055755
521	575	1023	90	90	527055765
513	575	1023	90	90	527055776
505	574	1023	90	90	527055787
497	574	1023	90	90	527055798
489	573	1023	90	90	527055808
481	572	1023	90	90	527055819
472	571	1023	90	90	527055830
464	571	1023	90	90	527055841
456	570	1023	90	90	527055851
448	569	1023	90	90	527055862
440	568	1023	90	90	527055873
431	567	1023	90	90	527055884
423	566	1023	90	90	527055894
416	565	1023	90	90	527055905
407	565	1023	90	90	527055916
400	564	1023	90	90	527055927
392	563	1023	90	90	527055938
384	562	1023	90	90	527055948
377	561	1023	90	90	527055959
369	561	1023	90	90	527055970
362	560	1023	90	90	527055981
355	559	1023	90	90	527055991
349	559	1023	90	90	527056002
342	558	1023	90	90	527056013
336	558	1023	90	90	527056024
329	557	1023	90	90	527056034
323	557	1023	90	90	527056045
317	557	1023	90	90	527056056
311	556	1023	90	90	527056067
305	556	1023	90	90	527056077
300	555	1023	90	90	527056088
295	555	1023	90	90	527056099
289	555	1023	90	90	527056110
284	555	1023	90	90	527056120
279	554	1023	90	90	527056131
274	554	1023	90	90	527056142
269	554	1023	90	90	527056153
265	554	1023	90	90	527056163
259	554	1023	90	90	527056174
255	554	1023	90	90	527056185
250	554	1023	90	90	527056196
244	555	1023	90	90	527056206
239	555	1023	90	90	527056217
234	556	1023	90	90	527056228
229	556	1023	90	90	527056239
225	557	1023	90	90	527056249
219	558	1023	90	90	527056260
215	558	1023	90	90	527056271
210	559	1023	90	90	527056282
206	560	1023	90	90	527056292
202	561	1023	90	90	527056303
197	561	1023	90	90	527056314
193	562	1023	90	90	527056325
190	563	1023	90	90	527056335
186	563	1023	90	90	527056346
183	564	1023	90	90	527056357
179	564	1023	90	90	527056368
176	564	1023	90	90	527056378
173	565	1023	90	90	527056389
171	565	1023	90	90	527056400
169	566	1023	90	90	527056411
167	566	1023	90	90	527056421
165	566	1023	90	90	527056432
163	566	1023	90	90	527056443
162	566	1023	90	90	527056454
160	566	1023	90	90	527056464
159	567	1023	90	90	527056475
158	567	1023	90	90	527056486
157	567	1023	90	90	527056507
156	567	1023	90	90	527056529
155	567	1023	90	90	527056550
154	567	1023	90	90	527056561
153	566	1023	90	90	527056572
151	566	1023	90	90	527056583
150	566	1023	90	90	527056593
149	566	1023	90	90	527056604
148	566	965	90	90	527056626
148	567	110	90	90	527056647
91
253	421	250	90	90	527058056
255	422	264	90	90	527058078
255	423	366	90	90	527058132
255	424	737	90	90	527058239
254	424	883	90	90	527058293
253	423	899	90	90	527058314
252	422	904	90	90	527058325
251	421	904	90	90	527058336
250	420	904	90	90	527058347
248	419	894	90	90	527058357
247	417	902	90	90	527058368
245	414	918	90	90	527058379
243	412	938	90	90	527058390
241	409	934	90	90	527058400
239	406	946	90	90	527058411
236	403	954	90	90	527058422
233	400	960	90	90	527058433
230	396	966	90	90	527058443
228	393	970	90	90	527058454
225	389	970	90	90	527058465
222	386	972	90	90	527058476
219	383	982	90	90	527058486
216	379	990	90	90	527058497
213	376	978	90	90	527058508
210	373	984	90	90	527058519
208	370	980	90	90	527058529
205	368	984	90	90	527058540
203	365	986	90	90	527058551
201	363	986	90	90	527058562
199	361	986	90	90	527058572
197	359	986	90	90	527058583
195	357	996	90	90	527058594
194	356	996	90	90	527058605
193	354	992	90	90	527058615
193	353	998	90	90	527058637
192	353	998	90	90	527058648
192	352	1013	90	90	527058680
193	352	1023	90	90	527058691
194	352	1023	90	90	527058701
196	352	1023	90	90	527058712
197	352	1023	90	90	527058723
200	352	1023	90	90	527058734
203	352	1023	90	90	527058744
206	353	1023	90	90	527058755
210	353	1023	90	90	527058766
214	353	1023	90	90	527058777
219	352	1023	90	90	527058787
225	352	1023	90	90	527058798
232	351	1023	90	90	527058809
238	350	1023	90	90	527058820
245	349	1023	90	90	527058830
252	349	1023	90	90	527058841
259	349	1023	90	90	527058852
267	349	1023	90	90	527058863
274	348	1023	90	90	527058873
281	348	1023	90	90	527058884
288	347	1023	90	90	527058895
294	346	1023	90	90	527058906
300	345	1023	90	90	527058916
306	345	1023	90	90	527058927
311	345	1023	90	90	527058938
315	345	1023	90	90	527058949
318	345	1023	90	90	527058959
321	345	1023	90	90	527058970
323	345	1023	90	90	527058981
324	345	1023	90	90	527058992
325	345	1023	90	90	527059013
325	346	1023	90	90	527059024
324	347	1023	90	90	527059035
323	348	1023	90	90	527059045
321	350	1023	90	90	527059056
319	353	1023	90	90	527059067
316	355	1023	90	90	527059078
313	358	1023	90	90	527059088
310	361	1023	90	90	527059099
306	364	1023	90	90	527059110
302	368	1023	90	90	527059121
298	372	1023	90	90	527059131
294	376	1023	90	90	527059142
290	381	1023	90	90	527059153
286	386	1023	90	90	527059164
281	390	1023	90	90	527059174
277	395	1023	90	90	527059185
273	400	1023	90	90	527059196
268	405	1023	90	90	527059207
264	410	1023	90	90	527059217
260	414	1023	90	90	527059228
256	419	1023	90	90	527059239
252	423	1023	90	90	527059250
248	426	1010	90	90	527059260
246	429	321	90	90	527059282
90
580	407	352	90	90	527060203
582	407	644	90	90	527060213
583	407	720	90	90	527060246
583	408	817	90	90	527060267
584	408	875	90	90	527060310
585	409	988	90	90	527060536
585	410	1023	90	90	527060547
585	411	1023	90	90	527060579
585	412	1023	90	90	527060665
584	412	1023	90	90	527060676
584	411	1023	90	90	527060686
583	410	1023	90	90	527060697
582	409	1023	90	90	527060708
580	408	1023	90	90	527060719
579	406	1020	90	90	527060729
577	405	1020	90	90	527060740
575	402	1020	90	90	527060751
573	400	1023	90	90	527060762
570	398	1023	90	90	527060772
567	395	1023	90	90	527060783
564	392	1023	90	90	527060794
561	389	1023	90	90	527060805
558	386	1023	90	90	527060815
555	383	1010	90	90	527060826
552	380	1010	90	90	527060837
549	377	1014	90	90	527060848
545	373	1014	90	90	527060858
542	370	1016	90	90	527060869
538	366	1023	90	90	527060880
535	363	1016	90	90	527060891
532	360	1004	90	90	527060901
529	357	1004	90	90	527060912
526	354	1010	90	90	527060923
523	351	1014	90	90	527060934
520	349	1014	90	90	527060944
518	347	1014	90	90	527060955
515	345	1004	90	90	527060966
514	342	996	90	90	527060977
512	341	996	90	90	527060987
510	339	996	90	90	527060998
509	337	996	90	90	527061009
509	336	998	90	90	527061020
508	335	998	90	90	527061030
508	334	998	90	90	527061041
508	333	998	90	90	527061052
508	332	1002	90	90	527061063
509	331	1008	90	90	527061073
509	330	1016	90	90	527061084
511	329	1020	90	90	527061095
512	328	1023	90	90	527061106
514	327	1023	90	90	527061116
517	327	1023	90	90	527061127
520	326	1023	90	90	527061138
524	325	1023	90	90	527061149
529	325	1023	90	90	527061159
534	324	1023	90	90	527061170
539	323	1023	90	90	527061181
546	322	1023	90	90	527061192
553	322	1023	90	90	527061202
560	321	1023	90	90	527061213
568	321	1023	90	90	527061224
576	321	1023	90	90	527061235
584	321	1023	90	90	527061245
592	321	1023	90	90	527061256
599	321	1023	90	90	527061267
607	322	1023	90	90	527061278
615	322	1023	90	90	527061288
622	322	1023	90	90	527061299
629	322	1023	90	90	527061310
636	322	1023	90	90	527061321
641	322	1023	90	90	527061331
645	322	1023	90	90	527061342
649	323	1023	90	90	527061353
652	324	1023	90	90	527061364
654	325	1023	90	90	527061374
655	326	1023	90	90	527061385
656	327	1023	90	90	527061396
655	329	1023	90	90	527061407
654	332	1023	90	90	527061417
652	335	1023	90	90	527061428
648	340	1023	90	90	527061439
644	345	1023	90	90	527061450
639	351	1023	90	90	527061460
633	358	1023	90	90	527061471
627	365	1023	90	90	527061482
620	373	1023	90	90	527061493
612	381	1023	90	90	527061503
605	388	1023	90	90	527061514
598	395	996	90	90	527061525
591	400	184	90	90	527061547
4
1
240	503	0	90	90	527240135
235
110	544	876	90	90	527240728
112	544	936	90	90	527240793
112	543	976	90	90	527240804
111	542	1004	90	90	527240814
111	541	1023	90	90	527240825
110	540	1023	90	90	527240836
110	538	1023	90	90	527240847
110	536	1023	90	90	527240857
110	533	1023	90	90	527240868
110	530	1023	90	90	527240879
110	526	1023	90	90	527240890
111	521	1023	90	90	527240900
111	517	1023	90	90	527240911
112	512	1023	90	90	527240922
112	505	1023	90	90	527240933
113	499	1023	90	90	527240943
114	492	1023	90	90	527240954
115	485	1023	90	90	527240965
116	478	1023	90	90	527240976
117	471	1023	90	90	527240986
118	464	1023	90	90	527240997
119	457	1023	90	90	527241008
119	450	1023	90	90	527241019
120	444	1023	90	90	527241029
121	438	1023	90	90	527241040
121	433	1023	90	90	527241051
121	428	1023	90	90	527241062
122	423	1023	90	90	527241072
122	419	1023	90	90	527241083
122	416	1023	90	90	527241094
123	413	1023	90	90	527241105
123	411	1023	90	90	527241115
123	410	1023	90	90	527241126
123	409	1023	90	90	527241169
123	408	1023	90	90	527241234
124	409	1023	90	90	527241244
125	409	1023	90	90	527241266
127	410	1023	90	90	527241277
128	410	1023	90	90	527241287
130	411	1023	90	90	527241298
133	411	1023	90	90	527241309
136	411	1023	90	90	527241320
140	412	1023	90	90	527241330
143	412	1023	90	90	527241341
147	413	1023	90	90	527241352
152	413	1023	90	90	527241363
158	413	1023	90	90	527241373
164	413	1023	90	90	527241384
171	414	1023	90	90	527241395
179	414	1023	90	90	527241406
187	414	1023	90	90	527241416
195	414	1023	90	90	527241427
204	414	1023	90	90	527241438
214	414	1023	90	90	527241449
223	414	1023	90	90	527241459
234	415	1023	90	90	527241470
245	415	1023	90	90	527241481
256	416	1023	90	90	527241492
268	416	1023	90	90	527241502
280	417	1023	90	90	527241513
292	417	1023	90	90	527241524
305	417	1023	90	90	527241535
317	417	1023	90	90	527241545
330	417	1023	90	90	527241556
343	417	1023	90	90	527241567
356	417	1023	90	90	527241578
369	417	1023	90	90	527241588
383	417	1023	90	90	527241599
396	416	1023	90	90	527241610
409	416	1023	90	90	527241621
422	415	1023	90	90	527241631
435	415	1023	90	90	527241642
448	414	1023	90	90	527241653
461	414	1023	90	90	527241664
474	413	1023	90	90	527241674
486	412	1023	90	90	527241685
499	411	1023	90	90	527241696
512	410	1023	90	90	527241707
524	409	1023	90	90	527241717
535	409	1023	90	90	527241728
547	408	1023	90	90	527241739
558	407	1023	90	90	527241750
569	407	1023	90	90	527241760
580	406	1023	90	90	527241771
590	405	1023	90	90	527241782
600	404	1023	90	90	527241793
610	404	1023	90	90	527241803
619	403	1023	90	90	527241814
628	403	1023	90	90	527241825
637	402	1023	90	90	527241836
644	402	1023	90	90	527241846
652	402	1023	90	90	527241857
658	402	1023	90	90	527241868
664	401	1023	90	90	527241879
670	400	1023	90	90	527241889
675	400	1023	90	90	527241900
679	400	1023	90	90	527241911
683	400	1023	90	90	527241922
686	399	1023	90	90	527241932
688	399	1023	90	90	527241943
690	399	1023	90	90	527241954
692	399	1023	90	90	527241975
693	399	1023	90	90	527241986
693	400	1023	90	90	527241997
693	401	1023	90	90	527242008
692	402	1023	90	90	527242018
692	403	1023	90	90	527242029
691	405	1023	90	90	527242040
690	408	1023	90	90	527242051
690	410	1023	90	90	527242062
689	413	1023	90	90	527242072
688	416	1023	90	90	527242083
687	420	1023	90	90	527242094
686	424	1023	90	90	527242105
685	428	1023	90	90	527242115
684	433	1023	90	90	527242126
683	439	1023	90	90	527242137
681	446	1023	90	90	527242148
679	453	1023	90	90	527242158
678	460	1023	90	90	527242169
676	467	1023	90	90	527242180
674	475	1023	90	90	527242191
673	483	1023	90	90	527242201
672	491	1023	90	90	527242212
670	500	1023	90	90	527242223
669	508	1023	90	90	527242234
668	516	1023	90	90	527242244
667	524	1023	90	90	527242255
666	531	1023	90	90	527242266
665	538	1023	90	90	527242277
664	544	1023	90	90	527242287
663	549	1023	90	90	527242298
663	554	1023	90	90	527242309
662	557	1023	90	90	527242320
662	561	1023	90	90	527242330
661	563	1023	90	90	527242341
661	566	1023	90	90	527242352
660	568	1023	90	90	527242363
660	569	1023	90	90	527242373
659	570	1023	90	90	527242384
659	571	1023	90	90	527242395
658	571	1023	90	90	527242406
657	571	1023	90	90	527242416
656	571	1023	90	90	527242427
654	571	1023	90	90	527242438
652	572	1023	90	90	527242449
648	572	1023	90	90	527242459
645	572	1023	90	90	527242470
641	572	1023	90	90	527242481
637	572	1023	90	90	527242492
631	572	1023	90	90	527242502
626	572	1023	90	90	527242513
620	572	1023	90	90	527242524
613	572	1023	90	90	527242535
605	572	1023	90	90	527242545
597	572	1023	90	90	527242556
589	572	1023	90	90	527242567
579	571	1023	90	90	527242578
570	571	1023	90	90	527242588
559	571	1023	90	90	527242599
548	571	1023	90	90	527242610
537	571	1023	90	90	527242621
525	571	1023	90	90	527242631
513	571	1023	90	90	527242642
500	571	1023	90	90	527242653
486	572	1023	90	90	527242664
472	572	1023	90	90	527242674
458	573	1023	90	90	527242685
443	574	1023	90	90	527242696
429	574	1023	90	90	527242707
414	574	1023	90	90	527242717
399	574	1023	90	90	527242728
385	575	1023	90	90	527242739
370	575	1023	90	90	527242750
355	575	1023	90	90	527242760
341	575	1023	90	90	527242771
327	575	1023	90	90	527242782
313	575	1023	90	90	527242793
299	574	1023	90	90	527242803
286	574	1023	90	90	527242814
273	574	1023	90	90	527242825
260	574	1023	90	90	527242836
248	574	1023	90	90	527242846
236	574	1023	90	90	527242857
225	574	1023	90	90	527242868
215	574	1023	90	90	527242879
205	574	1023	90	90	527242889
197	574	1023	90	90	527242900
189	574	1023	90	90	527242911
182	574	1023	90	90	527242922
175	574	1023	90	90	527242932
169	574	1023	90	90	527242943
164	574	1023	90	90	527242954
159	573	1023	90	90	527242965
155	573	1023	90	90	527242975
151	573	1023	90	90	527242986
147	572	1023	90	90	527242997
144	572	1023	90	90	527243008
142	572	1023	90	90	527243018
139	572	1023	90	90	527243029
137	572	1023	90	90	527243040
134	572	1023	90	90	527243051
132	572	1023	90	90	527243061
130	572	1023	90	90	527243072
128	572	1023	90	90	527243083
126	572	1023	90	90	527243094
125	572	1023	90	90	527243104
124	572	1023	90	90	527243115
123	572	1023	90	90	527243126
122	572	1023	90	90	527243137
121	572	1023	90	90	527243147
120	572	1023	90	90	527243158
119	572	1023	90	90	527243169
118	572	1023	90	90	527243180
116	572	1023	90	90	527243190
115	571	1023	90	90	527243201
114	571	1023	90	90	527243212
113	571	1023	90	90	527243223
112	570	1023	90	90	527243233
110	570	1023	90	90	527243244
109	570	1023	90	90	527243255
108	570	1023	90	90	527243266
107	569	1023	90	90	527243276
106	569	1023	90	90	527243287
105	568	1023	90	90	527243309
104	568	1023	90	90	527243330
103	567	1023	90	90	527243362
103	566	1023	90	90	527243427
103	565	1023	90	90	527243438
103	562	1023	90	90	527243449
103	559	1023	90	90	527243459
104	554	1023	90	90	527243470
105	548	1023	90	90	527243481
106	542	1023	90	90	527243492
107	538	347	90	90	527243513
73
195	418	608	90	90	527244390
197	417	676	90	90	527244400
197	416	715	90	90	527244433
197	415	758	90	90	527244443
196	414	778	90	90	527244454
195	413	804	90	90	527244465
193	411	820	90	90	527244476
191	409	862	90	90	527244486
189	407	874	90	90	527244497
186	403	890	90	90	527244508
184	399	904	90	90	527244519
181	395	894	90	90	527244529
177	389	908	90	90	527244540
174	384	912	90	90	527244551
170	378	908	90	90	527244562
167	371	914	90	90	527244572
163	365	924	90	90	527244583
160	358	936	90	90	527244594
156	352	932	90	90	527244605
153	346	948	90	90	527244615
149	341	952	90	90	527244626
146	337	948	90	90	527244637
143	333	954	90	90	527244648
140	329	960	90	90	527244658
137	326	960	90	90	527244669
135	323	970	90	90	527244680
133	321	976	90	90	527244691
132	319	976	90	90	527244701
131	317	978	90	90	527244712
131	316	982	90	90	527244723
131	315	988	90	90	527244734
131	314	976	90	90	527244744
132	313	984	90	90	527244755
134	312	992	90	90	527244766
137	311	996	90	90	527244777
141	311	998	90	90	527244787
146	311	998	90	90	527244798
152	311	998	90	90	527244809
159	311	1004	90	90	527244820
167	311	1008	90	90	527244830
177	311	1008	90	90	527244841
187	311	1008	90	90	527244852
199	311	1010	90	90	527244863
211	310	1020	90	90	527244873
224	309	1023	90	90	527244884
236	308	1023	90	90	527244895
248	307	1023	90	90	527244906
259	305	1023	90	90	527244916
269	304	1023	90	90	527244927
277	303	1023	90	90	527244938
284	302	1023	90	90	527244949
289	302	1023	90	90	527244959
292	302	1023	90	90	527244970
294	302	1023	90	90	527244981
294	303	1023	90	90	527244992
293	305	1023	90	90	527245002
291	308	1023	90	90	527245013
287	311	1023	90	90	527245024
283	315	1023	90	90	527245035
278	320	1023	90	90	527245045
272	326	1023	90	90	527245056
265	333	1023	90	90	527245067
257	340	1023	90	90	527245078
250	348	1023	90	90	527245088
242	357	1023	90	90	527245099
234	366	1023	90	90	527245110
226	374	1023	90	90	527245121
218	382	1023	90	90	527245131
211	389	1023	90	90	527245142
204	396	1023	90	90	527245153
198	403	1010	90	90	527245164
192	410	964	90	90	527245174
186	416	335	90	90	527245196
60
593	408	540	90	90	527245984
597	408	658	90	90	527245994
598	407	650	90	90	527246005
598	406	676	90	90	527246016
598	405	724	90	90	527246027
598	404	750	90	90	527246037
598	403	788	90	90	527246048
596	401	814	90	90	527246059
595	399	832	90	90	527246070
593	397	856	90	90	527246080
590	393	892	90	90	527246091
587	389	892	90	90	527246102
583	385	900	90	90	527246113
579	380	914	90	90	527246123
575	373	924	90	90	527246134
571	367	936	90	90	527246145
565	361	942	90	90	527246156
560	355	934	90	90	527246166
555	348	936	90	90	527246177
550	342	934	90	90	527246188
545	335	934	90	90	527246199
540	329	936	90	90	527246209
536	324	934	90	90	527246220
533	319	934	90	90	527246231
530	314	940	90	90	527246242
528	311	940	90	90	527246252
528	307	948	90	90	527246263
528	305	964	90	90	527246274
530	303	984	90	90	527246285
533	302	980	90	90	527246295
537	301	986	90	90	527246306
544	300	998	90	90	527246317
551	299	1014	90	90	527246328
559	299	1020	90	90	527246338
568	299	1023	90	90	527246349
578	298	1023	90	90	527246360
589	297	1023	90	90	527246371
600	297	1023	90	90	527246381
611	296	1023	90	90	527246392
623	295	1023	90	90	527246403
633	294	1023	90	90	527246414
643	294	1023	90	90	527246424
653	294	1023	90	90	527246435
660	294	1023	90	90	527246446
667	295	1023	90	90	527246457
672	296	1023	90	90	527246467
675	298	1023	90	90	527246478
676	301	1023	90	90	527246489
676	304	1023	90	90	527246500
674	309	1023	90	90	527246510
670	314	1023	90	90	527246521
665	320	1023	90	90	527246532
659	328	1023	90	90	527246543
652	336	1023	90	90	527246553
644	345	1023	90	90	527246564
635	355	1023	90	90	527246575
626	364	1023	90	90	527246586
617	374	1023	90	90	527246596
608	383	886	90	90	527246607
600	391	89	90	90	527246629
