7
1
272	532	0	90	90	423335947
51
276	533	845	90	90	423336067
275	533	942	90	90	423336078
274	534	958	90	90	423336089
273	534	976	90	90	423336099
270	534	1014	90	90	423336110
268	534	1023	90	90	423336121
264	534	1023	90	90	423336132
260	534	1023	90	90	423336142
255	534	1023	90	90	423336153
250	533	1023	90	90	423336164
244	531	1023	90	90	423336175
238	530	1023	90	90	423336185
230	528	1023	90	90	423336196
222	526	1023	90	90	423336207
213	523	1023	90	90	423336218
204	521	1023	90	90	423336228
194	517	1023	90	90	423336239
183	513	1023	90	90	423336250
173	508	1023	90	90	423336261
162	502	1023	90	90	423336271
152	495	1023	90	90	423336282
142	488	1023	90	90	423336293
132	480	1023	90	90	423336304
123	471	1023	90	90	423336314
115	462	1023	90	90	423336325
107	452	1023	90	90	423336336
102	442	1023	90	90	423336347
99	431	1023	90	90	423336357
97	421	1023	90	90	423336368
96	411	1023	90	90	423336379
97	401	1023	90	90	423336390
100	391	1023	90	90	423336400
105	382	1023	90	90	423336411
111	374	1023	90	90	423336422
119	365	1023	90	90	423336433
129	357	1023	90	90	423336443
141	350	1023	90	90	423336454
153	344	1023	90	90	423336465
165	339	1023	90	90	423336476
178	334	1023	90	90	423336486
191	331	1023	90	90	423336497
204	329	1023	90	90	423336508
216	328	1023	90	90	423336519
228	328	1023	90	90	423336529
238	328	1023	90	90	423336540
247	328	1023	90	90	423336551
254	327	1023	90	90	423336562
260	327	1023	90	90	423336572
263	327	1023	90	90	423336583
264	328	1023	90	90	423336594
265	331	138	90	90	423336615
55
261	329	534	90	90	423337484
260	327	782	90	90	423337494
261	326	761	90	90	423337516
261	325	973	90	90	423337580
262	325	1023	90	90	423337602
263	325	1023	90	90	423337613
265	324	1023	90	90	423337623
267	323	1023	90	90	423337634
269	323	1023	90	90	423337645
272	322	1023	90	90	423337656
275	322	1023	90	90	423337666
280	321	1023	90	90	423337677
284	320	1023	90	90	423337688
289	319	1023	90	90	423337699
294	318	1023	90	90	423337709
300	317	1023	90	90	423337720
308	316	1023	90	90	423337731
315	315	1023	90	90	423337742
324	315	1023	90	90	423337752
334	314	1023	90	90	423337763
344	314	1023	90	90	423337774
355	314	1023	90	90	423337785
367	313	1023	90	90	423337795
380	313	1023	90	90	423337806
394	313	1023	90	90	423337817
408	313	1023	90	90	423337828
423	313	1023	90	90	423337838
440	313	1023	90	90	423337849
457	313	1023	90	90	423337860
474	313	1023	90	90	423337871
491	313	1023	90	90	423337881
509	313	1023	90	90	423337892
528	313	1023	90	90	423337903
548	313	1023	90	90	423337914
568	313	1023	90	90	423337924
588	313	1023	90	90	423337935
609	312	1023	90	90	423337946
629	311	1023	90	90	423337957
651	311	1023	90	90	423337967
672	310	1023	90	90	423337978
692	309	1023	90	90	423337989
713	308	1023	90	90	423338000
732	307	1023	90	90	423338010
751	306	1023	90	90	423338021
768	305	1023	90	90	423338032
784	305	1023	90	90	423338043
800	304	1023	90	90	423338053
813	303	1023	90	90	423338064
825	303	1023	90	90	423338075
834	302	1023	90	90	423338086
841	302	1023	90	90	423338096
847	303	1023	90	90	423338107
850	304	1023	90	90	423338118
852	306	1023	90	90	423338129
854	308	247	90	90	423338150
52
829	313	496	90	90	423338734
831	311	946	90	90	423338744
833	310	938	90	90	423338755
835	308	948	90	90	423338766
837	308	970	90	90	423338777
839	307	976	90	90	423338787
841	306	992	90	90	423338798
845	305	1016	90	90	423338809
848	304	1023	90	90	423338820
852	304	1023	90	90	423338830
857	303	1023	90	90	423338841
863	303	1023	90	90	423338852
869	303	1023	90	90	423338863
875	303	1023	90	90	423338873
882	304	1023	90	90	423338884
889	305	1023	90	90	423338895
897	307	1023	90	90	423338906
904	310	1023	90	90	423338916
911	313	1023	90	90	423338927
918	317	1023	90	90	423338938
925	322	1023	90	90	423338949
932	329	1023	90	90	423338959
938	336	1023	90	90	423338970
944	344	1023	90	90	423338981
949	354	1023	90	90	423338992
953	364	1023	90	90	423339002
955	375	1023	90	90	423339013
957	386	1023	90	90	423339024
957	397	1023	90	90	423339035
956	409	1023	90	90	423339045
954	419	1023	90	90	423339056
950	430	1023	90	90	423339067
944	440	1023	90	90	423339078
937	449	1023	90	90	423339088
929	457	1023	90	90	423339099
918	464	1023	90	90	423339110
907	469	1023	90	90	423339121
895	473	1023	90	90	423339131
883	477	1023	90	90	423339142
871	479	1023	90	90	423339153
859	481	1023	90	90	423339164
847	484	1023	90	90	423339174
834	486	1023	90	90	423339185
823	488	1023	90	90	423339196
813	490	1023	90	90	423339207
803	492	1023	90	90	423339217
795	493	1023	90	90	423339228
789	494	1023	90	90	423339239
784	495	1023	90	90	423339250
780	497	1023	90	90	423339260
778	497	1023	90	90	423339271
777	498	465	90	90	423339303
68
262	524	750	90	90	423340140
263	524	880	90	90	423340150
264	524	782	90	90	423340161
265	524	959	90	90	423340226
266	524	1023	90	90	423340236
267	524	1023	90	90	423340247
268	524	1023	90	90	423340258
270	524	1023	90	90	423340269
273	524	1023	90	90	423340279
276	525	1023	90	90	423340290
280	525	1023	90	90	423340301
284	525	1023	90	90	423340312
289	525	1023	90	90	423340322
295	525	1023	90	90	423340333
302	524	1023	90	90	423340344
309	523	1023	90	90	423340355
317	523	1023	90	90	423340365
325	522	1023	90	90	423340376
335	521	1023	90	90	423340387
344	521	1023	90	90	423340398
355	520	1023	90	90	423340408
365	520	1023	90	90	423340419
376	519	1023	90	90	423340430
388	519	1023	90	90	423340441
399	519	1023	90	90	423340451
411	518	1023	90	90	423340462
423	518	1023	90	90	423340473
435	518	1023	90	90	423340484
447	518	1023	90	90	423340494
460	518	1023	90	90	423340505
472	519	1023	90	90	423340516
484	519	1023	90	90	423340527
497	519	1023	90	90	423340537
509	519	1023	90	90	423340548
521	518	1023	90	90	423340559
534	518	1023	90	90	423340570
546	517	1023	90	90	423340580
558	517	1023	90	90	423340591
570	517	1023	90	90	423340602
582	516	1023	90	90	423340613
595	515	1023	90	90	423340623
607	514	1023	90	90	423340634
620	514	1023	90	90	423340645
632	513	1023	90	90	423340656
644	511	1023	90	90	423340666
657	510	1023	90	90	423340677
669	510	1023	90	90	423340688
682	509	1023	90	90	423340699
694	508	1023	90	90	423340709
706	508	1023	90	90	423340720
718	507	1023	90	90	423340731
730	506	1023	90	90	423340742
741	505	1023	90	90	423340752
753	503	1023	90	90	423340763
765	502	1023	90	90	423340774
777	500	1023	90	90	423340785
788	499	1023	90	90	423340795
798	497	1023	90	90	423340806
809	496	1023	90	90	423340817
818	495	1023	90	90	423340828
826	494	1023	90	90	423340838
833	493	1023	90	90	423340849
838	492	1023	90	90	423340860
841	492	1023	90	90	423340871
843	492	1023	90	90	423340881
845	492	1023	90	90	423340892
845	493	1023	90	90	423340903
845	494	296	90	90	423340924
41
285	474	568	90	90	423341921
283	474	944	90	90	423341931
282	474	906	90	90	423341942
279	474	918	90	90	423341953
275	474	966	90	90	423341964
271	473	998	90	90	423341974
265	473	1023	90	90	423341985
258	472	1023	90	90	423341996
251	470	1023	90	90	423342007
243	467	1023	90	90	423342017
235	462	1023	90	90	423342028
228	456	1023	90	90	423342039
220	449	1023	90	90	423342050
213	441	1023	90	90	423342060
208	432	1023	90	90	423342071
205	423	1023	90	90	423342082
204	413	1023	90	90	423342093
204	404	1023	90	90	423342103
206	395	1023	90	90	423342114
211	387	1023	90	90	423342125
217	380	1023	90	90	423342136
225	373	1023	90	90	423342146
234	369	1023	90	90	423342157
245	366	1023	90	90	423342168
257	366	1023	90	90	423342179
268	367	1023	90	90	423342189
278	370	1023	90	90	423342200
288	376	1023	90	90	423342211
297	383	1023	90	90	423342222
303	391	1023	90	90	423342232
308	401	1023	90	90	423342243
311	411	1023	90	90	423342254
311	422	1023	90	90	423342265
308	432	1023	90	90	423342275
303	441	1023	90	90	423342286
297	449	1023	90	90	423342297
288	455	1023	90	90	423342308
279	460	1023	90	90	423342318
269	463	1023	90	90	423342329
260	467	926	90	90	423342340
252	470	89	90	90	423342361
32
868	445	986	90	90	423343140
865	445	958	90	90	423343150
861	443	934	90	90	423343161
855	441	976	90	90	423343172
848	440	1002	90	90	423343183
839	439	1023	90	90	423343193
829	438	1023	90	90	423343204
817	435	1023	90	90	423343215
805	431	1023	90	90	423343226
794	426	1023	90	90	423343236
784	418	1023	90	90	423343247
777	409	1023	90	90	423343258
772	399	1023	90	90	423343269
770	389	1023	90	90	423343279
771	378	1023	90	90	423343290
775	368	1023	90	90	423343301
782	359	1023	90	90	423343312
792	352	1023	90	90	423343322
805	347	1023	90	90	423343333
819	344	1023	90	90	423343344
833	344	1023	90	90	423343355
846	345	1023	90	90	423343365
858	349	1023	90	90	423343376
868	355	1023	90	90	423343387
876	364	1023	90	90	423343398
880	376	1023	90	90	423343408
882	389	1023	90	90	423343419
881	403	1023	90	90	423343430
877	417	1023	90	90	423343441
869	430	1023	90	90	423343451
858	440	1023	90	90	423343462
844	448	193	90	90	423343484
4
1
347	517	0	90	90	526834588
191
384	503	756	90	90	526834822
379	501	752	90	90	526834833
377	500	782	90	90	526834844
374	500	814	90	90	526834855
370	500	838	90	90	526834865
366	500	862	90	90	526834876
362	500	890	90	90	526834887
357	501	892	90	90	526834898
353	501	914	90	90	526834908
348	501	938	90	90	526834919
342	501	936	90	90	526834930
337	501	954	90	90	526834941
330	501	970	90	90	526834951
324	500	982	90	90	526834962
317	500	976	90	90	526834973
311	499	992	90	90	526834984
303	499	1004	90	90	526834994
296	498	1014	90	90	526835005
288	497	1023	90	90	526835016
280	497	1023	90	90	526835027
271	496	1023	90	90	526835037
262	495	1023	90	90	526835048
253	494	1023	90	90	526835059
244	492	1023	90	90	526835070
235	491	1023	90	90	526835080
226	490	1023	90	90	526835091
216	488	1023	90	90	526835102
207	486	1023	90	90	526835113
197	485	1023	90	90	526835123
188	483	1023	90	90	526835134
179	481	1023	90	90	526835145
170	479	1023	90	90	526835156
162	477	1023	90	90	526835166
154	474	1023	90	90	526835177
146	471	1023	90	90	526835188
139	468	1023	90	90	526835199
132	464	1023	90	90	526835209
125	460	1023	90	90	526835220
120	455	1023	90	90	526835231
115	451	1023	90	90	526835242
110	446	1023	90	90	526835252
106	440	1023	90	90	526835263
103	435	1023	90	90	526835274
100	430	1023	90	90	526835285
99	424	1023	90	90	526835295
97	418	1023	90	90	526835306
96	411	1023	90	90	526835317
96	406	1023	90	90	526835328
96	399	1023	90	90	526835338
97	393	1023	90	90	526835349
98	388	1023	90	90	526835360
100	383	1023	90	90	526835371
102	377	1023	90	90	526835381
104	372	1023	90	90	526835392
108	367	1023	90	90	526835403
111	362	1023	90	90	526835414
115	358	1023	90	90	526835424
119	354	1023	90	90	526835435
124	351	1023	90	90	526835446
128	347	1023	90	90	526835457
134	345	1023	90	90	526835467
139	342	1023	90	90	526835478
145	340	1023	90	90	526835489
151	338	1023	90	90	526835500
158	336	1023	90	90	526835510
164	334	1023	90	90	526835521
171	332	1023	90	90	526835532
178	330	1023	90	90	526835543
185	329	1023	90	90	526835553
192	329	1023	90	90	526835564
200	328	1023	90	90	526835575
207	327	1023	90	90	526835586
215	327	1023	90	90	526835596
223	327	1023	90	90	526835607
231	327	1023	90	90	526835618
239	327	1023	90	90	526835629
248	327	1023	90	90	526835639
256	327	1023	90	90	526835650
265	327	1023	90	90	526835661
273	328	1023	90	90	526835672
282	328	1023	90	90	526835682
291	328	1023	90	90	526835693
301	328	1023	90	90	526835704
310	329	1023	90	90	526835715
320	329	1023	90	90	526835725
329	329	1023	90	90	526835736
339	329	1023	90	90	526835747
349	329	1023	90	90	526835758
359	330	1023	90	90	526835768
369	331	1023	90	90	526835779
380	332	1023	90	90	526835790
390	332	1023	90	90	526835801
401	332	1023	90	90	526835811
411	333	1023	90	90	526835822
422	333	1023	90	90	526835833
433	334	1023	90	90	526835844
443	334	1023	90	90	526835854
454	335	1023	90	90	526835865
465	335	1023	90	90	526835876
476	336	1023	90	90	526835887
488	336	1023	90	90	526835897
499	337	1023	90	90	526835908
510	337	1023	90	90	526835919
522	338	1023	90	90	526835930
533	338	1023	90	90	526835940
545	339	1023	90	90	526835951
556	339	1023	90	90	526835962
567	340	1023	90	90	526835973
578	340	1023	90	90	526835983
589	341	1023	90	90	526835994
600	341	1023	90	90	526836005
611	341	1023	90	90	526836016
622	341	1023	90	90	526836026
633	341	1023	90	90	526836037
644	341	1023	90	90	526836048
654	341	1023	90	90	526836059
664	341	1023	90	90	526836069
674	340	1023	90	90	526836080
684	340	1023	90	90	526836091
693	340	1023	90	90	526836102
702	340	1023	90	90	526836112
710	340	1023	90	90	526836123
718	341	1023	90	90	526836134
725	342	1023	90	90	526836145
732	343	1023	90	90	526836156
738	345	1023	90	90	526836166
743	348	1023	90	90	526836177
747	351	1023	90	90	526836188
750	354	1023	90	90	526836199
753	358	1023	90	90	526836209
755	362	1023	90	90	526836220
756	367	1023	90	90	526836231
756	372	1023	90	90	526836242
756	377	1023	90	90	526836252
754	382	1023	90	90	526836263
753	387	1023	90	90	526836274
751	392	1023	90	90	526836285
748	397	1023	90	90	526836295
745	402	1023	90	90	526836306
742	406	1023	90	90	526836317
737	410	1023	90	90	526836328
733	414	1023	90	90	526836338
728	418	1023	90	90	526836349
723	421	1023	90	90	526836360
717	425	1023	90	90	526836371
711	428	1023	90	90	526836381
705	431	1023	90	90	526836392
698	434	1023	90	90	526836403
691	436	1023	90	90	526836414
684	439	1023	90	90	526836424
676	442	1023	90	90	526836435
668	445	1023	90	90	526836446
659	448	1023	90	90	526836457
651	451	1023	90	90	526836467
642	453	1023	90	90	526836478
633	456	1023	90	90	526836489
624	458	1023	90	90	526836500
614	461	1023	90	90	526836510
605	463	1023	90	90	526836521
595	465	1023	90	90	526836532
585	467	1023	90	90	526836543
575	468	1023	90	90	526836553
565	469	1023	90	90	526836564
554	471	1023	90	90	526836575
544	472	1023	90	90	526836586
533	473	1023	90	90	526836596
523	474	1023	90	90	526836607
512	475	1023	90	90	526836618
501	476	1023	90	90	526836629
490	477	1023	90	90	526836639
478	478	1023	90	90	526836650
467	479	1023	90	90	526836661
456	480	1023	90	90	526836672
445	481	1023	90	90	526836682
433	482	1023	90	90	526836693
423	483	1023	90	90	526836704
412	484	1023	90	90	526836715
403	484	1023	90	90	526836725
393	485	1023	90	90	526836736
384	486	1023	90	90	526836747
375	487	1023	90	90	526836758
367	488	1023	90	90	526836768
359	489	1023	90	90	526836779
353	490	1023	90	90	526836790
347	491	1023	90	90	526836801
342	491	1023	90	90	526836811
338	490	1023	90	90	526836822
335	489	1023	90	90	526836833
333	487	1023	90	90	526836844
330	486	948	90	90	526836854
328	485	125	90	90	526836876
39
218	432	687	90	90	526837494
223	436	830	90	90	526837505
223	437	832	90	90	526837516
222	438	848	90	90	526837527
220	438	866	90	90	526837537
218	438	878	90	90	526837548
214	438	908	90	90	526837559
210	437	908	90	90	526837570
205	435	930	90	90	526837580
200	431	948	90	90	526837591
196	427	948	90	90	526837602
191	421	970	90	90	526837613
187	414	990	90	90	526837623
184	407	992	90	90	526837634
182	400	1008	90	90	526837645
181	393	1023	90	90	526837656
181	386	1023	90	90	526837666
182	379	1023	90	90	526837677
184	373	1023	90	90	526837688
188	369	1023	90	90	526837699
193	366	1023	90	90	526837709
200	364	1023	90	90	526837720
207	363	1023	90	90	526837731
214	363	1023	90	90	526837742
222	365	1023	90	90	526837752
229	367	1023	90	90	526837763
236	371	1023	90	90	526837774
242	376	1023	90	90	526837785
247	381	1023	90	90	526837795
250	387	1023	90	90	526837806
252	394	1023	90	90	526837817
251	401	1023	90	90	526837828
248	409	1023	90	90	526837838
243	416	1023	90	90	526837849
236	423	1023	90	90	526837860
228	429	1023	90	90	526837871
219	434	1023	90	90	526837881
211	438	872	90	90	526837892
204	440	108	90	90	526837914
33
614	418	616	90	90	526838437
619	422	900	90	90	526838447
619	423	896	90	90	526838458
618	424	908	90	90	526838469
615	425	912	90	90	526838480
612	426	926	90	90	526838490
606	426	938	90	90	526838501
600	426	944	90	90	526838512
594	424	932	90	90	526838523
587	421	934	90	90	526838533
581	417	940	90	90	526838544
577	411	946	90	90	526838555
574	406	960	90	90	526838566
573	399	976	90	90	526838576
574	392	1020	90	90	526838587
577	386	1023	90	90	526838598
581	380	1023	90	90	526838609
587	375	1023	90	90	526838619
595	370	1023	90	90	526838630
603	368	1023	90	90	526838641
612	367	1023	90	90	526838652
622	367	1023	90	90	526838662
631	370	1023	90	90	526838673
639	374	1023	90	90	526838684
645	379	1023	90	90	526838695
649	385	1023	90	90	526838705
651	391	1023	90	90	526838716
651	398	1023	90	90	526838727
648	404	1023	90	90	526838738
643	409	1023	90	90	526838748
636	413	1023	90	90	526838759
628	417	984	90	90	526838770
619	420	285	90	90	526838791
4
1
504	334	0	90	90	526973119
314
501	312	404	90	90	526973437
501	310	415	90	90	526973512
501	311	590	90	90	526973533
501	312	664	90	90	526973544
502	313	708	90	90	526973555
502	314	748	90	90	526973566
502	316	778	90	90	526973576
502	317	804	90	90	526973587
502	319	816	90	90	526973598
502	321	836	90	90	526973609
502	324	850	90	90	526973619
502	327	860	90	90	526973630
503	330	856	90	90	526973641
503	333	872	90	90	526973652
503	336	886	90	90	526973662
503	340	896	90	90	526973673
503	344	892	90	90	526973684
504	348	902	90	90	526973695
504	353	908	90	90	526973705
504	358	912	90	90	526973716
504	363	912	90	90	526973727
504	369	914	90	90	526973738
504	375	918	90	90	526973748
504	381	920	90	90	526973759
504	388	930	90	90	526973770
504	394	936	90	90	526973781
504	400	938	90	90	526973791
504	407	936	90	90	526973802
504	413	936	90	90	526973813
504	419	944	90	90	526973824
505	425	944	90	90	526973834
505	432	932	90	90	526973845
505	439	940	90	90	526973856
505	446	946	90	90	526973867
506	453	952	90	90	526973877
506	460	952	90	90	526973888
507	466	954	90	90	526973899
507	473	958	90	90	526973910
508	479	954	90	90	526973920
508	485	954	90	90	526973931
508	492	958	90	90	526973942
508	498	954	90	90	526973953
509	504	958	90	90	526973963
509	511	960	90	90	526973974
509	517	960	90	90	526973985
509	523	954	90	90	526973996
509	530	952	90	90	526974006
509	535	952	90	90	526974017
509	541	960	90	90	526974028
509	547	970	90	90	526974039
509	552	970	90	90	526974049
509	557	966	90	90	526974060
509	563	972	90	90	526974071
509	568	982	90	90	526974082
509	574	982	90	90	526974092
509	579	984	90	90	526974103
508	585	984	90	90	526974114
508	590	990	90	90	526974125
507	596	990	90	90	526974135
507	601	988	90	90	526974146
507	605	982	90	90	526974157
506	610	982	90	90	526974168
506	615	978	90	90	526974178
505	619	978	90	90	526974189
505	624	984	90	90	526974200
504	628	978	90	90	526974211
503	632	976	90	90	526974221
502	636	976	90	90	526974232
501	640	972	90	90	526974243
500	643	970	90	90	526974254
499	646	966	90	90	526974264
497	649	964	90	90	526974275
496	651	958	90	90	526974286
495	654	952	90	90	526974297
493	656	952	90	90	526974307
492	658	954	90	90	526974318
490	661	954	90	90	526974329
488	663	954	90	90	526974340
486	664	954	90	90	526974350
484	666	958	90	90	526974361
482	667	960	90	90	526974372
480	669	960	90	90	526974383
477	670	958	90	90	526974393
475	671	960	90	90	526974404
473	672	958	90	90	526974415
470	674	952	90	90	526974426
468	675	954	90	90	526974436
466	676	958	90	90	526974447
464	677	958	90	90	526974458
461	678	954	90	90	526974469
459	679	954	90	90	526974479
456	679	954	90	90	526974490
454	680	954	90	90	526974501
451	681	954	90	90	526974512
449	682	958	90	90	526974522
446	682	960	90	90	526974533
444	683	964	90	90	526974544
442	683	960	90	90	526974555
440	683	964	90	90	526974565
437	683	964	90	90	526974576
435	683	966	90	90	526974587
433	683	966	90	90	526974598
431	683	964	90	90	526974608
429	682	964	90	90	526974619
426	682	964	90	90	526974630
424	681	966	90	90	526974641
423	681	970	90	90	526974651
421	680	970	90	90	526974662
419	679	966	90	90	526974673
417	677	966	90	90	526974684
415	675	970	90	90	526974694
414	674	976	90	90	526974705
412	672	976	90	90	526974716
410	670	976	90	90	526974727
409	668	978	90	90	526974737
407	666	966	90	90	526974748
406	664	948	90	90	526974759
405	661	948	90	90	526974770
403	659	948	90	90	526974781
402	656	948	90	90	526974791
400	654	954	90	90	526974802
399	651	958	90	90	526974813
398	648	964	90	90	526974824
396	646	966	90	90	526974834
395	643	960	90	90	526974845
394	641	952	90	90	526974856
392	638	958	90	90	526974867
391	635	958	90	90	526974877
390	631	960	90	90	526974888
388	628	960	90	90	526974899
387	625	964	90	90	526974910
386	622	958	90	90	526974920
385	619	948	90	90	526974931
384	615	952	90	90	526974942
383	611	952	90	90	526974953
382	607	960	90	90	526974963
382	603	960	90	90	526974974
381	599	954	90	90	526974985
381	594	954	90	90	526974996
380	589	964	90	90	526975006
380	585	970	90	90	526975017
379	580	966	90	90	526975028
379	575	960	90	90	526975039
379	570	966	90	90	526975049
378	565	970	90	90	526975060
378	560	964	90	90	526975071
378	554	960	90	90	526975082
378	549	960	90	90	526975092
378	543	964	90	90	526975103
378	537	960	90	90	526975114
379	531	958	90	90	526975125
379	525	960	90	90	526975135
380	519	966	90	90	526975146
380	513	966	90	90	526975157
380	506	964	90	90	526975168
380	500	966	90	90	526975178
380	494	966	90	90	526975189
380	488	964	90	90	526975200
380	481	964	90	90	526975211
381	475	966	90	90	526975221
381	469	966	90	90	526975232
381	462	966	90	90	526975243
381	455	972	90	90	526975254
382	449	972	90	90	526975264
382	442	966	90	90	526975275
382	435	966	90	90	526975286
383	429	972	90	90	526975297
384	422	978	90	90	526975307
384	415	978	90	90	526975318
384	409	988	90	90	526975329
384	403	994	90	90	526975340
385	396	994	90	90	526975350
385	390	978	90	90	526975361
386	384	978	90	90	526975372
386	377	994	90	90	526975383
387	370	994	90	90	526975393
387	364	978	90	90	526975404
388	357	980	90	90	526975415
389	350	980	90	90	526975426
389	343	978	90	90	526975436
390	336	978	90	90	526975447
391	329	978	90	90	526975458
392	322	984	90	90	526975469
392	315	992	90	90	526975479
393	308	996	90	90	526975490
393	302	996	90	90	526975501
393	296	986	90	90	526975512
393	290	992	90	90	526975522
393	283	996	90	90	526975533
394	277	996	90	90	526975544
394	271	992	90	90	526975555
394	264	992	90	90	526975565
394	258	998	90	90	526975576
394	252	1002	90	90	526975587
394	247	1002	90	90	526975598
394	241	1002	90	90	526975608
394	235	1002	90	90	526975619
394	230	998	90	90	526975630
394	224	998	90	90	526975641
394	218	1002	90	90	526975651
394	212	998	90	90	526975662
395	207	992	90	90	526975673
395	201	984	90	90	526975684
395	195	986	90	90	526975694
395	189	998	90	90	526975705
395	184	998	90	90	526975716
396	179	992	90	90	526975727
396	174	1002	90	90	526975737
396	169	1008	90	90	526975748
396	165	1008	90	90	526975759
396	160	1008	90	90	526975770
396	155	1004	90	90	526975780
396	151	1014	90	90	526975791
396	147	1023	90	90	526975802
396	143	1023	90	90	526975813
397	140	1023	90	90	526975823
397	136	1023	90	90	526975834
398	133	1023	90	90	526975845
398	130	1023	90	90	526975856
399	127	1023	90	90	526975866
400	124	1023	90	90	526975877
402	121	1023	90	90	526975888
403	118	1023	90	90	526975899
405	115	1023	90	90	526975909
406	112	1023	90	90	526975920
408	110	1023	90	90	526975931
410	107	1023	90	90	526975942
413	105	1023	90	90	526975952
415	102	1023	90	90	526975963
418	100	1023	90	90	526975974
421	98	1023	90	90	526975985
423	97	1023	90	90	526975995
426	95	1023	90	90	526976006
429	94	1023	90	90	526976017
432	92	1023	90	90	526976028
435	91	1023	90	90	526976038
438	91	1023	90	90	526976049
441	90	1023	90	90	526976060
444	90	1023	90	90	526976071
448	90	1023	90	90	526976081
451	90	1023	90	90	526976092
454	89	1023	90	90	526976103
458	89	1023	90	90	526976114
461	89	1023	90	90	526976125
464	90	1023	90	90	526976135
467	91	1023	90	90	526976146
470	91	1023	90	90	526976157
473	92	1023	90	90	526976168
475	93	1023	90	90	526976178
478	94	1023	90	90	526976189
481	96	1023	90	90	526976200
483	98	1023	90	90	526976211
485	100	1023	90	90	526976221
487	102	1023	90	90	526976232
489	105	1023	90	90	526976243
490	108	1023	90	90	526976254
492	112	1023	90	90	526976264
493	115	1023	90	90	526976275
494	119	1023	90	90	526976286
495	123	1023	90	90	526976297
496	127	1023	90	90	526976307
497	131	1023	90	90	526976318
498	135	1023	90	90	526976329
498	139	1023	90	90	526976340
499	143	1023	90	90	526976350
500	147	1016	90	90	526976361
500	151	998	90	90	526976372
501	155	992	90	90	526976383
501	159	992	90	90	526976393
501	163	992	90	90	526976404
502	166	992	90	90	526976415
502	170	980	90	90	526976426
503	174	976	90	90	526976436
503	178	976	90	90	526976447
503	182	976	90	90	526976458
503	186	978	90	90	526976469
503	189	980	90	90	526976479
503	193	984	90	90	526976490
503	197	992	90	90	526976501
503	201	986	90	90	526976512
503	205	986	90	90	526976522
503	209	992	90	90	526976533
503	213	998	90	90	526976544
503	217	1004	90	90	526976555
503	222	1004	90	90	526976565
502	226	1002	90	90	526976576
502	230	1002	90	90	526976587
501	234	998	90	90	526976598
501	237	1008	90	90	526976608
500	241	1010	90	90	526976619
500	245	1010	90	90	526976630
500	249	1014	90	90	526976641
500	253	1014	90	90	526976651
499	257	1016	90	90	526976662
498	261	1020	90	90	526976673
498	265	1016	90	90	526976684
498	269	1014	90	90	526976694
498	272	1016	90	90	526976705
497	276	1016	90	90	526976716
497	279	1020	90	90	526976727
497	283	1023	90	90	526976737
497	286	1023	90	90	526976748
497	290	1023	90	90	526976759
497	293	1023	90	90	526976770
498	297	1023	90	90	526976780
498	301	1023	90	90	526976791
499	305	1023	90	90	526976802
499	309	1023	90	90	526976813
499	313	1023	90	90	526976823
499	317	1023	90	90	526976834
499	322	1023	90	90	526976845
498	327	1016	90	90	526976856
497	331	886	90	90	526976866
496	336	92	90	90	526976888
36
452	628	416	90	90	526981062
454	630	702	90	90	526981083
453	631	672	90	90	526981094
451	631	670	90	90	526981105
449	631	670	90	90	526981115
446	630	670	90	90	526981126
442	629	684	90	90	526981137
438	627	690	90	90	526981148
433	623	714	90	90	526981158
429	619	728	90	90	526981169
424	614	746	90	90	526981180
421	608	766	90	90	526981191
418	601	804	90	90	526981201
416	595	838	90	90	526981212
416	587	878	90	90	526981223
416	580	894	90	90	526981234
418	573	924	90	90	526981244
422	567	936	90	90	526981255
426	561	958	90	90	526981266
431	556	978	90	90	526981277
437	553	976	90	90	526981287
444	551	984	90	90	526981298
450	551	986	90	90	526981309
457	552	998	90	90	526981320
463	555	1004	90	90	526981330
467	559	1014	90	90	526981341
472	564	1016	90	90	526981352
474	571	1014	90	90	526981363
476	580	1020	90	90	526981373
476	589	1023	90	90	526981384
474	599	1014	90	90	526981395
471	608	1008	90	90	526981406
466	616	998	90	90	526981416
462	622	988	90	90	526981427
457	626	908	90	90	526981438
451	628	210	90	90	526981459
27
458	231	912	90	90	526982181
456	230	844	90	90	526982192
454	228	844	90	90	526982203
451	227	856	90	90	526982214
447	224	862	90	90	526982224
443	220	884	90	90	526982235
438	216	896	90	90	526982246
433	209	904	90	90	526982257
429	201	896	90	90	526982267
426	193	914	90	90	526982278
426	184	936	90	90	526982289
427	176	936	90	90	526982300
431	169	970	90	90	526982310
436	162	978	90	90	526982321
443	155	1002	90	90	526982332
450	151	1020	90	90	526982343
458	148	1023	90	90	526982353
465	148	1023	90	90	526982364
472	152	1023	90	90	526982375
478	158	1023	90	90	526982386
481	168	1016	90	90	526982396
483	180	1008	90	90	526982407
482	193	1002	90	90	526982418
480	207	980	90	90	526982429
475	219	954	90	90	526982439
469	229	794	90	90	526982450
462	237	59	90	90	526982472
4
1
463	434	0	90	90	527104697
286
507	417	545	90	90	527105084
506	418	618	90	90	527105095
505	418	636	90	90	527105106
503	419	672	90	90	527105117
502	420	722	90	90	527105127
501	422	754	90	90	527105138
500	423	786	90	90	527105149
498	424	820	90	90	527105160
496	425	826	90	90	527105170
494	427	848	90	90	527105181
492	429	852	90	90	527105192
490	431	868	90	90	527105203
488	434	872	90	90	527105213
485	436	884	90	90	527105224
482	439	892	90	90	527105235
479	442	902	90	90	527105246
475	446	908	90	90	527105256
472	449	900	90	90	527105267
468	452	914	90	90	527105278
465	456	924	90	90	527105289
461	459	926	90	90	527105299
457	463	926	90	90	527105310
453	467	936	90	90	527105321
449	471	948	90	90	527105332
445	475	934	90	90	527105342
441	479	936	90	90	527105353
437	483	940	90	90	527105364
433	487	942	90	90	527105375
429	491	946	90	90	527105385
425	495	958	90	90	527105396
421	499	976	90	90	527105407
417	504	978	90	90	527105418
412	508	976	90	90	527105428
407	513	978	90	90	527105439
403	517	978	90	90	527105450
398	522	978	90	90	527105461
394	526	976	90	90	527105471
389	531	972	90	90	527105482
384	535	982	90	90	527105493
380	540	990	90	90	527105504
376	544	984	90	90	527105514
371	548	982	90	90	527105525
366	553	982	90	90	527105536
361	557	990	90	90	527105547
357	561	980	90	90	527105557
352	566	986	90	90	527105568
347	570	984	90	90	527105579
342	574	980	90	90	527105590
338	578	984	90	90	527105600
333	582	996	90	90	527105611
328	586	1004	90	90	527105622
323	590	998	90	90	527105633
319	594	996	90	90	527105643
314	598	1002	90	90	527105654
309	601	1014	90	90	527105665
304	605	1016	90	90	527105676
299	608	1014	90	90	527105686
295	612	1020	90	90	527105697
290	615	1016	90	90	527105708
285	619	1010	90	90	527105719
280	622	1014	90	90	527105729
275	625	1023	90	90	527105740
271	627	1023	90	90	527105751
267	630	1023	90	90	527105762
262	632	1023	90	90	527105772
257	635	1023	90	90	527105783
253	637	1023	90	90	527105794
249	639	1023	90	90	527105805
245	641	1023	90	90	527105815
240	643	1023	90	90	527105826
236	645	1023	90	90	527105837
232	647	1023	90	90	527105848
228	649	1023	90	90	527105858
224	650	1023	90	90	527105869
219	652	1023	90	90	527105880
215	653	1023	90	90	527105891
211	655	1023	90	90	527105901
208	656	1023	90	90	527105912
203	657	1020	90	90	527105923
199	658	1023	90	90	527105934
195	658	1023	90	90	527105944
191	658	1020	90	90	527105955
188	658	1016	90	90	527105966
185	658	1014	90	90	527105977
181	658	1014	90	90	527105987
177	658	1014	90	90	527105998
173	657	1010	90	90	527106009
170	656	1010	90	90	527106020
166	655	1014	90	90	527106030
163	654	1014	90	90	527106041
160	653	1014	90	90	527106052
157	651	1016	90	90	527106063
154	649	1016	90	90	527106073
152	647	1020	90	90	527106084
149	645	1014	90	90	527106095
146	643	1010	90	90	527106106
144	641	1014	90	90	527106116
142	638	1016	90	90	527106127
140	635	1016	90	90	527106138
138	631	1016	90	90	527106149
137	628	1020	90	90	527106159
135	625	1014	90	90	527106170
134	622	1002	90	90	527106181
133	618	998	90	90	527106192
132	615	998	90	90	527106202
131	611	996	90	90	527106213
130	608	998	90	90	527106224
130	604	998	90	90	527106235
129	601	998	90	90	527106245
129	597	1002	90	90	527106256
130	593	1004	90	90	527106267
131	589	1008	90	90	527106278
132	585	1010	90	90	527106288
133	582	1010	90	90	527106299
134	578	1008	90	90	527106310
135	574	1008	90	90	527106321
137	570	1014	90	90	527106331
139	566	1016	90	90	527106342
142	562	1014	90	90	527106353
144	558	1014	90	90	527106364
147	553	1014	90	90	527106375
151	549	1020	90	90	527106385
155	544	1023	90	90	527106396
159	540	1020	90	90	527106407
163	535	1010	90	90	527106418
167	531	1014	90	90	527106428
171	526	1020	90	90	527106439
175	522	1023	90	90	527106450
179	518	1020	90	90	527106461
184	513	1020	90	90	527106471
188	509	1023	90	90	527106482
192	504	1023	90	90	527106493
197	500	1023	90	90	527106504
202	495	1023	90	90	527106514
208	491	1014	90	90	527106525
213	487	1016	90	90	527106536
218	482	1016	90	90	527106547
224	477	1020	90	90	527106557
230	473	1010	90	90	527106568
237	468	1002	90	90	527106579
244	463	1004	90	90	527106590
251	457	1008	90	90	527106600
258	452	998	90	90	527106611
265	447	996	90	90	527106622
271	442	998	90	90	527106633
278	437	998	90	90	527106643
284	433	998	90	90	527106654
290	428	998	90	90	527106665
297	424	1002	90	90	527106676
303	419	1002	90	90	527106686
310	414	1002	90	90	527106697
317	409	1004	90	90	527106708
324	404	1010	90	90	527106719
331	399	1010	90	90	527106729
338	394	1008	90	90	527106740
344	389	1008	90	90	527106751
351	385	1008	90	90	527106762
357	380	1010	90	90	527106772
363	376	1014	90	90	527106783
369	371	1014	90	90	527106794
375	367	1010	90	90	527106805
381	362	1010	90	90	527106815
388	357	1014	90	90	527106826
394	352	1014	90	90	527106837
400	347	1010	90	90	527106848
407	342	1010	90	90	527106858
413	338	1014	90	90	527106869
419	333	1014	90	90	527106880
425	328	1014	90	90	527106891
431	324	1010	90	90	527106901
437	319	1010	90	90	527106912
443	314	1010	90	90	527106923
448	310	1010	90	90	527106934
453	305	1016	90	90	527106944
459	301	1016	90	90	527106955
464	297	1010	90	90	527106966
469	292	1008	90	90	527106977
475	287	1010	90	90	527106987
480	283	1016	90	90	527106998
485	279	1014	90	90	527107009
490	275	1008	90	90	527107020
495	271	1010	90	90	527107030
500	266	1014	90	90	527107041
505	262	1016	90	90	527107052
510	258	1008	90	90	527107063
515	253	1008	90	90	527107073
520	249	1010	90	90	527107084
525	245	1014	90	90	527107095
530	240	1023	90	90	527107106
535	236	1023	90	90	527107116
541	232	1023	90	90	527107127
546	227	1023	90	90	527107138
551	222	1023	90	90	527107149
557	218	1023	90	90	527107159
562	213	1023	90	90	527107170
568	209	1023	90	90	527107181
573	204	1023	90	90	527107192
579	200	1023	90	90	527107202
585	196	1023	90	90	527107213
590	192	1023	90	90	527107224
595	188	1023	90	90	527107235
601	184	1023	90	90	527107245
606	180	1023	90	90	527107256
611	177	1023	90	90	527107267
616	173	1023	90	90	527107278
622	170	1023	90	90	527107288
627	167	1023	90	90	527107299
632	164	1023	90	90	527107310
638	161	1023	90	90	527107321
643	158	1023	90	90	527107331
648	156	1023	90	90	527107342
654	153	1023	90	90	527107353
659	151	1023	90	90	527107364
664	150	1023	90	90	527107374
669	149	1023	90	90	527107385
674	149	1023	90	90	527107396
678	149	1023	90	90	527107407
682	150	1023	90	90	527107417
686	151	1023	90	90	527107428
690	152	1023	90	90	527107439
693	153	1023	90	90	527107450
696	155	1023	90	90	527107460
699	157	1023	90	90	527107471
701	160	1023	90	90	527107482
703	163	1023	90	90	527107493
705	166	1023	90	90	527107503
706	170	1023	90	90	527107514
707	174	1023	90	90	527107525
707	178	1023	90	90	527107536
707	182	1023	90	90	527107546
707	187	1023	90	90	527107557
707	191	1023	90	90	527107568
706	196	1023	90	90	527107579
705	201	1023	90	90	527107589
704	206	1023	90	90	527107600
702	211	1023	90	90	527107611
700	216	1023	90	90	527107622
698	220	1023	90	90	527107632
695	225	1023	90	90	527107643
693	230	1023	90	90	527107654
689	234	1023	90	90	527107665
686	239	1023	90	90	527107675
683	244	1023	90	90	527107686
680	248	1023	90	90	527107697
676	253	1023	90	90	527107708
671	258	1023	90	90	527107719
667	263	1023	90	90	527107729
662	268	1023	90	90	527107740
657	274	1023	90	90	527107751
653	279	1023	90	90	527107762
647	284	1023	90	90	527107772
642	289	1023	90	90	527107783
637	294	1023	90	90	527107794
632	300	1023	90	90	527107805
626	305	1023	90	90	527107815
620	310	1023	90	90	527107826
615	316	1023	90	90	527107837
609	321	1023	90	90	527107848
603	326	1023	90	90	527107858
598	331	1023	90	90	527107869
592	336	1023	90	90	527107880
586	341	1023	90	90	527107891
580	346	1023	90	90	527107901
575	351	1023	90	90	527107912
569	357	1023	90	90	527107923
563	362	1023	90	90	527107934
557	367	1023	90	90	527107944
551	373	1023	90	90	527107955
546	378	1023	90	90	527107966
540	383	1023	90	90	527107977
534	388	1023	90	90	527107987
529	393	1023	90	90	527107998
524	398	1023	90	90	527108009
518	403	1023	90	90	527108020
513	408	1023	90	90	527108030
507	413	1023	90	90	527108041
502	418	1023	90	90	527108052
497	422	1023	90	90	527108063
492	426	1023	90	90	527108073
487	430	1023	90	90	527108084
483	434	1023	90	90	527108095
478	437	1016	90	90	527108106
473	441	1014	90	90	527108116
469	445	998	90	90	527108127
465	449	954	90	90	527108138
462	452	245	90	90	527108159
36
215	613	602	90	90	527108906
216	615	682	90	90	527108916
215	616	670	90	90	527108927
213	616	670	90	90	527108938
211	616	696	90	90	527108949
208	615	720	90	90	527108959
204	613	752	90	90	527108970
199	611	784	90	90	527108981
194	607	796	90	90	527108992
190	602	820	90	90	527109002
186	597	820	90	90	527109013
184	591	838	90	90	527109024
183	584	862	90	90	527109035
183	577	874	90	90	527109045
184	570	894	90	90	527109056
187	563	936	90	90	527109067
191	557	954	90	90	527109078
197	551	984	90	90	527109088
203	545	980	90	90	527109099
211	541	986	90	90	527109110
219	537	986	90	90	527109121
228	536	998	90	90	527109131
236	536	1002	90	90	527109142
244	537	1016	90	90	527109153
251	540	1023	90	90	527109164
256	545	1023	90	90	527109174
260	551	1023	90	90	527109185
261	559	1023	90	90	527109196
260	567	1023	90	90	527109207
258	575	1023	90	90	527109217
253	584	1023	90	90	527109228
247	591	1023	90	90	527109239
240	597	1023	90	90	527109250
232	601	1016	90	90	527109260
224	605	860	90	90	527109271
215	607	82	90	90	527109293
28
621	265	844	90	90	527110015
619	266	892	90	90	527110025
616	266	878	90	90	527110036
612	266	874	90	90	527110047
608	265	878	90	90	527110058
603	264	880	90	90	527110068
599	262	884	90	90	527110079
594	260	886	90	90	527110090
590	257	892	90	90	527110101
588	253	902	90	90	527110111
587	248	894	90	90	527110122
587	243	918	90	90	527110133
590	237	932	90	90	527110144
595	231	954	90	90	527110154
601	225	964	90	90	527110165
609	220	982	90	90	527110176
617	216	994	90	90	527110187
626	213	976	90	90	527110197
634	213	978	90	90	527110208
642	214	980	90	90	527110219
648	216	1002	90	90	527110230
652	221	1020	90	90	527110240
655	227	1023	90	90	527110251
654	235	1023	90	90	527110262
651	245	1020	90	90	527110273
645	255	986	90	90	527110283
637	265	872	90	90	527110294
628	275	88	90	90	527110316
4
1
215	528	0	90	90	527273150
222
225	536	618	90	90	527273666
227	536	796	90	90	527273677
227	535	804	90	90	527273699
226	535	842	90	90	527273709
224	535	866	90	90	527273720
222	535	894	90	90	527273731
220	535	936	90	90	527273742
217	535	940	90	90	527273752
214	535	964	90	90	527273763
211	534	984	90	90	527273774
207	534	978	90	90	527273785
203	534	992	90	90	527273795
199	534	1008	90	90	527273806
194	534	1020	90	90	527273817
189	534	1023	90	90	527273828
185	534	1023	90	90	527273838
180	534	1023	90	90	527273849
174	534	1023	90	90	527273860
169	534	1023	90	90	527273871
164	534	1023	90	90	527273881
160	534	1023	90	90	527273892
155	534	1023	90	90	527273903
150	534	1023	90	90	527273914
145	534	1023	90	90	527273924
141	534	1023	90	90	527273935
137	533	1023	90	90	527273946
132	533	1023	90	90	527273957
128	533	1023	90	90	527273967
124	533	1023	90	90	527273978
120	532	1023	90	90	527273989
117	532	1023	90	90	527274000
113	531	1023	90	90	527274010
110	530	1023	90	90	527274021
107	529	1023	90	90	527274032
105	528	1023	90	90	527274043
102	527	1023	90	90	527274053
100	525	1023	90	90	527274064
99	523	1023	90	90	527274075
97	521	1023	90	90	527274086
95	519	1023	90	90	527274096
94	517	1023	90	90	527274107
92	515	1023	90	90	527274118
90	512	1023	90	90	527274129
88	509	1023	90	90	527274139
87	506	1023	90	90	527274150
85	503	1023	90	90	527274161
84	500	1023	90	90	527274172
82	496	1023	90	90	527274182
81	492	1023	90	90	527274193
79	488	1023	90	90	527274204
78	483	1023	90	90	527274215
78	477	1023	90	90	527274225
78	472	1023	90	90	527274236
78	467	1023	90	90	527274247
78	462	1023	90	90	527274258
78	457	1023	90	90	527274268
79	452	1023	90	90	527274279
81	447	1023	90	90	527274290
83	441	1023	90	90	527274301
84	435	1023	90	90	527274311
86	430	1023	90	90	527274322
88	424	1023	90	90	527274333
90	419	1023	90	90	527274344
93	414	1023	90	90	527274354
96	411	1023	90	90	527274365
99	407	1023	90	90	527274376
102	404	1023	90	90	527274387
105	402	1023	90	90	527274397
108	399	1023	90	90	527274408
112	397	1023	90	90	527274419
116	395	1023	90	90	527274430
121	393	1023	90	90	527274440
125	392	1023	90	90	527274451
131	390	1023	90	90	527274462
137	389	1023	90	90	527274473
143	389	1023	90	90	527274483
149	388	1023	90	90	527274494
156	388	1023	90	90	527274505
163	387	1023	90	90	527274516
170	387	1023	90	90	527274526
178	387	1023	90	90	527274537
186	387	1023	90	90	527274548
195	386	1023	90	90	527274559
203	386	1023	90	90	527274569
213	386	1023	90	90	527274580
223	385	1023	90	90	527274591
232	385	1023	90	90	527274602
242	385	1023	90	90	527274612
253	385	1023	90	90	527274623
264	384	1023	90	90	527274634
275	383	1023	90	90	527274645
286	383	1023	90	90	527274655
297	383	1023	90	90	527274666
308	383	1023	90	90	527274677
320	383	1023	90	90	527274688
331	384	1023	90	90	527274698
342	385	1023	90	90	527274709
353	385	1023	90	90	527274720
364	386	1023	90	90	527274731
375	386	1023	90	90	527274741
386	387	1023	90	90	527274752
397	387	1023	90	90	527274763
408	388	1023	90	90	527274774
419	388	1023	90	90	527274784
430	388	1023	90	90	527274795
441	389	1023	90	90	527274806
452	389	1023	90	90	527274817
463	390	1023	90	90	527274827
474	390	1023	90	90	527274838
485	390	1023	90	90	527274849
495	390	1023	90	90	527274860
506	390	1023	90	90	527274870
517	390	1023	90	90	527274881
528	389	1023	90	90	527274892
538	389	1023	90	90	527274903
549	388	1023	90	90	527274913
560	388	1023	90	90	527274924
571	387	1023	90	90	527274935
582	387	1023	90	90	527274946
592	387	1023	90	90	527274956
602	386	1023	90	90	527274967
613	386	1023	90	90	527274978
623	386	1023	90	90	527274989
633	386	1023	90	90	527275000
643	386	1023	90	90	527275010
652	386	1023	90	90	527275021
661	386	1023	90	90	527275032
670	386	1023	90	90	527275043
678	386	1023	90	90	527275053
685	387	1023	90	90	527275064
693	387	1023	90	90	527275075
699	388	1023	90	90	527275086
704	389	1023	90	90	527275096
709	389	1023	90	90	527275107
714	390	1023	90	90	527275118
717	391	1023	90	90	527275129
720	393	1023	90	90	527275139
722	394	1023	90	90	527275150
724	397	1023	90	90	527275161
725	399	1023	90	90	527275172
726	403	1023	90	90	527275182
727	407	1023	90	90	527275193
727	411	1023	90	90	527275204
727	416	1023	90	90	527275215
727	421	1023	90	90	527275225
727	426	1023	90	90	527275236
727	432	1023	90	90	527275247
726	439	1023	90	90	527275258
725	446	1023	90	90	527275268
725	452	1023	90	90	527275279
724	459	1023	90	90	527275290
723	466	1023	90	90	527275301
722	472	1023	90	90	527275311
721	479	1023	90	90	527275322
719	486	1023	90	90	527275333
718	493	1023	90	90	527275344
717	499	1023	90	90	527275354
715	505	1023	90	90	527275365
713	510	1023	90	90	527275376
711	515	1023	90	90	527275387
709	519	1023	90	90	527275397
707	523	1023	90	90	527275408
704	527	1023	90	90	527275419
700	530	1023	90	90	527275430
697	533	1023	90	90	527275440
693	535	1023	90	90	527275451
688	537	1023	90	90	527275462
683	539	1023	90	90	527275473
677	541	1023	90	90	527275483
671	543	1023	90	90	527275494
665	545	1023	90	90	527275505
658	546	1023	90	90	527275516
650	547	1023	90	90	527275526
642	549	1023	90	90	527275537
634	550	1023	90	90	527275548
626	551	1023	90	90	527275559
617	552	1023	90	90	527275569
608	553	1023	90	90	527275580
599	554	1023	90	90	527275591
590	554	1023	90	90	527275602
580	555	1023	90	90	527275612
571	555	1023	90	90	527275623
561	555	1023	90	90	527275634
551	555	1023	90	90	527275645
540	555	1023	90	90	527275655
530	555	1023	90	90	527275666
519	554	1023	90	90	527275677
509	554	1023	90	90	527275688
498	554	1023	90	90	527275698
487	553	1023	90	90	527275709
475	552	1023	90	90	527275720
464	551	1023	90	90	527275731
453	550	1023	90	90	527275741
441	549	1023	90	90	527275752
430	549	1023	90	90	527275763
418	548	1023	90	90	527275774
406	547	1023	90	90	527275784
394	546	1023	90	90	527275795
383	545	1023	90	90	527275806
371	543	1023	90	90	527275817
360	542	1023	90	90	527275827
349	540	1023	90	90	527275838
338	538	1023	90	90	527275849
328	537	1023	90	90	527275860
318	535	1023	90	90	527275870
308	534	1023	90	90	527275881
299	533	1023	90	90	527275892
289	533	1023	90	90	527275903
280	532	1023	90	90	527275913
271	531	1023	90	90	527275924
263	531	1023	90	90	527275935
254	530	1023	90	90	527275946
247	529	1023	90	90	527275956
239	529	1023	90	90	527275967
232	528	1023	90	90	527275978
226	528	1023	90	90	527275989
221	527	1023	90	90	527275999
216	526	1023	90	90	527276010
211	525	1023	90	90	527276021
208	525	1023	90	90	527276032
205	525	1023	90	90	527276042
202	525	402	90	90	527276064
29
172	491	970	90	90	527276687
170	491	918	90	90	527276697
168	490	890	90	90	527276708
164	487	890	90	90	527276719
160	484	908	90	90	527276730
154	480	906	90	90	527276740
148	474	918	90	90	527276751
143	467	938	90	90	527276762
138	458	940	90	90	527276773
134	449	952	90	90	527276783
133	440	954	90	90	527276794
135	432	976	90	90	527276805
139	425	986	90	90	527276816
144	419	1023	90	90	527276826
152	415	1023	90	90	527276837
161	413	1023	90	90	527276848
172	413	1023	90	90	527276859
183	414	1023	90	90	527276869
192	419	1023	90	90	527276880
201	425	1023	90	90	527276891
206	432	1023	90	90	527276902
210	440	1023	90	90	527276912
210	449	1023	90	90	527276923
208	459	1023	90	90	527276934
202	468	1023	90	90	527276945
194	476	1023	90	90	527276955
185	482	998	90	90	527276966
175	487	894	90	90	527276977
165	490	202	90	90	527276998
28
626	496	938	90	90	527277500
626	497	898	90	90	527277510
623	496	860	90	90	527277521
619	495	868	90	90	527277532
614	493	880	90	90	527277543
607	489	890	90	90	527277553
601	483	892	90	90	527277564
595	477	908	90	90	527277575
592	469	894	90	90	527277586
591	462	912	90	90	527277596
592	454	948	90	90	527277607
596	448	984	90	90	527277618
604	442	1023	90	90	527277629
614	438	1023	90	90	527277639
625	435	1023	90	90	527277650
637	433	1023	90	90	527277661
649	433	1023	90	90	527277672
659	436	1023	90	90	527277682
668	441	1023	90	90	527277693
674	447	1023	90	90	527277704
677	455	1023	90	90	527277715
676	465	1023	90	90	527277725
672	475	1023	90	90	527277736
665	485	1023	90	90	527277747
655	494	1023	90	90	527277758
644	501	1023	90	90	527277768
632	508	966	90	90	527277779
620	513	138	90	90	527277801
