2
1
751	420	0	90	90	253893635
148
751	454	254	90	90	253894203
752	456	386	90	90	253894224
751	457	480	90	90	253894235
750	459	552	90	90	253894246
750	460	634	90	90	253894256
749	461	698	90	90	253894267
748	462	754	90	90	253894278
746	464	796	90	90	253894289
745	465	816	90	90	253894299
743	466	844	90	90	253894310
742	468	862	90	90	253894321
740	469	886	90	90	253894332
738	471	904	90	90	253894342
736	472	896	90	90	253894353
734	473	894	90	90	253894364
732	474	892	90	90	253894375
729	475	908	90	90	253894385
726	476	892	90	90	253894396
723	476	892	90	90	253894407
720	477	908	90	90	253894418
717	478	904	90	90	253894428
714	478	908	90	90	253894439
712	478	908	90	90	253894450
709	478	904	90	90	253894461
707	477	904	90	90	253894471
705	476	892	90	90	253894482
703	475	892	90	90	253894493
701	474	908	90	90	253894504
700	473	908	90	90	253894514
700	471	904	90	90	253894525
699	470	898	90	90	253894536
699	469	902	90	90	253894547
698	467	908	90	90	253894557
698	466	908	90	90	253894568
697	464	894	90	90	253894579
697	462	896	90	90	253894590
696	460	900	90	90	253894600
696	457	902	90	90	253894611
696	455	908	90	90	253894622
696	452	914	90	90	253894633
697	450	908	90	90	253894643
697	447	902	90	90	253894654
697	444	908	90	90	253894665
697	441	912	90	90	253894676
697	438	920	90	90	253894686
697	436	930	90	90	253894697
697	433	944	90	90	253894708
697	431	934	90	90	253894719
697	428	934	90	90	253894729
697	425	936	90	90	253894740
697	423	948	90	90	253894751
697	420	958	90	90	253894762
698	417	970	90	90	253894772
698	414	976	90	90	253894783
698	411	984	90	90	253894794
698	408	984	90	90	253894805
698	406	984	90	90	253894815
698	403	976	90	90	253894826
698	401	980	90	90	253894837
698	398	984	90	90	253894848
698	396	992	90	90	253894858
698	393	1002	90	90	253894869
699	390	1008	90	90	253894880
699	388	1010	90	90	253894891
699	385	1008	90	90	253894901
699	383	1002	90	90	253894912
699	381	1002	90	90	253894923
699	378	1004	90	90	253894934
699	375	1010	90	90	253894944
699	372	1016	90	90	253894955
699	369	1020	90	90	253894966
699	367	1023	90	90	253894977
699	364	1023	90	90	253894987
699	361	1023	90	90	253894998
699	359	1023	90	90	253895009
699	356	1023	90	90	253895020
699	353	1023	90	90	253895030
699	351	1023	90	90	253895041
699	348	1023	90	90	253895052
699	345	1023	90	90	253895063
699	343	1023	90	90	253895073
699	340	1023	90	90	253895084
699	338	1023	90	90	253895095
699	335	1023	90	90	253895106
699	333	1023	90	90	253895116
699	330	1023	90	90	253895127
699	327	1023	90	90	253895138
699	325	1023	90	90	253895149
699	322	1023	90	90	253895159
699	319	1023	90	90	253895170
699	317	1023	90	90	253895181
699	314	1023	90	90	253895192
700	311	1023	90	90	253895202
700	308	1023	90	90	253895213
700	306	1023	90	90	253895224
700	303	1023	90	90	253895235
700	300	1023	90	90	253895245
701	298	1023	90	90	253895256
701	295	1023	90	90	253895267
701	292	1023	90	90	253895278
701	290	1023	90	90	253895288
701	287	1023	90	90	253895299
701	284	1023	90	90	253895310
701	282	1023	90	90	253895321
701	279	1023	90	90	253895331
701	276	1023	90	90	253895342
702	273	1023	90	90	253895353
702	271	1023	90	90	253895364
702	268	1023	90	90	253895374
702	265	1023	90	90	253895385
702	262	1023	90	90	253895396
702	260	1023	90	90	253895407
702	258	1023	90	90	253895417
702	255	1023	90	90	253895428
701	253	1023	90	90	253895439
701	250	1023	90	90	253895450
700	248	1023	90	90	253895460
699	245	1023	90	90	253895471
699	243	1023	90	90	253895482
698	241	1023	90	90	253895493
697	239	1023	90	90	253895503
696	237	1023	90	90	253895514
694	235	1023	90	90	253895525
692	233	1023	90	90	253895536
691	231	1023	90	90	253895547
689	230	1023	90	90	253895557
686	229	1023	90	90	253895568
684	228	1023	90	90	253895579
681	228	1023	90	90	253895590
678	227	1023	90	90	253895600
675	226	1023	90	90	253895611
672	226	1023	90	90	253895622
668	225	1023	90	90	253895633
665	224	1023	90	90	253895643
662	224	1023	90	90	253895654
658	224	1023	90	90	253895665
654	224	1023	90	90	253895676
651	224	1023	90	90	253895686
648	225	1023	90	90	253895697
645	225	1023	90	90	253895708
643	226	1023	90	90	253895719
640	227	1023	90	90	253895729
639	227	1023	90	90	253895740
637	227	1023	90	90	253895751
636	228	1023	90	90	253895772
636	229	1023	90	90	253895805
636	228	1023	90	90	253895815
636	227	345	90	90	253895837
2
1
682	559	0	90	90	252217791
90
689	598	240	90	90	252218031
689	601	334	90	90	252218041
689	603	416	90	90	252218052
689	605	490	90	90	252218063
688	607	562	90	90	252218074
687	608	616	90	90	252218084
686	611	658	90	90	252218095
685	613	694	90	90	252218106
683	615	724	90	90	252218117
681	617	736	90	90	252218127
679	618	748	90	90	252218138
677	618	754	90	90	252218149
674	618	760	90	90	252218160
673	618	754	90	90	252218170
671	618	754	90	90	252218181
670	617	754	90	90	252218192
668	615	758	90	90	252218203
667	613	764	90	90	252218213
665	610	772	90	90	252218224
664	607	788	90	90	252218235
662	603	796	90	90	252218246
661	600	804	90	90	252218256
660	596	804	90	90	252218267
660	591	826	90	90	252218278
660	586	826	90	90	252218289
659	581	842	90	90	252218299
659	576	842	90	90	252218310
659	571	842	90	90	252218321
658	566	856	90	90	252218332
658	561	862	90	90	252218342
657	556	868	90	90	252218353
657	551	868	90	90	252218364
656	545	884	90	90	252218375
656	540	902	90	90	252218385
655	535	902	90	90	252218396
655	530	896	90	90	252218407
655	524	894	90	90	252218418
655	519	918	90	90	252218428
655	513	930	90	90	252218439
655	508	942	90	90	252218450
654	502	936	90	90	252218461
653	497	948	90	90	252218471
652	491	954	90	90	252218482
652	485	954	90	90	252218493
651	479	964	90	90	252218504
651	474	972	90	90	252218514
651	469	972	90	90	252218525
651	464	970	90	90	252218536
650	459	978	90	90	252218547
649	455	990	90	90	252218557
649	450	994	90	90	252218568
649	446	994	90	90	252218579
649	441	986	90	90	252218590
648	436	1004	90	90	252218600
648	431	1016	90	90	252218611
648	426	1020	90	90	252218622
648	421	1020	90	90	252218633
647	417	1023	90	90	252218643
647	412	1023	90	90	252218654
647	408	1023	90	90	252218665
647	404	1023	90	90	252218676
647	401	1023	90	90	252218686
647	397	1023	90	90	252218697
647	394	1023	90	90	252218708
647	391	1023	90	90	252218719
647	389	1023	90	90	252218729
647	386	1023	90	90	252218740
647	383	1023	90	90	252218751
647	380	1023	90	90	252218762
646	378	1023	90	90	252218772
646	376	1023	90	90	252218783
645	375	1023	90	90	252218794
645	374	1023	90	90	252218805
644	374	1023	90	90	252218815
643	374	1023	90	90	252218826
642	375	1023	90	90	252218837
640	376	1023	90	90	252218848
637	377	1023	90	90	252218858
635	377	1023	90	90	252218869
633	378	1023	90	90	252218880
631	379	1023	90	90	252218891
629	381	1023	90	90	252218901
628	383	1023	90	90	252218912
627	386	1023	90	90	252218923
625	391	1023	90	90	252218934
624	396	1023	90	90	252218944
623	400	1023	90	90	252218955
623	404	1023	90	90	252218966
623	406	1023	90	90	252218977
622	407	833	90	90	252219052
2
1
688	585	0	90	90	252311556
103
708	600	132	90	90	252311796
705	603	216	90	90	252311806
704	604	272	90	90	252311817
704	606	304	90	90	252311828
703	608	342	90	90	252311839
702	610	378	90	90	252311849
701	612	410	90	90	252311860
699	614	428	90	90	252311871
698	616	444	90	90	252311882
696	618	448	90	90	252311892
694	619	444	90	90	252311903
692	619	442	90	90	252311914
691	619	434	90	90	252311925
690	619	418	90	90	252311946
690	618	416	90	90	252311957
689	617	416	90	90	252311968
688	615	416	90	90	252311978
687	613	412	90	90	252311989
686	610	422	90	90	252312000
686	607	416	90	90	252312011
685	604	424	90	90	252312021
684	601	434	90	90	252312032
684	597	428	90	90	252312043
684	593	424	90	90	252312054
684	589	430	90	90	252312064
684	584	438	90	90	252312075
684	580	430	90	90	252312086
684	575	420	90	90	252312097
684	571	430	90	90	252312107
683	566	444	90	90	252312118
682	562	446	90	90	252312129
682	558	448	90	90	252312140
682	555	448	90	90	252312150
682	552	444	90	90	252312161
682	550	448	90	90	252312172
682	548	448	90	90	252312183
682	545	446	90	90	252312193
682	543	452	90	90	252312204
683	541	452	90	90	252312215
683	539	456	90	90	252312226
683	536	458	90	90	252312236
683	534	452	90	90	252312247
682	532	448	90	90	252312258
682	529	462	90	90	252312269
682	526	476	90	90	252312279
682	524	488	90	90	252312290
682	521	510	90	90	252312301
682	518	520	90	90	252312312
683	515	520	90	90	252312322
683	512	518	90	90	252312333
684	509	512	90	90	252312344
684	506	520	90	90	252312355
684	503	524	90	90	252312365
684	500	534	90	90	252312376
684	497	536	90	90	252312387
684	495	552	90	90	252312398
684	492	558	90	90	252312408
684	490	564	90	90	252312419
684	487	564	90	90	252312430
684	484	576	90	90	252312441
684	481	592	90	90	252312451
684	479	596	90	90	252312462
685	476	606	90	90	252312473
685	473	610	90	90	252312484
685	470	612	90	90	252312494
685	468	618	90	90	252312505
685	465	612	90	90	252312516
685	462	616	90	90	252312527
685	459	618	90	90	252312537
685	456	626	90	90	252312548
685	453	628	90	90	252312559
685	450	638	90	90	252312570
685	448	632	90	90	252312580
685	445	622	90	90	252312591
685	442	628	90	90	252312602
685	439	638	90	90	252312613
685	436	636	90	90	252312623
685	433	640	90	90	252312634
685	430	650	90	90	252312645
684	427	650	90	90	252312656
684	425	640	90	90	252312666
684	422	640	90	90	252312677
684	420	646	90	90	252312688
684	418	656	90	90	252312699
684	415	664	90	90	252312709
683	414	700	90	90	252312720
683	413	730	90	90	252312731
682	412	760	90	90	252312742
682	411	790	90	90	252312752
681	411	810	90	90	252312763
680	411	818	90	90	252312774
678	412	832	90	90	252312785
676	413	848	90	90	252312795
674	414	860	90	90	252312806
672	415	866	90	90	252312817
671	416	856	90	90	252312828
669	417	866	90	90	252312838
668	419	868	90	90	252312849
668	421	872	90	90	252312860
668	422	872	90	90	252312871
668	423	874	90	90	252312881
668	424	872	90	90	252312892
667	424	469	90	90	252312946
