8
1
704	586	0	90	90	7522351
51
540	613	56	90	90	7523032
540	614	138	90	90	7523044
540	615	286	90	90	7523076
540	614	392	90	90	7523088
540	612	443	90	90	7523094
540	611	475	90	90	7523101
540	609	519	90	90	7523107
540	607	555	90	90	7523113
540	604	592	90	90	7523119
540	600	624	90	90	7523126
540	596	652	90	90	7523132
540	592	676	90	90	7523138
540	588	696	90	90	7523144
540	583	712	90	90	7523151
540	578	737	90	90	7523157
539	573	753	90	90	7523163
539	568	769	90	90	7523169
539	562	781	90	90	7523176
539	557	793	90	90	7523182
539	551	805	90	90	7523188
538	545	817	90	90	7523194
538	539	829	90	90	7523201
538	533	837	90	90	7523207
538	527	845	90	90	7523213
538	520	849	90	90	7523219
537	514	857	90	90	7523226
537	509	861	90	90	7523232
536	503	865	90	90	7523238
536	497	869	90	90	7523244
536	491	873	90	90	7523251
535	486	878	90	90	7523257
535	480	882	90	90	7523263
535	475	882	90	90	7523269
535	470	886	90	90	7523276
535	466	886	90	90	7523282
535	462	890	90	90	7523288
534	458	890	90	90	7523294
534	455	894	90	90	7523301
534	451	894	90	90	7523307
534	448	894	90	90	7523313
534	446	894	90	90	7523319
534	444	894	90	90	7523326
534	442	894	90	90	7523332
534	440	890	90	90	7523338
534	439	871	90	90	7523351
534	438	807	90	90	7523363
534	439	632	90	90	7523369
534	440	475	90	90	7523376
534	442	322	90	90	7523382
534	445	157	90	90	7523388
534	448	0	90	90	7523401
27
537	590	64	90	90	7523832
538	591	180	90	90	7523844
538	592	363	90	90	7523863
537	593	544	90	90	7523882
536	593	628	90	90	7523894
535	592	656	90	90	7523901
535	591	668	90	90	7523907
534	590	684	90	90	7523913
533	588	696	90	90	7523919
532	587	712	90	90	7523926
530	585	733	90	90	7523932
529	583	745	90	90	7523938
527	581	757	90	90	7523944
526	578	765	90	90	7523951
524	576	773	90	90	7523957
521	573	781	90	90	7523963
519	570	789	90	90	7523969
516	566	789	90	90	7523976
514	564	793	90	90	7523982
511	561	797	90	90	7523988
509	558	801	90	90	7523994
507	556	801	90	90	7524001
505	554	801	90	90	7524007
503	553	805	90	90	7524013
502	552	803	90	90	7524026
501	551	591	90	90	7524057
501	550	63	90	90	7524076
25
536	548	224	90	90	7524344
536	547	491	90	90	7524357
535	546	583	90	90	7524363
535	544	624	90	90	7524369
534	542	656	90	90	7524376
533	540	680	90	90	7524382
532	538	700	90	90	7524388
530	535	724	90	90	7524394
529	533	741	90	90	7524401
527	529	753	90	90	7524407
526	526	765	90	90	7524413
524	522	773	90	90	7524419
522	519	781	90	90	7524426
519	515	785	90	90	7524432
517	512	789	90	90	7524438
514	509	793	90	90	7524444
511	505	793	90	90	7524451
509	503	797	90	90	7524457
506	500	797	90	90	7524463
504	498	797	90	90	7524469
502	496	797	90	90	7524476
501	495	797	90	90	7524482
500	494	779	90	90	7524494
499	493	507	90	90	7524519
500	494	70	90	90	7524532
29
534	493	92	90	90	7524757
535	493	275	90	90	7524769
536	492	468	90	90	7524782
535	491	571	90	90	7524788
535	490	624	90	90	7524794
535	489	660	90	90	7524801
534	487	692	90	90	7524807
534	486	720	90	90	7524813
533	484	741	90	90	7524819
532	482	757	90	90	7524826
531	479	769	90	90	7524832
530	477	781	90	90	7524838
529	474	793	90	90	7524844
527	471	801	90	90	7524851
525	467	805	90	90	7524857
523	464	813	90	90	7524863
520	461	817	90	90	7524869
518	457	821	90	90	7524876
515	454	821	90	90	7524882
513	451	825	90	90	7524888
510	448	829	90	90	7524894
508	446	829	90	90	7524901
507	444	833	90	90	7524907
505	443	833	90	90	7524913
504	441	833	90	90	7524919
503	440	831	90	90	7524932
502	439	601	90	90	7524963
503	441	161	90	90	7524969
503	442	0	90	90	7524982
93
538	540	66	90	90	7525469
537	540	451	90	90	7525519
538	540	612	90	90	7525526
539	540	624	90	90	7525532
540	540	640	90	90	7525538
541	540	656	90	90	7525544
543	539	676	90	90	7525551
544	539	692	90	90	7525557
546	539	708	90	90	7525563
548	539	728	90	90	7525569
550	539	741	90	90	7525576
552	539	753	90	90	7525582
554	539	761	90	90	7525588
557	539	765	90	90	7525594
559	539	773	90	90	7525601
562	539	777	90	90	7525607
565	539	777	90	90	7525613
568	539	781	90	90	7525619
570	539	785	90	90	7525626
573	539	785	90	90	7525632
576	539	789	90	90	7525638
578	539	789	90	90	7525644
581	539	793	90	90	7525651
583	539	793	90	90	7525657
586	539	793	90	90	7525663
588	538	797	90	90	7525669
591	538	797	90	90	7525676
593	538	797	90	90	7525682
596	538	797	90	90	7525688
598	538	801	90	90	7525694
601	538	801	90	90	7525701
603	538	801	90	90	7525707
606	538	801	90	90	7525713
608	538	801	90	90	7525719
610	538	801	90	90	7525726
613	538	801	90	90	7525732
615	537	801	90	90	7525738
617	537	801	90	90	7525744
620	537	801	90	90	7525751
622	536	805	90	90	7525757
625	536	805	90	90	7525763
627	536	805	90	90	7525769
629	535	805	90	90	7525776
632	535	805	90	90	7525782
634	535	805	90	90	7525788
637	534	805	90	90	7525794
640	534	805	90	90	7525801
642	534	805	90	90	7525807
645	533	805	90	90	7525813
648	533	809	90	90	7525819
650	533	809	90	90	7525826
653	533	809	90	90	7525832
656	532	809	90	90	7525838
659	532	809	90	90	7525844
661	532	809	90	90	7525851
664	532	809	90	90	7525857
666	531	809	90	90	7525863
669	531	813	90	90	7525869
671	531	813	90	90	7525876
674	531	813	90	90	7525882
676	531	813	90	90	7525888
678	531	813	90	90	7525894
680	531	813	90	90	7525901
681	530	813	90	90	7525907
682	530	813	90	90	7525913
683	530	813	90	90	7525919
684	530	813	90	90	7525932
686	529	813	90	90	7525944
687	529	827	90	90	7526051
686	528	850	90	90	7526069
686	527	859	90	90	7526082
685	526	865	90	90	7526088
685	525	869	90	90	7526094
685	524	878	90	90	7526101
685	523	882	90	90	7526107
684	522	890	90	90	7526113
684	520	894	90	90	7526119
684	518	902	90	90	7526126
683	516	906	90	90	7526132
683	514	914	90	90	7526138
683	512	918	90	90	7526144
683	510	922	90	90	7526151
682	507	926	90	90	7526157
682	505	930	90	90	7526163
682	503	930	90	90	7526169
682	502	934	90	90	7526176
681	500	934	90	90	7526182
681	499	934	90	90	7526188
681	498	934	90	90	7526194
681	497	934	90	90	7526207
680	495	725	90	90	7526238
679	495	265	90	90	7526244
678	495	40	90	90	7526257
91
536	490	24	90	90	7526707
535	491	281	90	90	7526732
535	492	546	90	90	7526751
537	492	640	90	90	7526757
537	493	672	90	90	7526763
538	493	704	90	90	7526769
540	493	733	90	90	7526776
541	493	757	90	90	7526782
543	493	777	90	90	7526788
545	493	793	90	90	7526794
547	493	805	90	90	7526801
549	493	813	90	90	7526807
551	493	825	90	90	7526813
553	493	829	90	90	7526819
556	493	833	90	90	7526826
558	493	837	90	90	7526832
561	492	841	90	90	7526838
563	492	841	90	90	7526844
566	492	845	90	90	7526851
569	492	849	90	90	7526857
571	492	853	90	90	7526863
574	492	857	90	90	7526869
577	492	861	90	90	7526876
579	491	865	90	90	7526882
582	491	869	90	90	7526888
584	491	873	90	90	7526894
587	491	878	90	90	7526901
589	490	878	90	90	7526907
591	490	882	90	90	7526913
594	490	882	90	90	7526919
596	489	886	90	90	7526926
599	489	886	90	90	7526932
601	489	886	90	90	7526938
603	488	886	90	90	7526944
605	488	890	90	90	7526951
607	488	890	90	90	7526957
609	488	890	90	90	7526963
611	488	890	90	90	7526969
614	487	890	90	90	7526976
616	487	890	90	90	7526982
618	487	894	90	90	7526988
620	487	894	90	90	7526994
622	487	894	90	90	7527001
624	487	894	90	90	7527007
626	487	898	90	90	7527013
628	487	898	90	90	7527019
630	487	898	90	90	7527026
631	487	898	90	90	7527032
633	487	902	90	90	7527038
635	487	902	90	90	7527044
636	487	902	90	90	7527051
638	487	902	90	90	7527057
640	487	906	90	90	7527063
641	487	906	90	90	7527069
643	487	906	90	90	7527076
644	487	910	90	90	7527082
646	487	910	90	90	7527088
647	487	910	90	90	7527094
648	487	914	90	90	7527101
650	487	914	90	90	7527107
651	487	918	90	90	7527113
652	488	918	90	90	7527119
653	488	918	90	90	7527126
654	488	922	90	90	7527132
655	488	922	90	90	7527138
656	488	926	90	90	7527144
657	488	926	90	90	7527151
658	488	930	90	90	7527157
659	488	930	90	90	7527163
660	488	932	90	90	7527176
661	488	934	90	90	7527188
663	488	934	90	90	7527201
664	488	938	90	90	7527213
666	488	940	90	90	7527226
667	488	944	90	90	7527238
669	488	946	90	90	7527251
670	489	950	90	90	7527263
671	489	954	90	90	7527276
672	490	956	90	90	7527288
673	490	958	90	90	7527301
674	490	962	90	90	7527313
675	490	962	90	90	7527326
676	490	962	90	90	7527338
677	490	962	90	90	7527357
678	490	964	90	90	7527376
679	490	966	90	90	7527401
680	490	968	90	90	7527451
681	490	890	90	90	7527488
680	489	515	90	90	7527494
678	488	334	90	90	7527501
677	488	72	90	90	7527513
3
261	397	349	90	90	7531166
262	397	315	90	90	7531179
263	397	71	90	90	7531198
9
1
527	587	0	90	90	7765597
48
554	595	82	90	90	7766109
554	594	187	90	90	7766122
554	592	261	90	90	7766128
554	591	310	90	90	7766134
554	589	362	90	90	7766141
554	588	402	90	90	7766147
554	586	447	90	90	7766153
554	584	487	90	90	7766159
554	581	527	90	90	7766166
554	579	559	90	90	7766172
554	576	596	90	90	7766178
554	572	620	90	90	7766184
553	568	648	90	90	7766191
553	564	672	90	90	7766197
553	559	692	90	90	7766203
552	554	712	90	90	7766209
552	549	737	90	90	7766216
552	543	753	90	90	7766222
552	537	769	90	90	7766228
551	531	785	90	90	7766234
551	525	797	90	90	7766241
551	518	809	90	90	7766247
551	512	821	90	90	7766253
551	506	829	90	90	7766259
551	499	837	90	90	7766266
551	493	845	90	90	7766272
551	487	853	90	90	7766278
551	481	857	90	90	7766284
551	475	861	90	90	7766291
551	469	865	90	90	7766297
550	464	869	90	90	7766303
550	458	869	90	90	7766309
550	453	873	90	90	7766316
550	448	878	90	90	7766322
549	443	882	90	90	7766328
549	439	882	90	90	7766334
549	435	886	90	90	7766341
549	431	890	90	90	7766347
549	427	890	90	90	7766353
549	424	894	90	90	7766359
549	422	894	90	90	7766366
549	420	894	90	90	7766372
549	418	890	90	90	7766378
549	417	799	90	90	7766403
549	418	519	90	90	7766409
549	419	354	90	90	7766416
548	421	189	90	90	7766422
548	424	12	90	90	7766434
22
550	573	201	90	90	7766934
549	573	432	90	90	7766947
549	571	479	90	90	7766953
548	570	519	90	90	7766959
547	568	547	90	90	7766966
546	566	575	90	90	7766972
544	564	604	90	90	7766978
543	562	628	90	90	7766984
541	559	648	90	90	7766991
539	556	668	90	90	7766997
536	553	680	90	90	7767003
534	549	692	90	90	7767009
531	545	700	90	90	7767016
528	542	704	90	90	7767022
526	539	708	90	90	7767028
523	535	708	90	90	7767034
521	532	712	90	90	7767041
518	530	712	90	90	7767047
516	528	712	90	90	7767053
515	526	708	90	90	7767059
513	525	662	90	90	7767072
512	524	250	90	90	7767103
20
549	524	99	90	90	7767634
549	523	253	90	90	7767641
548	522	322	90	90	7767647
547	521	382	90	90	7767653
546	519	439	90	90	7767659
545	517	475	90	90	7767666
543	514	519	90	90	7767672
541	511	551	90	90	7767678
539	509	571	90	90	7767684
536	506	596	90	90	7767691
534	502	608	90	90	7767697
531	499	620	90	90	7767703
529	496	628	90	90	7767709
527	494	632	90	90	7767716
524	491	636	90	90	7767722
523	489	640	90	90	7767728
521	487	640	90	90	7767734
520	486	636	90	90	7767741
519	484	616	90	90	7767747
518	483	268	90	90	7767784
21
550	482	54	90	90	7768166
550	481	249	90	90	7768184
550	480	394	90	90	7768197
549	478	447	90	90	7768203
548	477	475	90	90	7768209
547	475	515	90	90	7768216
545	473	543	90	90	7768222
543	470	567	90	90	7768228
541	467	596	90	90	7768234
539	464	616	90	90	7768241
536	461	636	90	90	7768247
533	457	656	90	90	7768253
531	454	672	90	90	7768259
528	451	684	90	90	7768266
526	448	692	90	90	7768272
524	446	700	90	90	7768278
523	445	704	90	90	7768284
521	443	696	90	90	7768291
521	442	603	90	90	7768303
520	441	286	90	90	7768322
520	442	0	90	90	7768334
53
549	529	57	90	90	7768828
550	529	169	90	90	7768841
552	529	241	90	90	7768847
553	529	281	90	90	7768853
554	529	326	90	90	7768859
555	530	374	90	90	7768866
557	530	418	90	90	7768872
559	530	459	90	90	7768878
562	530	511	90	90	7768884
564	530	543	90	90	7768891
566	530	571	90	90	7768897
569	530	600	90	90	7768903
571	531	620	90	90	7768909
574	531	632	90	90	7768916
576	531	644	90	90	7768922
579	531	652	90	90	7768928
581	531	660	90	90	7768934
584	531	664	90	90	7768941
587	531	672	90	90	7768947
590	531	676	90	90	7768953
593	531	680	90	90	7768959
596	531	684	90	90	7768966
599	531	688	90	90	7768972
602	531	692	90	90	7768978
605	531	696	90	90	7768984
608	531	700	90	90	7768991
611	531	704	90	90	7768997
614	532	708	90	90	7769003
617	532	712	90	90	7769009
621	532	720	90	90	7769016
624	532	720	90	90	7769022
627	532	724	90	90	7769028
630	532	728	90	90	7769034
634	533	733	90	90	7769041
637	533	737	90	90	7769047
640	533	741	90	90	7769053
643	533	749	90	90	7769059
646	534	757	90	90	7769066
650	534	765	90	90	7769072
653	534	773	90	90	7769078
656	534	781	90	90	7769084
658	534	789	90	90	7769091
661	534	797	90	90	7769097
664	534	801	90	90	7769103
667	534	805	90	90	7769109
670	534	809	90	90	7769116
673	534	809	90	90	7769122
676	534	813	90	90	7769128
678	533	813	90	90	7769134
680	533	813	90	90	7769141
681	533	813	90	90	7769147
683	533	787	90	90	7769166
685	533	329	90	90	7769203
26
679	532	421	90	90	7769578
680	531	660	90	90	7769584
680	530	692	90	90	7769591
680	529	724	90	90	7769597
680	528	749	90	90	7769603
680	526	773	90	90	7769609
679	523	793	90	90	7769616
679	521	813	90	90	7769622
679	518	829	90	90	7769628
678	515	841	90	90	7769634
678	511	853	90	90	7769641
678	508	861	90	90	7769647
677	504	865	90	90	7769653
677	501	869	90	90	7769659
676	498	873	90	90	7769666
676	495	878	90	90	7769672
676	492	882	90	90	7769678
675	489	886	90	90	7769684
675	487	886	90	90	7769691
675	485	890	90	90	7769697
675	483	886	90	90	7769703
674	482	882	90	90	7769709
674	481	865	90	90	7769716
674	480	756	90	90	7769728
674	478	466	90	90	7769741
673	478	93	90	90	7769759
69
549	476	160	90	90	7770228
550	477	396	90	90	7770241
552	477	475	90	90	7770247
553	477	531	90	90	7770253
554	477	563	90	90	7770259
556	478	596	90	90	7770266
558	478	616	90	90	7770272
560	478	632	90	90	7770278
562	478	644	90	90	7770284
565	478	656	90	90	7770291
568	478	664	90	90	7770297
570	478	676	90	90	7770303
573	479	684	90	90	7770309
575	479	696	90	90	7770316
578	479	704	90	90	7770322
580	479	720	90	90	7770328
583	479	733	90	90	7770334
586	479	745	90	90	7770341
588	479	753	90	90	7770347
591	479	761	90	90	7770353
594	479	769	90	90	7770359
596	479	777	90	90	7770366
599	479	785	90	90	7770372
601	479	789	90	90	7770378
604	479	793	90	90	7770384
606	479	797	90	90	7770391
609	479	797	90	90	7770397
611	479	801	90	90	7770403
613	479	801	90	90	7770409
616	479	805	90	90	7770416
618	479	805	90	90	7770422
620	479	805	90	90	7770428
622	479	809	90	90	7770434
624	479	809	90	90	7770441
626	478	809	90	90	7770447
628	478	813	90	90	7770453
630	478	813	90	90	7770459
631	478	813	90	90	7770466
633	478	817	90	90	7770472
635	478	817	90	90	7770478
637	478	817	90	90	7770484
638	478	821	90	90	7770491
640	478	821	90	90	7770497
642	478	821	90	90	7770503
644	478	821	90	90	7770509
646	478	821	90	90	7770516
648	478	825	90	90	7770522
650	478	825	90	90	7770528
652	478	825	90	90	7770534
653	478	825	90	90	7770541
655	478	825	90	90	7770547
656	479	825	90	90	7770553
657	479	825	90	90	7770559
659	479	825	90	90	7770566
660	479	825	90	90	7770572
661	479	825	90	90	7770578
662	479	825	90	90	7770584
664	479	825	90	90	7770591
665	479	825	90	90	7770597
666	479	825	90	90	7770603
667	479	825	90	90	7770609
669	479	825	90	90	7770616
670	480	825	90	90	7770622
671	480	829	90	90	7770628
672	480	829	90	90	7770634
673	480	827	90	90	7770647
674	480	827	90	90	7770659
675	480	771	90	90	7770753
674	481	64	90	90	7770772
2
266	397	91	90	90	7773524
267	397	6	90	90	7773537
8
1
546	648	0	90	90	7999169
50
538	623	36	90	90	8000132
538	618	88	90	90	8000138
538	616	140	90	90	8000144
538	613	177	90	90	8000150
538	610	225	90	90	8000157
539	607	261	90	90	8000163
539	604	294	90	90	8000169
539	600	334	90	90	8000175
539	597	370	90	90	8000182
539	594	402	90	90	8000188
539	590	443	90	90	8000194
538	586	471	90	90	8000200
538	582	503	90	90	8000207
538	577	531	90	90	8000213
538	572	551	90	90	8000219
538	568	567	90	90	8000225
538	563	588	90	90	8000232
538	558	600	90	90	8000238
538	552	612	90	90	8000244
538	547	624	90	90	8000250
538	542	636	90	90	8000257
538	537	644	90	90	8000263
538	532	648	90	90	8000269
538	526	652	90	90	8000275
538	521	656	90	90	8000282
538	516	660	90	90	8000288
538	511	664	90	90	8000294
538	506	664	90	90	8000300
538	502	664	90	90	8000307
538	497	668	90	90	8000313
538	493	672	90	90	8000319
538	488	676	90	90	8000325
538	484	684	90	90	8000332
538	480	688	90	90	8000338
538	476	696	90	90	8000344
538	472	704	90	90	8000350
538	468	712	90	90	8000357
538	464	724	90	90	8000363
538	461	733	90	90	8000369
538	458	741	90	90	8000375
538	454	745	90	90	8000382
538	451	753	90	90	8000388
538	448	757	90	90	8000394
537	446	761	90	90	8000400
537	444	761	90	90	8000407
537	442	761	90	90	8000413
537	441	753	90	90	8000419
537	440	529	90	90	8000444
537	441	173	90	90	8000450
536	443	14	90	90	8000463
20
537	599	262	90	90	8000957
535	597	481	90	90	8000969
534	595	523	90	90	8000975
533	594	543	90	90	8000982
532	592	563	90	90	8000988
531	590	583	90	90	8000994
529	588	604	90	90	8001000
527	585	620	90	90	8001007
525	582	636	90	90	8001013
523	579	648	90	90	8001019
521	576	656	90	90	8001025
519	573	664	90	90	8001032
516	570	668	90	90	8001038
514	568	672	90	90	8001044
512	565	672	90	90	8001050
510	563	672	90	90	8001057
508	560	664	90	90	8001063
507	559	636	90	90	8001069
506	558	509	90	90	8001082
505	556	146	90	90	8001107
22
537	551	12	90	90	8001432
538	551	132	90	90	8001444
537	550	251	90	90	8001457
537	548	310	90	90	8001463
536	547	362	90	90	8001469
535	545	402	90	90	8001475
534	543	443	90	90	8001482
533	541	475	90	90	8001488
531	539	515	90	90	8001494
530	536	543	90	90	8001500
528	533	563	90	90	8001507
526	530	583	90	90	8001513
524	527	596	90	90	8001519
521	523	608	90	90	8001525
519	520	612	90	90	8001532
516	517	620	90	90	8001538
514	513	624	90	90	8001544
512	511	628	90	90	8001550
510	508	632	90	90	8001557
508	507	632	90	90	8001563
507	505	612	90	90	8001569
506	504	268	90	90	8001607
23
541	495	52	90	90	8001950
540	493	153	90	90	8001957
540	492	257	90	90	8001963
539	491	322	90	90	8001969
538	490	370	90	90	8001975
537	488	418	90	90	8001982
535	486	459	90	90	8001988
534	484	491	90	90	8001994
532	482	523	90	90	8002000
531	479	543	90	90	8002007
529	477	559	90	90	8002013
527	474	583	90	90	8002019
525	471	600	90	90	8002025
523	468	612	90	90	8002032
521	466	628	90	90	8002038
519	463	640	90	90	8002044
517	461	648	90	90	8002050
516	459	656	90	90	8002057
514	457	660	90	90	8002063
513	455	664	90	90	8002069
512	454	658	90	90	8002082
511	453	428	90	90	8002107
511	454	48	90	90	8002119
122
535	560	68	90	90	8003805
534	561	274	90	90	8003830
535	562	432	90	90	8003843
536	562	495	90	90	8003855
538	563	527	90	90	8003862
539	563	539	90	90	8003868
540	563	551	90	90	8003874
542	563	563	90	90	8003880
543	563	567	90	90	8003887
545	563	575	90	90	8003893
547	563	583	90	90	8003899
549	563	592	90	90	8003905
550	563	608	90	90	8003912
552	563	624	90	90	8003918
554	563	640	90	90	8003924
557	563	660	90	90	8003930
559	563	676	90	90	8003937
562	563	696	90	90	8003943
565	563	712	90	90	8003949
567	564	733	90	90	8003955
571	564	745	90	90	8003962
574	564	753	90	90	8003968
577	565	761	90	90	8003974
581	565	765	90	90	8003980
584	565	773	90	90	8003987
588	565	777	90	90	8003993
591	566	781	90	90	8003999
595	566	789	90	90	8004005
599	566	793	90	90	8004012
602	566	797	90	90	8004018
606	567	797	90	90	8004024
610	567	801	90	90	8004030
613	567	805	90	90	8004037
616	567	805	90	90	8004043
620	568	805	90	90	8004049
623	568	809	90	90	8004055
626	568	809	90	90	8004062
629	568	809	90	90	8004068
632	568	809	90	90	8004074
635	568	809	90	90	8004080
638	568	813	90	90	8004087
641	568	813	90	90	8004093
644	568	813	90	90	8004099
646	568	813	90	90	8004105
649	568	813	90	90	8004112
652	568	813	90	90	8004118
654	568	813	90	90	8004124
657	568	813	90	90	8004130
659	568	813	90	90	8004137
661	568	817	90	90	8004143
664	568	817	90	90	8004149
666	568	817	90	90	8004155
668	568	817	90	90	8004162
671	568	817	90	90	8004168
673	568	817	90	90	8004174
675	568	817	90	90	8004180
678	568	817	90	90	8004187
680	568	817	90	90	8004193
682	568	817	90	90	8004199
684	567	817	90	90	8004205
687	567	817	90	90	8004212
689	567	817	90	90	8004218
691	566	817	90	90	8004224
693	566	817	90	90	8004230
696	566	817	90	90	8004237
698	565	817	90	90	8004243
700	565	817	90	90	8004249
702	565	817	90	90	8004255
704	565	817	90	90	8004262
706	565	817	90	90	8004268
708	565	817	90	90	8004274
710	565	817	90	90	8004280
712	564	817	90	90	8004287
713	564	817	90	90	8004293
715	564	817	90	90	8004299
716	564	813	90	90	8004305
717	564	813	90	90	8004312
718	564	813	90	90	8004318
719	564	813	90	90	8004324
720	564	813	90	90	8004337
721	564	813	90	90	8004355
722	564	809	90	90	8004393
722	563	809	90	90	8004405
721	562	809	90	90	8004418
721	560	813	90	90	8004430
721	559	817	90	90	8004437
720	557	817	90	90	8004443
720	556	821	90	90	8004449
720	555	825	90	90	8004455
719	553	829	90	90	8004462
719	551	829	90	90	8004468
719	549	833	90	90	8004474
718	547	837	90	90	8004480
718	545	841	90	90	8004487
717	542	841	90	90	8004493
717	540	845	90	90	8004499
717	538	853	90	90	8004505
716	536	857	90	90	8004512
716	534	861	90	90	8004518
716	532	865	90	90	8004524
715	530	873	90	90	8004530
715	529	882	90	90	8004537
715	527	886	90	90	8004543
715	526	890	90	90	8004549
714	524	898	90	90	8004555
714	522	902	90	90	8004562
714	521	906	90	90	8004568
714	519	910	90	90	8004574
713	518	910	90	90	8004580
713	516	914	90	90	8004587
713	515	914	90	90	8004593
713	514	914	90	90	8004599
712	513	914	90	90	8004605
712	512	914	90	90	8004612
712	511	914	90	90	8004618
712	510	910	90	90	8004624
711	509	910	90	90	8004630
711	508	902	90	90	8004637
711	507	894	90	90	8004643
711	506	792	90	90	8004662
711	504	370	90	90	8004680
710	505	16	90	90	8004693
112
534	502	183	90	90	8005262
535	503	374	90	90	8005274
537	503	443	90	90	8005280
538	503	479	90	90	8005287
539	503	523	90	90	8005293
540	503	551	90	90	8005299
541	503	575	90	90	8005305
543	503	600	90	90	8005312
544	503	624	90	90	8005318
546	503	644	90	90	8005324
547	503	660	90	90	8005330
549	503	672	90	90	8005337
551	503	684	90	90	8005343
553	503	692	90	90	8005349
555	504	704	90	90	8005355
556	504	712	90	90	8005362
558	504	728	90	90	8005368
561	504	737	90	90	8005374
563	503	749	90	90	8005380
565	503	761	90	90	8005387
567	503	773	90	90	8005393
570	503	781	90	90	8005399
572	503	793	90	90	8005405
575	503	801	90	90	8005412
577	503	809	90	90	8005418
579	503	813	90	90	8005424
582	504	821	90	90	8005430
584	504	825	90	90	8005437
587	504	829	90	90	8005443
590	504	829	90	90	8005449
592	505	833	90	90	8005455
595	505	833	90	90	8005462
598	505	833	90	90	8005468
600	505	833	90	90	8005474
603	505	837	90	90	8005480
605	506	837	90	90	8005487
607	506	837	90	90	8005493
609	506	841	90	90	8005499
611	506	841	90	90	8005505
613	506	845	90	90	8005512
615	506	845	90	90	8005518
618	506	849	90	90	8005524
620	506	853	90	90	8005530
622	506	853	90	90	8005537
624	506	857	90	90	8005543
626	507	857	90	90	8005549
628	507	857	90	90	8005555
630	507	857	90	90	8005562
632	507	861	90	90	8005568
634	507	861	90	90	8005574
635	507	861	90	90	8005580
637	507	865	90	90	8005587
638	507	865	90	90	8005593
640	507	869	90	90	8005599
641	507	873	90	90	8005605
643	507	878	90	90	8005612
644	507	878	90	90	8005618
646	507	882	90	90	8005624
648	507	886	90	90	8005630
649	507	886	90	90	8005637
651	507	886	90	90	8005643
652	507	890	90	90	8005649
654	507	890	90	90	8005655
655	506	890	90	90	8005662
657	506	890	90	90	8005668
658	506	890	90	90	8005674
659	506	894	90	90	8005680
661	506	894	90	90	8005687
662	505	894	90	90	8005693
663	505	894	90	90	8005699
665	505	894	90	90	8005705
666	505	894	90	90	8005712
667	505	894	90	90	8005718
668	505	894	90	90	8005724
670	505	898	90	90	8005730
671	505	898	90	90	8005737
672	505	898	90	90	8005743
674	505	898	90	90	8005749
675	505	902	90	90	8005755
676	505	902	90	90	8005762
677	505	906	90	90	8005768
679	505	906	90	90	8005774
680	505	910	90	90	8005780
681	505	910	90	90	8005787
682	505	910	90	90	8005793
683	505	914	90	90	8005799
684	505	914	90	90	8005805
685	505	914	90	90	8005812
686	505	916	90	90	8005824
687	505	918	90	90	8005830
688	505	918	90	90	8005837
689	505	918	90	90	8005843
690	505	922	90	90	8005849
691	505	922	90	90	8005855
692	505	922	90	90	8005862
693	505	926	90	90	8005868
694	505	926	90	90	8005874
695	504	926	90	90	8005880
696	504	930	90	90	8005887
697	504	930	90	90	8005893
698	504	930	90	90	8005899
700	504	930	90	90	8005912
701	504	930	90	90	8005918
702	504	930	90	90	8005930
704	504	934	90	90	8005937
705	504	934	90	90	8005949
706	504	934	90	90	8005962
707	504	934	90	90	8005974
708	504	934	90	90	8005993
710	504	885	90	90	8006093
709	504	342	90	90	8006099
708	504	80	90	90	8006112
1
266	397	206	90	90	8008395
8
1
324	432	0	90	90	8255774
45
580	615	50	90	90	8256467
580	616	114	90	90	8256492
580	614	153	90	90	8256499
580	613	177	90	90	8256505
580	612	213	90	90	8256511
580	611	249	90	90	8256517
580	609	285	90	90	8256524
580	606	318	90	90	8256530
580	603	350	90	90	8256536
579	599	378	90	90	8256542
579	595	402	90	90	8256549
579	591	426	90	90	8256555
578	586	447	90	90	8256561
578	581	463	90	90	8256567
578	575	487	90	90	8256574
578	569	515	90	90	8256580
578	563	531	90	90	8256586
577	556	551	90	90	8256592
577	549	567	90	90	8256599
577	542	588	90	90	8256605
577	534	604	90	90	8256611
576	526	616	90	90	8256617
576	519	628	90	90	8256624
576	511	640	90	90	8256630
576	503	652	90	90	8256636
575	496	664	90	90	8256642
575	489	676	90	90	8256649
575	482	684	90	90	8256655
575	475	688	90	90	8256661
575	468	696	90	90	8256667
575	462	700	90	90	8256674
575	456	704	90	90	8256680
575	451	704	90	90	8256686
575	446	708	90	90	8256692
575	442	708	90	90	8256699
575	438	708	90	90	8256705
575	435	708	90	90	8256711
575	433	708	90	90	8256717
575	430	704	90	90	8256724
575	429	700	90	90	8256730
575	428	692	90	90	8256736
574	427	562	90	90	8256761
574	428	277	90	90	8256767
573	429	140	90	90	8256774
573	432	0	90	90	8256786
26
576	585	272	90	90	8257274
575	584	442	90	90	8257286
574	583	471	90	90	8257292
573	582	499	90	90	8257299
572	580	523	90	90	8257305
571	579	539	90	90	8257311
569	577	555	90	90	8257317
567	575	571	90	90	8257324
565	572	588	90	90	8257330
563	569	600	90	90	8257336
561	566	604	90	90	8257342
559	563	612	90	90	8257349
556	560	616	90	90	8257355
554	557	620	90	90	8257361
552	554	628	90	90	8257367
549	551	632	90	90	8257374
547	549	636	90	90	8257380
545	547	640	90	90	8257386
543	545	644	90	90	8257392
541	543	648	90	90	8257399
540	541	652	90	90	8257405
539	540	652	90	90	8257411
538	539	650	90	90	8257424
537	538	537	90	90	8257449
538	539	202	90	90	8257461
539	540	4	90	90	8257474
26
576	544	114	90	90	8257767
576	543	237	90	90	8257780
575	541	302	90	90	8257786
575	540	346	90	90	8257792
574	538	382	90	90	8257799
573	536	414	90	90	8257805
572	534	443	90	90	8257811
570	532	467	90	90	8257817
569	530	491	90	90	8257824
567	527	515	90	90	8257830
565	524	531	90	90	8257836
562	521	543	90	90	8257842
560	517	551	90	90	8257849
557	513	563	90	90	8257855
554	509	571	90	90	8257861
551	505	588	90	90	8257867
549	501	596	90	90	8257874
546	498	604	90	90	8257880
543	494	612	90	90	8257886
541	491	620	90	90	8257892
539	489	628	90	90	8257899
537	487	632	90	90	8257905
536	486	628	90	90	8257911
535	485	577	90	90	8257924
535	483	303	90	90	8257942
536	484	26	90	90	8257955
24
577	487	36	90	90	8258286
576	484	132	90	90	8258292
575	483	217	90	90	8258299
574	482	277	90	90	8258305
573	480	318	90	90	8258311
572	478	366	90	90	8258317
570	476	406	90	90	8258324
568	473	451	90	90	8258330
566	471	491	90	90	8258336
564	468	527	90	90	8258342
562	464	551	90	90	8258349
559	461	571	90	90	8258355
557	457	592	90	90	8258361
554	453	608	90	90	8258367
551	450	620	90	90	8258374
549	446	628	90	90	8258380
547	443	636	90	90	8258386
544	440	644	90	90	8258392
542	438	652	90	90	8258399
540	436	656	90	90	8258405
539	434	656	90	90	8258411
538	433	644	90	90	8258417
537	432	423	90	90	8258442
537	433	48	90	90	8258455
102
578	536	128	90	90	8258961
579	537	237	90	90	8258974
581	537	283	90	90	8258986
583	537	318	90	90	8258992
584	537	342	90	90	8258999
585	537	362	90	90	8259005
587	537	378	90	90	8259011
589	537	394	90	90	8259017
591	537	406	90	90	8259024
593	537	418	90	90	8259030
595	537	422	90	90	8259036
597	537	426	90	90	8259042
600	537	426	90	90	8259049
602	537	430	90	90	8259055
604	537	430	90	90	8259061
606	537	430	90	90	8259067
609	537	430	90	90	8259074
611	537	430	90	90	8259080
613	537	430	90	90	8259086
616	537	430	90	90	8259092
618	537	430	90	90	8259099
620	536	430	90	90	8259105
623	536	430	90	90	8259111
625	536	430	90	90	8259117
627	536	430	90	90	8259124
629	536	430	90	90	8259130
631	536	430	90	90	8259136
633	536	430	90	90	8259142
635	536	426	90	90	8259149
638	536	426	90	90	8259155
640	536	426	90	90	8259161
642	536	422	90	90	8259167
644	536	422	90	90	8259174
646	536	418	90	90	8259180
648	536	414	90	90	8259186
651	536	414	90	90	8259192
653	536	406	90	90	8259199
655	536	406	90	90	8259205
657	536	402	90	90	8259211
659	536	402	90	90	8259217
661	536	402	90	90	8259224
664	536	398	90	90	8259230
666	536	398	90	90	8259236
669	536	398	90	90	8259242
672	536	398	90	90	8259249
675	535	398	90	90	8259255
677	535	398	90	90	8259261
680	535	398	90	90	8259267
683	535	398	90	90	8259274
685	535	398	90	90	8259280
688	535	398	90	90	8259286
691	535	398	90	90	8259292
694	535	398	90	90	8259299
697	535	398	90	90	8259305
700	535	398	90	90	8259311
703	534	398	90	90	8259317
705	534	398	90	90	8259324
708	534	398	90	90	8259330
711	534	398	90	90	8259336
713	534	398	90	90	8259342
716	534	394	90	90	8259349
718	534	394	90	90	8259355
720	534	394	90	90	8259361
723	534	394	90	90	8259367
725	534	394	90	90	8259374
727	534	394	90	90	8259380
729	534	394	90	90	8259386
731	534	394	90	90	8259392
733	533	394	90	90	8259399
735	533	394	90	90	8259405
736	533	394	90	90	8259411
737	533	394	90	90	8259417
738	533	394	90	90	8259424
739	533	390	90	90	8259436
741	533	396	90	90	8259524
741	532	456	90	90	8259549
740	531	472	90	90	8259567
740	529	505	90	90	8259580
740	528	523	90	90	8259586
740	527	535	90	90	8259592
739	525	551	90	90	8259599
739	524	567	90	90	8259605
739	522	588	90	90	8259611
738	520	604	90	90	8259617
738	518	620	90	90	8259624
738	515	636	90	90	8259630
737	512	652	90	90	8259636
737	509	664	90	90	8259642
736	506	676	90	90	8259649
736	504	688	90	90	8259655
735	501	696	90	90	8259661
735	499	700	90	90	8259667
734	496	708	90	90	8259674
734	494	712	90	90	8259680
733	492	720	90	90	8259686
733	490	724	90	90	8259692
733	489	724	90	90	8259699
732	487	724	90	90	8259705
732	486	712	90	90	8259711
732	485	625	90	90	8259724
732	484	362	90	90	8259736
730	483	50	90	90	8259755
75
576	486	50	90	90	8260274
577	487	154	90	90	8260286
579	487	225	90	90	8260292
580	487	277	90	90	8260299
581	487	326	90	90	8260305
583	488	370	90	90	8260311
585	488	398	90	90	8260317
587	489	426	90	90	8260324
590	489	451	90	90	8260330
593	489	463	90	90	8260336
596	489	467	90	90	8260342
600	489	471	90	90	8260349
603	489	475	90	90	8260355
606	489	475	90	90	8260361
610	489	475	90	90	8260367
613	489	475	90	90	8260374
617	488	475	90	90	8260380
620	488	475	90	90	8260386
624	487	475	90	90	8260392
627	487	479	90	90	8260399
631	486	479	90	90	8260405
634	486	479	90	90	8260411
637	485	479	90	90	8260417
640	485	479	90	90	8260424
643	485	479	90	90	8260430
646	484	479	90	90	8260436
649	484	479	90	90	8260442
652	484	479	90	90	8260449
655	483	479	90	90	8260455
658	483	479	90	90	8260461
660	483	479	90	90	8260467
663	483	479	90	90	8260474
666	483	479	90	90	8260480
669	482	479	90	90	8260486
671	482	479	90	90	8260492
674	482	479	90	90	8260499
676	482	479	90	90	8260505
679	482	475	90	90	8260511
681	482	475	90	90	8260517
683	482	475	90	90	8260524
685	481	475	90	90	8260530
687	481	475	90	90	8260536
688	481	479	90	90	8260542
690	481	479	90	90	8260549
692	481	479	90	90	8260555
694	481	491	90	90	8260561
696	481	499	90	90	8260567
698	481	503	90	90	8260574
699	481	515	90	90	8260580
701	481	519	90	90	8260586
703	481	527	90	90	8260592
704	481	531	90	90	8260599
706	481	535	90	90	8260605
707	481	539	90	90	8260611
708	481	539	90	90	8260617
710	481	543	90	90	8260624
711	481	547	90	90	8260630
712	481	551	90	90	8260636
713	481	555	90	90	8260642
714	481	559	90	90	8260649
715	481	563	90	90	8260655
716	481	567	90	90	8260661
717	481	575	90	90	8260667
718	481	583	90	90	8260674
719	481	588	90	90	8260680
720	481	596	90	90	8260686
721	481	600	90	90	8260692
722	481	604	90	90	8260699
723	481	614	90	90	8260711
724	481	622	90	90	8260724
725	481	626	90	90	8260736
726	481	634	90	90	8260755
727	481	643	90	90	8260780
728	481	594	90	90	8260880
726	481	26	90	90	8260892
2
265	394	76	90	90	8263438
265	393	108	90	90	8263476
8
1
583	596	0	90	90	8463292
49
595	595	140	90	90	8463874
595	594	311	90	90	8463886
595	592	386	90	90	8463892
595	591	439	90	90	8463899
595	589	487	90	90	8463905
594	587	539	90	90	8463911
594	585	571	90	90	8463917
594	582	608	90	90	8463924
593	579	636	90	90	8463930
593	576	656	90	90	8463936
593	572	676	90	90	8463942
593	568	692	90	90	8463949
592	564	708	90	90	8463955
592	559	724	90	90	8463961
592	555	733	90	90	8463967
592	550	745	90	90	8463974
592	545	757	90	90	8463980
592	540	765	90	90	8463986
592	535	769	90	90	8463992
591	529	777	90	90	8463999
591	524	785	90	90	8464005
591	518	793	90	90	8464011
591	513	801	90	90	8464017
591	508	805	90	90	8464024
591	502	813	90	90	8464030
591	497	821	90	90	8464036
591	491	825	90	90	8464042
591	486	833	90	90	8464049
591	481	837	90	90	8464055
591	476	841	90	90	8464061
591	471	841	90	90	8464067
591	466	845	90	90	8464074
591	461	849	90	90	8464080
591	457	849	90	90	8464086
591	453	853	90	90	8464092
591	449	853	90	90	8464099
591	446	853	90	90	8464105
591	443	857	90	90	8464111
591	441	857	90	90	8464117
591	439	857	90	90	8464124
591	437	857	90	90	8464130
591	436	857	90	90	8464136
591	435	853	90	90	8464142
591	434	841	90	90	8464155
591	433	726	90	90	8464167
591	434	519	90	90	8464174
590	435	366	90	90	8464180
590	436	197	90	90	8464186
589	439	18	90	90	8464199
24
589	566	60	90	90	8464624
589	567	191	90	90	8464636
590	568	493	90	90	8464680
589	568	656	90	90	8464692
588	567	680	90	90	8464699
587	566	688	90	90	8464705
586	565	700	90	90	8464711
585	563	708	90	90	8464717
584	562	720	90	90	8464724
583	560	733	90	90	8464730
582	558	741	90	90	8464736
580	556	749	90	90	8464742
578	554	757	90	90	8464749
576	551	765	90	90	8464755
574	548	769	90	90	8464761
572	545	769	90	90	8464767
570	542	773	90	90	8464774
567	539	773	90	90	8464780
565	537	773	90	90	8464786
563	534	773	90	90	8464792
561	532	773	90	90	8464799
559	530	777	90	90	8464805
558	529	773	90	90	8464811
557	528	412	90	90	8464861
22
589	525	36	90	90	8465167
590	525	365	90	90	8465205
589	525	575	90	90	8465217
588	524	604	90	90	8465224
587	523	616	90	90	8465230
586	521	632	90	90	8465236
585	519	644	90	90	8465242
584	517	652	90	90	8465249
582	515	664	90	90	8465255
580	512	672	90	90	8465261
578	509	684	90	90	8465267
576	506	692	90	90	8465274
573	503	700	90	90	8465280
570	500	708	90	90	8465286
568	496	712	90	90	8465292
565	493	720	90	90	8465299
562	491	724	90	90	8465305
560	488	724	90	90	8465311
558	486	724	90	90	8465317
557	484	724	90	90	8465324
556	483	704	90	90	8465330
555	482	334	90	90	8465367
23
595	482	168	90	90	8465686
595	481	404	90	90	8465699
594	479	519	90	90	8465705
593	479	555	90	90	8465711
592	478	592	90	90	8465717
591	476	616	90	90	8465724
589	475	632	90	90	8465730
588	472	644	90	90	8465736
586	470	656	90	90	8465742
584	467	660	90	90	8465749
582	463	668	90	90	8465755
580	459	676	90	90	8465761
577	456	684	90	90	8465767
574	452	688	90	90	8465774
572	449	696	90	90	8465780
569	446	700	90	90	8465786
567	443	708	90	90	8465792
565	441	712	90	90	8465799
564	440	720	90	90	8465805
563	439	694	90	90	8465817
562	438	424	90	90	8465836
562	440	144	90	90	8465842
562	441	0	90	90	8465855
91
593	533	208	90	90	8466317
593	534	388	90	90	8466330
594	534	439	90	90	8466336
595	534	467	90	90	8466342
596	534	499	90	90	8466349
597	534	527	90	90	8466355
599	534	559	90	90	8466361
601	534	596	90	90	8466367
603	534	628	90	90	8466374
605	534	660	90	90	8466380
608	534	688	90	90	8466386
611	534	712	90	90	8466392
614	534	741	90	90	8466399
617	534	761	90	90	8466405
620	534	777	90	90	8466411
623	534	789	90	90	8466417
627	534	797	90	90	8466424
630	534	801	90	90	8466430
633	535	809	90	90	8466436
637	535	813	90	90	8466442
640	535	813	90	90	8466449
643	535	817	90	90	8466455
647	535	821	90	90	8466461
650	535	825	90	90	8466467
653	535	825	90	90	8466474
656	535	829	90	90	8466480
658	536	833	90	90	8466486
661	536	833	90	90	8466492
664	536	837	90	90	8466499
667	536	837	90	90	8466505
670	536	837	90	90	8466511
672	536	841	90	90	8466517
675	536	841	90	90	8466524
677	536	845	90	90	8466530
680	536	845	90	90	8466536
682	536	845	90	90	8466542
685	536	849	90	90	8466549
687	536	849	90	90	8466555
689	536	853	90	90	8466561
692	536	853	90	90	8466567
694	536	857	90	90	8466574
697	535	857	90	90	8466580
699	535	857	90	90	8466586
701	535	861	90	90	8466592
703	535	861	90	90	8466599
705	535	861	90	90	8466605
707	535	861	90	90	8466611
709	535	861	90	90	8466617
711	535	861	90	90	8466624
712	535	861	90	90	8466630
713	535	865	90	90	8466636
715	534	865	90	90	8466642
716	534	865	90	90	8466649
717	534	865	90	90	8466655
718	534	865	90	90	8466661
719	534	865	90	90	8466674
720	534	865	90	90	8466686
721	534	865	90	90	8466699
722	534	865	90	90	8466711
723	533	865	90	90	8466724
724	533	865	90	90	8466742
725	533	865	90	90	8466767
725	531	866	90	90	8466786
725	530	871	90	90	8466799
724	529	875	90	90	8466811
724	527	882	90	90	8466817
724	526	890	90	90	8466824
724	525	894	90	90	8466830
723	523	898	90	90	8466836
723	522	902	90	90	8466842
723	520	910	90	90	8466849
722	517	914	90	90	8466855
722	515	918	90	90	8466861
722	513	922	90	90	8466867
721	510	926	90	90	8466874
721	508	930	90	90	8466880
721	506	934	90	90	8466886
720	504	942	90	90	8466892
720	502	946	90	90	8466899
720	500	950	90	90	8466905
719	498	958	90	90	8466911
719	496	962	90	90	8466917
719	495	966	90	90	8466924
718	493	966	90	90	8466930
718	491	966	90	90	8466936
718	490	966	90	90	8466942
718	489	962	90	90	8466949
718	488	893	90	90	8466967
717	486	573	90	90	8466980
716	486	318	90	90	8466986
715	486	68	90	90	8466999
79
586	478	152	90	90	8467411
585	479	389	90	90	8467430
586	480	541	90	90	8467442
587	480	604	90	90	8467449
589	480	640	90	90	8467455
590	480	668	90	90	8467461
592	480	700	90	90	8467467
593	480	733	90	90	8467474
596	480	757	90	90	8467480
598	480	777	90	90	8467486
600	480	793	90	90	8467492
603	480	809	90	90	8467499
605	480	821	90	90	8467505
608	480	829	90	90	8467511
610	480	837	90	90	8467517
613	480	841	90	90	8467524
615	480	849	90	90	8467530
618	480	853	90	90	8467536
621	480	857	90	90	8467542
623	480	861	90	90	8467549
626	480	861	90	90	8467555
628	479	865	90	90	8467561
631	479	869	90	90	8467567
633	479	873	90	90	8467574
636	479	878	90	90	8467580
638	479	886	90	90	8467586
641	479	886	90	90	8467592
643	479	890	90	90	8467599
646	480	894	90	90	8467605
648	480	898	90	90	8467611
651	480	898	90	90	8467617
653	480	902	90	90	8467624
655	480	902	90	90	8467630
657	480	906	90	90	8467636
659	480	906	90	90	8467642
661	480	910	90	90	8467649
663	480	910	90	90	8467655
665	480	910	90	90	8467661
667	480	914	90	90	8467667
669	480	914	90	90	8467674
671	480	918	90	90	8467680
673	481	918	90	90	8467686
675	481	922	90	90	8467692
677	481	922	90	90	8467699
679	481	922	90	90	8467705
680	481	926	90	90	8467711
682	481	926	90	90	8467717
683	481	926	90	90	8467724
684	481	930	90	90	8467730
686	481	930	90	90	8467736
687	481	934	90	90	8467742
688	481	934	90	90	8467749
690	481	934	90	90	8467755
691	482	938	90	90	8467761
693	482	938	90	90	8467767
694	482	938	90	90	8467774
696	482	938	90	90	8467780
697	482	938	90	90	8467786
698	482	942	90	90	8467792
700	482	942	90	90	8467799
701	483	942	90	90	8467805
702	483	942	90	90	8467811
703	483	946	90	90	8467817
704	483	946	90	90	8467824
705	483	950	90	90	8467830
706	483	954	90	90	8467836
707	483	956	90	90	8467849
709	483	958	90	90	8467855
710	483	962	90	90	8467861
711	483	966	90	90	8467874
712	483	968	90	90	8467886
713	483	970	90	90	8467899
714	483	974	90	90	8467917
715	483	975	90	90	8467942
716	483	978	90	90	8467986
717	483	942	90	90	8468024
716	483	583	90	90	8468036
714	483	318	90	90	8468042
713	483	68	90	90	8468055
2
265	397	194	90	90	8471006
264	397	241	90	90	8471056
8
1
637	551	0	90	90	8710165
48
563	607	84	90	90	8710740
563	606	195	90	90	8710752
563	604	261	90	90	8710759
563	603	298	90	90	8710765
562	600	334	90	90	8710771
562	598	366	90	90	8710777
561	595	390	90	90	8710784
561	591	418	90	90	8710790
561	587	451	90	90	8710796
560	583	475	90	90	8710802
560	578	503	90	90	8710809
559	573	531	90	90	8710815
559	569	547	90	90	8710821
559	564	563	90	90	8710827
558	559	575	90	90	8710834
558	554	592	90	90	8710840
558	548	604	90	90	8710846
557	543	612	90	90	8710852
557	537	616	90	90	8710859
557	531	620	90	90	8710865
556	525	628	90	90	8710871
556	519	636	90	90	8710877
556	513	644	90	90	8710884
555	506	648	90	90	8710890
555	499	656	90	90	8710896
554	493	664	90	90	8710902
554	486	672	90	90	8710909
553	479	676	90	90	8710915
553	473	680	90	90	8710921
552	466	684	90	90	8710927
552	460	688	90	90	8710934
551	455	692	90	90	8710940
551	449	692	90	90	8710946
551	444	696	90	90	8710952
551	440	700	90	90	8710959
551	436	704	90	90	8710965
550	431	708	90	90	8710971
550	428	712	90	90	8710977
550	424	712	90	90	8710984
550	421	720	90	90	8710990
550	418	720	90	90	8710996
550	415	724	90	90	8711002
550	413	720	90	90	8711009
550	412	712	90	90	8711015
550	410	582	90	90	8711040
549	412	281	90	90	8711046
549	414	144	90	90	8711052
549	416	0	90	90	8711065
22
556	570	251	90	90	8711534
555	570	443	90	90	8711540
555	569	467	90	90	8711546
554	568	491	90	90	8711552
553	567	519	90	90	8711559
553	565	535	90	90	8711565
552	563	551	90	90	8711571
550	561	567	90	90	8711577
549	559	588	90	90	8711584
547	557	604	90	90	8711590
545	554	620	90	90	8711596
543	551	628	90	90	8711602
541	549	636	90	90	8711609
538	546	640	90	90	8711615
536	543	644	90	90	8711621
533	540	644	90	90	8711627
531	538	644	90	90	8711634
529	536	644	90	90	8711640
528	534	644	90	90	8711646
526	532	636	90	90	8711652
526	531	569	90	90	8711665
525	530	179	90	90	8711696
23
554	522	60	90	90	8712040
555	522	215	90	90	8712059
555	521	360	90	90	8712071
554	520	443	90	90	8712077
554	518	479	90	90	8712084
553	517	519	90	90	8712090
552	515	543	90	90	8712096
551	513	571	90	90	8712102
550	510	596	90	90	8712109
549	507	612	90	90	8712115
547	504	628	90	90	8712121
545	501	640	90	90	8712127
542	498	652	90	90	8712134
540	494	664	90	90	8712140
537	490	672	90	90	8712146
535	487	676	90	90	8712152
532	484	680	90	90	8712159
530	481	680	90	90	8712165
528	478	684	90	90	8712171
526	476	688	90	90	8712177
525	475	684	90	90	8712184
524	474	636	90	90	8712196
524	472	221	90	90	8712227
22
553	461	80	90	90	8712577
554	460	269	90	90	8712596
553	459	404	90	90	8712609
552	458	467	90	90	8712615
552	457	503	90	90	8712621
551	456	531	90	90	8712627
550	455	555	90	90	8712634
550	453	583	90	90	8712640
549	451	604	90	90	8712646
547	449	624	90	90	8712652
545	446	640	90	90	8712659
543	443	656	90	90	8712665
541	440	676	90	90	8712671
539	437	692	90	90	8712677
536	434	704	90	90	8712684
534	431	724	90	90	8712690
532	428	737	90	90	8712696
531	426	749	90	90	8712702
529	424	757	90	90	8712709
528	423	765	90	90	8712715
528	422	767	90	90	8712727
527	421	371	90	90	8712777
93
557	528	64	90	90	8713334
558	529	171	90	90	8713346
560	529	269	90	90	8713359
562	529	346	90	90	8713365
563	529	390	90	90	8713371
564	529	430	90	90	8713377
566	529	475	90	90	8713384
568	529	527	90	90	8713390
570	529	567	90	90	8713396
572	529	604	90	90	8713402
574	529	632	90	90	8713409
577	529	656	90	90	8713415
579	529	676	90	90	8713421
583	529	692	90	90	8713427
586	529	700	90	90	8713434
590	529	708	90	90	8713440
594	529	708	90	90	8713446
598	529	712	90	90	8713452
602	529	712	90	90	8713459
607	529	720	90	90	8713465
611	529	720	90	90	8713471
615	529	720	90	90	8713477
619	529	720	90	90	8713484
623	529	720	90	90	8713490
627	529	720	90	90	8713496
631	529	720	90	90	8713502
635	529	720	90	90	8713509
638	529	720	90	90	8713515
641	529	720	90	90	8713521
645	529	720	90	90	8713527
648	529	724	90	90	8713534
651	529	724	90	90	8713540
654	528	724	90	90	8713546
656	528	724	90	90	8713552
659	528	720	90	90	8713559
662	528	720	90	90	8713565
664	527	720	90	90	8713571
667	527	720	90	90	8713577
670	527	720	90	90	8713584
672	527	720	90	90	8713590
675	527	720	90	90	8713596
677	526	720	90	90	8713602
679	526	720	90	90	8713609
681	526	720	90	90	8713615
683	526	720	90	90	8713621
685	526	720	90	90	8713627
686	526	720	90	90	8713634
688	525	712	90	90	8713640
689	525	712	90	90	8713646
690	525	712	90	90	8713652
692	525	712	90	90	8713659
693	525	712	90	90	8713665
694	525	712	90	90	8713671
695	525	712	90	90	8713690
697	525	712	90	90	8713702
698	525	712	90	90	8713721
699	524	712	90	90	8713752
700	523	716	90	90	8713777
700	522	726	90	90	8713790
699	521	735	90	90	8713802
699	520	745	90	90	8713809
699	519	753	90	90	8713815
699	518	757	90	90	8713821
698	517	765	90	90	8713827
698	515	773	90	90	8713834
698	514	781	90	90	8713840
697	512	789	90	90	8713846
697	511	801	90	90	8713852
696	509	813	90	90	8713859
696	507	821	90	90	8713865
696	505	833	90	90	8713871
695	502	841	90	90	8713877
695	500	849	90	90	8713884
694	498	861	90	90	8713890
694	495	865	90	90	8713896
694	493	869	90	90	8713902
693	490	873	90	90	8713909
693	487	878	90	90	8713915
692	485	882	90	90	8713921
692	483	890	90	90	8713927
692	480	894	90	90	8713934
691	478	898	90	90	8713940
691	476	902	90	90	8713946
691	475	906	90	90	8713952
690	473	910	90	90	8713959
690	472	910	90	90	8713965
690	470	914	90	90	8713971
689	469	910	90	90	8713990
689	467	849	90	90	8714002
689	466	589	90	90	8714015
687	466	342	90	90	8714021
686	466	165	90	90	8714027
685	466	0	90	90	8714040
87
550	466	229	90	90	8714559
552	467	442	90	90	8714571
553	467	511	90	90	8714577
554	467	547	90	90	8714584
556	467	575	90	90	8714590
557	467	608	90	90	8714596
559	467	632	90	90	8714602
561	468	652	90	90	8714609
563	468	668	90	90	8714615
565	468	684	90	90	8714621
567	468	700	90	90	8714627
570	468	708	90	90	8714634
572	468	724	90	90	8714640
574	468	733	90	90	8714646
577	468	741	90	90	8714652
579	468	749	90	90	8714659
581	468	753	90	90	8714665
584	468	757	90	90	8714671
586	468	761	90	90	8714677
589	468	765	90	90	8714684
592	468	769	90	90	8714690
594	467	769	90	90	8714696
597	467	769	90	90	8714702
600	467	773	90	90	8714709
602	467	773	90	90	8714715
605	467	773	90	90	8714721
607	467	777	90	90	8714727
610	467	777	90	90	8714734
613	467	777	90	90	8714740
615	467	777	90	90	8714746
618	467	777	90	90	8714752
620	467	777	90	90	8714759
623	467	777	90	90	8714765
625	467	781	90	90	8714771
627	467	781	90	90	8714777
629	467	781	90	90	8714784
631	467	781	90	90	8714790
633	467	781	90	90	8714796
635	467	781	90	90	8714802
637	467	781	90	90	8714809
639	467	781	90	90	8714815
641	466	781	90	90	8714821
642	466	781	90	90	8714827
644	466	781	90	90	8714834
645	466	781	90	90	8714840
647	466	781	90	90	8714846
648	466	785	90	90	8714852
650	465	785	90	90	8714859
651	465	785	90	90	8714865
652	465	785	90	90	8714871
654	465	785	90	90	8714877
655	465	785	90	90	8714884
656	465	785	90	90	8714890
657	464	785	90	90	8714896
658	464	785	90	90	8714902
659	464	785	90	90	8714909
660	464	789	90	90	8714915
661	464	789	90	90	8714921
662	463	793	90	90	8714927
663	463	797	90	90	8714934
664	463	801	90	90	8714940
665	463	801	90	90	8714946
666	463	805	90	90	8714952
668	463	809	90	90	8714959
669	463	809	90	90	8714965
670	464	809	90	90	8714971
671	464	813	90	90	8714977
672	464	813	90	90	8714984
673	464	813	90	90	8714990
674	464	815	90	90	8715002
675	464	819	90	90	8715015
677	464	825	90	90	8715027
678	464	831	90	90	8715040
679	464	835	90	90	8715052
680	464	841	90	90	8715065
681	464	846	90	90	8715084
682	464	851	90	90	8715102
683	464	859	90	90	8715127
684	464	863	90	90	8715146
685	465	865	90	90	8715165
686	465	865	90	90	8715184
687	464	865	90	90	8715209
688	464	865	90	90	8715234
689	464	856	90	90	8715340
690	463	470	90	90	8715352
688	463	217	90	90	8715359
687	463	20	90	90	8715371
3
271	398	8	90	90	8718507
270	397	210	90	90	8718526
269	397	265	90	90	8718576
8
1
532	562	0	90	90	8943030
45
543	592	119	90	90	8943461
544	591	241	90	90	8943467
544	590	273	90	90	8943474
544	589	310	90	90	8943480
544	587	362	90	90	8943486
544	584	398	90	90	8943492
544	581	439	90	90	8943499
543	578	467	90	90	8943505
543	574	511	90	90	8943511
543	570	543	90	90	8943517
543	566	571	90	90	8943524
542	561	604	90	90	8943530
542	556	628	90	90	8943536
542	551	652	90	90	8943542
541	546	676	90	90	8943549
541	540	696	90	90	8943555
540	534	720	90	90	8943561
540	528	737	90	90	8943567
540	522	745	90	90	8943574
539	516	757	90	90	8943580
539	509	765	90	90	8943586
538	503	773	90	90	8943592
538	497	785	90	90	8943599
537	491	793	90	90	8943605
536	485	801	90	90	8943611
536	479	809	90	90	8943617
535	474	821	90	90	8943624
535	468	825	90	90	8943630
534	463	833	90	90	8943636
534	457	841	90	90	8943642
534	452	845	90	90	8943649
533	447	849	90	90	8943655
533	442	853	90	90	8943661
533	437	857	90	90	8943667
533	433	861	90	90	8943674
532	428	861	90	90	8943680
532	425	865	90	90	8943686
532	421	865	90	90	8943692
532	418	865	90	90	8943699
532	416	865	90	90	8943705
532	414	865	90	90	8943711
532	413	857	90	90	8943717
532	411	845	90	90	8943724
532	410	583	90	90	8943755
531	412	66	90	90	8943767
24
544	563	60	90	90	8944142
545	564	354	90	90	8944174
544	565	579	90	90	8944186
543	564	640	90	90	8944199
541	562	668	90	90	8944205
540	561	684	90	90	8944211
539	560	696	90	90	8944217
537	558	708	90	90	8944224
535	555	724	90	90	8944230
533	553	733	90	90	8944236
531	550	737	90	90	8944242
528	546	741	90	90	8944249
526	543	745	90	90	8944255
522	540	749	90	90	8944261
519	536	749	90	90	8944267
516	533	753	90	90	8944274
513	530	753	90	90	8944280
510	527	753	90	90	8944286
508	525	753	90	90	8944292
506	523	753	90	90	8944299
504	521	753	90	90	8944305
503	520	724	90	90	8944317
502	519	396	90	90	8944342
503	520	16	90	90	8944355
23
540	522	96	90	90	8944611
541	523	269	90	90	8944624
542	523	503	90	90	8944649
541	521	624	90	90	8944655
540	520	648	90	90	8944661
539	519	672	90	90	8944667
539	517	692	90	90	8944674
537	515	708	90	90	8944680
536	513	728	90	90	8944686
534	510	741	90	90	8944692
533	506	753	90	90	8944699
531	503	761	90	90	8944705
528	499	769	90	90	8944711
526	495	777	90	90	8944717
523	491	781	90	90	8944724
520	487	785	90	90	8944730
517	483	785	90	90	8944736
515	480	789	90	90	8944742
512	477	789	90	90	8944749
510	475	793	90	90	8944755
508	473	789	90	90	8944761
507	472	781	90	90	8944767
506	471	342	90	90	8944811
24
535	465	112	90	90	8945092
536	465	301	90	90	8945105
536	463	515	90	90	8945117
535	462	575	90	90	8945124
534	461	604	90	90	8945130
533	459	628	90	90	8945136
532	457	648	90	90	8945142
531	455	660	90	90	8945149
529	452	676	90	90	8945155
527	449	692	90	90	8945161
525	446	708	90	90	8945167
522	442	724	90	90	8945174
519	438	741	90	90	8945180
516	435	753	90	90	8945186
513	431	769	90	90	8945192
510	428	781	90	90	8945199
508	425	789	90	90	8945205
505	422	797	90	90	8945211
503	420	805	90	90	8945217
502	419	805	90	90	8945224
501	418	787	90	90	8945236
500	417	495	90	90	8945255
501	418	181	90	90	8945261
501	419	12	90	90	8945274
104
543	526	214	90	90	8945955
544	526	400	90	90	8945967
546	526	451	90	90	8945974
547	526	487	90	90	8945980
548	526	531	90	90	8945986
550	526	563	90	90	8945992
551	526	600	90	90	8945999
553	526	624	90	90	8946005
556	526	648	90	90	8946011
559	527	668	90	90	8946017
561	527	684	90	90	8946024
565	528	696	90	90	8946030
568	528	704	90	90	8946036
571	528	720	90	90	8946042
575	528	728	90	90	8946049
578	529	733	90	90	8946055
581	529	741	90	90	8946061
585	529	749	90	90	8946067
588	529	753	90	90	8946074
592	529	761	90	90	8946080
595	529	765	90	90	8946086
598	528	765	90	90	8946092
602	528	769	90	90	8946099
605	528	769	90	90	8946105
608	528	769	90	90	8946111
611	527	769	90	90	8946117
614	527	769	90	90	8946124
617	526	769	90	90	8946130
620	526	769	90	90	8946136
623	526	769	90	90	8946142
626	525	773	90	90	8946149
629	525	773	90	90	8946155
632	525	773	90	90	8946161
634	524	777	90	90	8946167
637	524	777	90	90	8946174
639	524	781	90	90	8946180
642	524	789	90	90	8946186
645	523	797	90	90	8946192
648	523	805	90	90	8946199
651	523	809	90	90	8946205
655	523	817	90	90	8946211
658	523	821	90	90	8946217
662	523	829	90	90	8946224
665	522	829	90	90	8946230
669	522	829	90	90	8946236
672	522	829	90	90	8946242
675	521	829	90	90	8946249
678	521	829	90	90	8946255
681	520	829	90	90	8946261
684	520	829	90	90	8946267
686	519	829	90	90	8946274
689	519	829	90	90	8946280
691	518	829	90	90	8946286
693	518	829	90	90	8946292
695	517	829	90	90	8946299
697	517	829	90	90	8946305
699	517	829	90	90	8946311
701	517	829	90	90	8946317
703	516	829	90	90	8946324
705	516	829	90	90	8946330
706	516	829	90	90	8946336
707	516	829	90	90	8946342
709	516	829	90	90	8946349
710	516	829	90	90	8946361
711	516	825	90	90	8946380
712	516	827	90	90	8946430
712	515	829	90	90	8946442
712	514	829	90	90	8946455
711	513	829	90	90	8946467
711	511	829	90	90	8946474
710	510	833	90	90	8946480
710	509	833	90	90	8946486
710	508	833	90	90	8946492
710	507	837	90	90	8946499
710	506	841	90	90	8946505
710	505	845	90	90	8946511
710	504	849	90	90	8946517
709	502	853	90	90	8946524
709	501	861	90	90	8946530
709	499	865	90	90	8946536
709	497	869	90	90	8946542
708	496	873	90	90	8946549
708	493	878	90	90	8946555
707	491	882	90	90	8946561
707	489	886	90	90	8946567
707	486	890	90	90	8946574
706	484	898	90	90	8946580
706	481	906	90	90	8946586
705	479	910	90	90	8946592
705	476	918	90	90	8946599
704	474	922	90	90	8946605
704	473	926	90	90	8946611
704	471	930	90	90	8946617
703	469	934	90	90	8946624
703	467	938	90	90	8946630
702	466	938	90	90	8946636
702	465	938	90	90	8946642
702	464	934	90	90	8946649
701	463	918	90	90	8946655
701	462	788	90	90	8946667
700	461	563	90	90	8946674
699	462	390	90	90	8946680
697	462	213	90	90	8946686
696	463	14	90	90	8946699
113
535	467	56	90	90	8947230
536	466	154	90	90	8947242
537	467	237	90	90	8947255
538	467	310	90	90	8947261
539	467	370	90	90	8947267
540	467	418	90	90	8947274
541	467	467	90	90	8947280
542	468	515	90	90	8947286
543	468	547	90	90	8947292
544	468	575	90	90	8947299
546	468	600	90	90	8947305
547	468	616	90	90	8947311
548	468	632	90	90	8947317
550	468	644	90	90	8947324
551	468	656	90	90	8947330
553	468	664	90	90	8947336
554	468	676	90	90	8947342
556	468	684	90	90	8947349
558	468	692	90	90	8947355
560	468	704	90	90	8947361
561	468	712	90	90	8947367
563	467	724	90	90	8947374
565	467	733	90	90	8947380
567	467	741	90	90	8947386
568	467	749	90	90	8947392
570	467	753	90	90	8947399
572	466	761	90	90	8947405
573	466	765	90	90	8947411
575	466	769	90	90	8947417
576	466	773	90	90	8947424
577	466	777	90	90	8947430
579	466	781	90	90	8947436
580	466	785	90	90	8947442
582	466	785	90	90	8947449
584	466	789	90	90	8947455
585	465	789	90	90	8947461
587	465	793	90	90	8947467
589	465	793	90	90	8947474
591	465	793	90	90	8947480
593	465	797	90	90	8947486
595	465	797	90	90	8947492
597	465	801	90	90	8947499
599	465	805	90	90	8947505
601	465	809	90	90	8947511
603	465	817	90	90	8947517
604	465	825	90	90	8947524
606	465	833	90	90	8947530
608	465	841	90	90	8947536
611	465	849	90	90	8947542
613	465	853	90	90	8947549
616	465	861	90	90	8947555
618	464	861	90	90	8947561
621	464	861	90	90	8947567
623	464	861	90	90	8947574
626	464	861	90	90	8947580
628	464	861	90	90	8947586
630	464	861	90	90	8947592
632	463	861	90	90	8947599
634	463	865	90	90	8947605
636	463	865	90	90	8947611
638	463	865	90	90	8947617
640	463	865	90	90	8947624
641	462	865	90	90	8947630
643	462	865	90	90	8947636
645	462	865	90	90	8947642
647	462	865	90	90	8947649
648	462	865	90	90	8947655
650	462	865	90	90	8947661
651	462	865	90	90	8947667
653	462	865	90	90	8947674
654	462	865	90	90	8947680
655	462	865	90	90	8947686
656	462	865	90	90	8947692
658	462	865	90	90	8947699
659	462	865	90	90	8947705
660	462	865	90	90	8947711
661	462	865	90	90	8947717
662	462	865	90	90	8947724
663	462	865	90	90	8947730
664	462	865	90	90	8947736
665	462	865	90	90	8947742
666	462	865	90	90	8947749
668	462	865	90	90	8947755
669	462	865	90	90	8947761
671	462	865	90	90	8947767
672	462	865	90	90	8947774
673	462	865	90	90	8947780
675	462	865	90	90	8947786
676	462	865	90	90	8947792
677	462	865	90	90	8947799
679	462	865	90	90	8947805
680	462	865	90	90	8947811
681	462	865	90	90	8947824
682	461	865	90	90	8947830
683	461	865	90	90	8947842
685	461	865	90	90	8947849
686	461	867	90	90	8947861
687	461	869	90	90	8947867
688	461	869	90	90	8947874
689	461	869	90	90	8947880
690	461	869	90	90	8947886
691	461	871	90	90	8947899
692	461	873	90	90	8947911
694	461	878	90	90	8947924
695	461	880	90	90	8947936
696	460	882	90	90	8947949
697	460	882	90	90	8947961
698	460	882	90	90	8947974
699	460	882	90	90	8947986
700	460	886	90	90	8947999
701	460	814	90	90	8948099
700	460	177	90	90	8948105
698	460	2	90	90	8948117
2
274	394	28	90	90	8951498
273	393	191	90	90	8951555
8
1
571	542	0	90	90	9164899
38
562	599	28	90	90	9165318
562	597	68	90	90	9165324
562	596	120	90	90	9165330
562	594	169	90	90	9165336
562	591	229	90	90	9165343
563	588	285	90	90	9165349
563	585	342	90	90	9165355
563	580	390	90	90	9165361
563	575	443	90	90	9165368
563	570	479	90	90	9165374
563	565	523	90	90	9165380
563	558	555	90	90	9165386
562	552	583	90	90	9165393
562	545	608	90	90	9165399
562	538	632	90	90	9165405
562	530	656	90	90	9165411
562	523	676	90	90	9165418
562	516	692	90	90	9165424
561	508	708	90	90	9165430
561	500	724	90	90	9165436
561	493	733	90	90	9165443
561	486	745	90	90	9165449
561	479	749	90	90	9165455
561	472	757	90	90	9165461
561	466	765	90	90	9165468
561	461	773	90	90	9165474
561	456	777	90	90	9165480
561	452	785	90	90	9165486
561	448	785	90	90	9165493
561	445	789	90	90	9165499
561	443	789	90	90	9165505
561	441	789	90	90	9165511
562	439	785	90	90	9165518
562	438	765	90	90	9165530
562	437	613	90	90	9165549
562	438	350	90	90	9165555
562	440	205	90	90	9165561
561	442	30	90	90	9165574
21
560	577	24	90	90	9165955
561	579	148	90	90	9165974
561	580	345	90	90	9166005
560	578	426	90	90	9166011
559	577	451	90	90	9166018
558	576	467	90	90	9166024
557	574	499	90	90	9166030
556	572	523	90	90	9166036
555	569	547	90	90	9166043
553	566	571	90	90	9166049
551	563	596	90	90	9166055
549	560	616	90	90	9166061
546	556	628	90	90	9166068
543	552	640	90	90	9166074
540	549	644	90	90	9166080
538	545	648	90	90	9166086
535	542	652	90	90	9166093
533	540	652	90	90	9166099
531	538	640	90	90	9166105
529	536	600	90	90	9166111
529	535	225	90	90	9166149
20
563	537	148	90	90	9166430
562	536	338	90	90	9166436
562	535	414	90	90	9166443
561	534	471	90	90	9166449
560	532	531	90	90	9166455
559	531	571	90	90	9166461
558	529	608	90	90	9166468
556	526	632	90	90	9166474
555	523	652	90	90	9166480
553	519	668	90	90	9166486
551	515	680	90	90	9166493
548	511	688	90	90	9166499
546	507	696	90	90	9166505
543	503	700	90	90	9166511
540	499	704	90	90	9166518
538	495	708	90	90	9166524
536	492	708	90	90	9166530
534	490	700	90	90	9166536
532	488	672	90	90	9166543
531	486	281	90	90	9166580
20
565	480	32	90	90	9166874
566	479	120	90	90	9166880
565	478	205	90	90	9166886
564	477	285	90	90	9166893
563	476	310	90	90	9166899
562	474	338	90	90	9166905
561	472	370	90	90	9166911
559	470	398	90	90	9166918
558	467	430	90	90	9166924
556	464	459	90	90	9166930
554	461	487	90	90	9166936
551	457	515	90	90	9166943
549	453	535	90	90	9166949
547	450	551	90	90	9166955
544	447	563	90	90	9166961
542	444	571	90	90	9166968
540	442	571	90	90	9166974
539	440	559	90	90	9166980
537	438	515	90	90	9166986
536	438	175	90	90	9167018
112
561	535	152	90	90	9167843
562	535	303	90	90	9167855
564	535	346	90	90	9167861
565	535	378	90	90	9167868
567	535	406	90	90	9167874
568	536	447	90	90	9167880
570	536	475	90	90	9167886
572	536	515	90	90	9167893
573	536	539	90	90	9167899
575	537	559	90	90	9167905
577	537	583	90	90	9167911
579	537	600	90	90	9167918
582	537	608	90	90	9167924
584	538	616	90	90	9167930
587	538	616	90	90	9167936
590	538	620	90	90	9167943
592	538	620	90	90	9167949
595	538	620	90	90	9167955
598	538	624	90	90	9167961
601	538	624	90	90	9167968
604	538	624	90	90	9167974
607	538	624	90	90	9167980
610	538	624	90	90	9167986
613	538	624	90	90	9167993
616	538	624	90	90	9167999
619	538	624	90	90	9168005
622	538	624	90	90	9168011
625	538	624	90	90	9168018
628	538	624	90	90	9168024
631	538	624	90	90	9168030
634	538	624	90	90	9168036
637	538	624	90	90	9168043
640	538	624	90	90	9168049
643	538	624	90	90	9168055
646	537	624	90	90	9168061
649	537	624	90	90	9168068
651	537	624	90	90	9168074
654	537	624	90	90	9168080
656	536	624	90	90	9168086
659	536	624	90	90	9168093
661	536	624	90	90	9168099
664	536	624	90	90	9168105
666	536	624	90	90	9168111
669	536	628	90	90	9168118
671	537	628	90	90	9168124
674	537	628	90	90	9168130
677	537	628	90	90	9168136
679	537	628	90	90	9168143
681	537	628	90	90	9168149
683	537	628	90	90	9168155
686	537	628	90	90	9168161
688	537	628	90	90	9168168
690	537	628	90	90	9168174
692	537	628	90	90	9168180
694	537	628	90	90	9168186
696	537	628	90	90	9168193
699	537	628	90	90	9168199
701	537	628	90	90	9168205
703	537	628	90	90	9168211
705	537	628	90	90	9168218
707	537	628	90	90	9168224
708	537	628	90	90	9168230
710	537	628	90	90	9168236
711	537	624	90	90	9168243
713	537	624	90	90	9168249
714	537	624	90	90	9168255
715	536	624	90	90	9168261
716	536	624	90	90	9168268
717	536	624	90	90	9168274
719	536	624	90	90	9168280
720	536	628	90	90	9168286
721	536	628	90	90	9168293
722	536	628	90	90	9168299
723	536	628	90	90	9168305
724	536	628	90	90	9168311
725	536	628	90	90	9168318
726	536	628	90	90	9168330
727	536	628	90	90	9168343
728	536	635	90	90	9168418
728	535	654	90	90	9168430
728	534	662	90	90	9168443
727	533	672	90	90	9168449
727	532	676	90	90	9168455
727	531	680	90	90	9168461
726	530	684	90	90	9168468
726	529	692	90	90	9168474
726	527	696	90	90	9168480
725	526	704	90	90	9168486
725	524	712	90	90	9168493
724	522	724	90	90	9168499
724	520	733	90	90	9168505
724	518	741	90	90	9168511
723	515	749	90	90	9168518
723	513	761	90	90	9168524
722	511	769	90	90	9168530
722	508	777	90	90	9168536
721	506	785	90	90	9168543
721	504	793	90	90	9168549
720	501	801	90	90	9168555
720	499	809	90	90	9168561
719	497	813	90	90	9168568
719	495	817	90	90	9168574
718	493	821	90	90	9168580
718	491	825	90	90	9168586
718	489	829	90	90	9168593
717	487	829	90	90	9168599
717	486	829	90	90	9168605
717	484	833	90	90	9168611
717	483	829	90	90	9168618
717	482	803	90	90	9168630
716	481	507	90	90	9168649
715	481	75	90	90	9168668
94
559	478	108	90	90	9169143
559	479	286	90	90	9169174
561	480	386	90	90	9169180
562	480	418	90	90	9169186
563	480	447	90	90	9169193
564	481	475	90	90	9169199
566	481	511	90	90	9169205
567	481	539	90	90	9169211
569	481	563	90	90	9169218
571	481	592	90	90	9169224
573	481	616	90	90	9169230
575	481	636	90	90	9169236
577	482	656	90	90	9169243
579	482	668	90	90	9169249
582	482	684	90	90	9169255
584	483	692	90	90	9169261
586	483	704	90	90	9169268
589	483	708	90	90	9169274
591	483	720	90	90	9169280
594	483	724	90	90	9169286
596	483	728	90	90	9169293
599	483	728	90	90	9169299
601	483	728	90	90	9169305
603	483	728	90	90	9169311
606	483	728	90	90	9169318
608	483	728	90	90	9169324
610	483	728	90	90	9169330
612	482	728	90	90	9169336
614	482	728	90	90	9169343
616	482	733	90	90	9169349
618	482	733	90	90	9169355
620	481	733	90	90	9169361
622	481	733	90	90	9169368
624	481	737	90	90	9169374
626	481	737	90	90	9169380
628	481	741	90	90	9169386
630	481	741	90	90	9169393
632	480	745	90	90	9169399
634	480	749	90	90	9169405
636	480	749	90	90	9169411
638	480	753	90	90	9169418
640	480	753	90	90	9169424
642	480	753	90	90	9169430
644	480	757	90	90	9169436
646	480	757	90	90	9169443
648	480	757	90	90	9169449
650	480	757	90	90	9169455
652	480	757	90	90	9169461
654	480	757	90	90	9169468
656	480	757	90	90	9169474
658	480	757	90	90	9169480
660	480	757	90	90	9169486
661	480	757	90	90	9169493
663	480	761	90	90	9169499
665	480	761	90	90	9169505
667	479	761	90	90	9169511
669	479	761	90	90	9169518
671	479	761	90	90	9169524
673	479	761	90	90	9169530
674	479	761	90	90	9169536
676	478	761	90	90	9169543
678	478	761	90	90	9169549
679	478	761	90	90	9169555
681	478	761	90	90	9169561
683	478	761	90	90	9169568
684	478	761	90	90	9169574
685	478	761	90	90	9169580
687	478	761	90	90	9169586
688	478	761	90	90	9169593
690	478	765	90	90	9169599
691	478	765	90	90	9169605
693	478	765	90	90	9169611
694	478	765	90	90	9169618
695	478	769	90	90	9169624
697	477	769	90	90	9169630
698	477	773	90	90	9169636
700	477	773	90	90	9169643
701	478	773	90	90	9169649
702	478	777	90	90	9169655
703	478	777	90	90	9169661
704	478	781	90	90	9169668
705	478	781	90	90	9169674
706	478	785	90	90	9169680
707	479	789	90	90	9169693
708	479	793	90	90	9169705
709	479	797	90	90	9169718
710	479	803	90	90	9169730
711	479	807	90	90	9169743
712	479	809	90	90	9169755
713	479	813	90	90	9169768
715	479	814	90	90	9169786
716	479	732	90	90	9169855
714	479	209	90	90	9169861
713	479	20	90	90	9169874
2
266	397	198	90	90	9172838
267	397	44	90	90	9172856
8
1
628	552	0	90	90	9388480
46
558	611	24	90	90	9389049
558	608	72	90	90	9389055
558	605	124	90	90	9389061
557	603	169	90	90	9389067
557	599	213	90	90	9389074
557	596	261	90	90	9389080
557	592	302	90	90	9389086
556	588	346	90	90	9389092
556	584	386	90	90	9389099
556	579	422	90	90	9389105
555	574	463	90	90	9389111
555	569	499	90	90	9389117
554	563	531	90	90	9389124
554	557	555	90	90	9389130
554	551	575	90	90	9389136
554	545	600	90	90	9389142
554	538	616	90	90	9389149
554	532	632	90	90	9389155
554	525	644	90	90	9389161
554	518	656	90	90	9389167
554	511	668	90	90	9389174
554	504	680	90	90	9389180
554	497	688	90	90	9389186
554	491	696	90	90	9389192
554	484	700	90	90	9389199
554	478	704	90	90	9389205
554	472	708	90	90	9389211
553	466	712	90	90	9389217
553	460	712	90	90	9389224
553	454	720	90	90	9389230
553	449	724	90	90	9389236
553	444	724	90	90	9389242
552	439	728	90	90	9389249
552	434	728	90	90	9389255
552	430	728	90	90	9389261
552	426	733	90	90	9389267
551	422	733	90	90	9389274
551	418	733	90	90	9389280
551	415	733	90	90	9389286
551	412	728	90	90	9389292
551	410	724	90	90	9389299
551	408	708	90	90	9389305
552	407	684	90	90	9389311
552	406	498	90	90	9389336
552	408	177	90	90	9389342
552	410	20	90	90	9389355
21
553	579	16	90	90	9389780
553	580	239	90	90	9389805
552	580	424	90	90	9389817
551	578	479	90	90	9389824
549	577	515	90	90	9389830
548	575	543	90	90	9389836
546	572	571	90	90	9389842
544	569	600	90	90	9389849
542	565	620	90	90	9389855
540	561	640	90	90	9389861
537	557	660	90	90	9389867
535	553	676	90	90	9389874
532	549	684	90	90	9389880
530	545	692	90	90	9389886
528	541	696	90	90	9389892
527	538	700	90	90	9389899
525	536	700	90	90	9389905
524	534	692	90	90	9389911
523	532	676	90	90	9389917
522	531	513	90	90	9389936
521	531	128	90	90	9389955
22
554	526	52	90	90	9390317
554	525	197	90	90	9390330
553	524	322	90	90	9390336
552	522	390	90	90	9390342
551	521	443	90	90	9390349
550	519	491	90	90	9390355
549	517	535	90	90	9390361
548	514	563	90	90	9390367
546	511	596	90	90	9390374
544	508	620	90	90	9390380
541	504	644	90	90	9390386
539	501	664	90	90	9390392
537	497	680	90	90	9390399
535	494	692	90	90	9390405
532	491	700	90	90	9390411
530	488	704	90	90	9390417
529	486	708	90	90	9390424
528	484	704	90	90	9390430
527	483	692	90	90	9390436
526	482	597	90	90	9390449
525	481	274	90	90	9390467
525	482	0	90	90	9390480
22
556	465	36	90	90	9390811
555	463	120	90	90	9390817
555	461	169	90	90	9390824
554	460	213	90	90	9390830
553	458	261	90	90	9390836
552	456	310	90	90	9390842
551	454	374	90	90	9390849
550	451	422	90	90	9390855
549	448	463	90	90	9390861
547	445	511	90	90	9390867
545	442	539	90	90	9390874
542	438	563	90	90	9390880
540	435	592	90	90	9390886
537	431	604	90	90	9390892
535	428	620	90	90	9390899
532	425	628	90	90	9390905
530	422	636	90	90	9390911
528	420	644	90	90	9390917
527	418	648	90	90	9390924
526	417	640	90	90	9390930
526	416	541	90	90	9390942
525	415	169	90	90	9390967
110
552	529	139	90	90	9391492
553	529	249	90	90	9391499
554	529	277	90	90	9391505
555	529	302	90	90	9391511
557	529	334	90	90	9391517
559	529	362	90	90	9391524
561	529	386	90	90	9391530
563	529	406	90	90	9391536
566	529	430	90	90	9391542
569	530	455	90	90	9391549
571	530	475	90	90	9391555
574	530	499	90	90	9391561
577	530	515	90	90	9391567
580	530	527	90	90	9391574
583	530	535	90	90	9391580
586	531	543	90	90	9391586
589	531	547	90	90	9391592
592	531	555	90	90	9391599
595	531	559	90	90	9391605
598	531	563	90	90	9391611
602	531	567	90	90	9391617
605	532	571	90	90	9391624
608	532	571	90	90	9391630
611	532	575	90	90	9391636
614	532	575	90	90	9391642
617	532	583	90	90	9391649
620	532	588	90	90	9391655
622	532	588	90	90	9391661
625	532	592	90	90	9391667
628	532	592	90	90	9391674
631	531	596	90	90	9391680
633	531	596	90	90	9391686
636	531	596	90	90	9391692
639	531	600	90	90	9391699
641	531	604	90	90	9391705
644	530	604	90	90	9391711
647	530	608	90	90	9391717
649	530	612	90	90	9391724
652	530	620	90	90	9391730
655	530	628	90	90	9391736
658	530	640	90	90	9391742
660	530	644	90	90	9391749
664	530	652	90	90	9391755
667	530	660	90	90	9391761
670	530	664	90	90	9391767
674	530	672	90	90	9391774
677	530	672	90	90	9391780
681	530	672	90	90	9391786
684	530	672	90	90	9391792
688	530	676	90	90	9391799
692	530	676	90	90	9391805
695	530	676	90	90	9391811
698	529	676	90	90	9391817
702	529	676	90	90	9391824
705	529	672	90	90	9391830
708	529	672	90	90	9391836
711	529	672	90	90	9391842
713	529	672	90	90	9391849
716	529	672	90	90	9391855
718	529	672	90	90	9391861
721	529	668	90	90	9391867
723	529	668	90	90	9391874
725	529	668	90	90	9391880
728	529	668	90	90	9391886
730	529	668	90	90	9391892
731	529	668	90	90	9391899
733	529	668	90	90	9391905
735	529	668	90	90	9391911
736	529	664	90	90	9391917
737	529	664	90	90	9391924
738	529	664	90	90	9391936
739	529	664	90	90	9391949
740	528	660	90	90	9391974
741	528	661	90	90	9391999
741	527	664	90	90	9392011
740	526	669	90	90	9392030
740	525	676	90	90	9392042
739	524	686	90	90	9392055
739	522	692	90	90	9392061
739	521	696	90	90	9392067
738	520	696	90	90	9392074
738	519	700	90	90	9392080
738	518	708	90	90	9392086
738	517	712	90	90	9392092
737	515	724	90	90	9392099
737	513	733	90	90	9392105
737	512	741	90	90	9392111
737	510	749	90	90	9392117
737	508	757	90	90	9392124
736	506	769	90	90	9392130
736	504	777	90	90	9392136
736	503	785	90	90	9392142
736	501	789	90	90	9392149
736	499	797	90	90	9392155
735	497	805	90	90	9392161
735	495	813	90	90	9392167
735	493	817	90	90	9392174
734	491	825	90	90	9392180
734	489	837	90	90	9392186
733	486	845	90	90	9392192
733	484	849	90	90	9392199
732	482	857	90	90	9392205
732	480	861	90	90	9392211
731	478	869	90	90	9392217
731	477	873	90	90	9392224
731	475	873	90	90	9392230
730	474	873	90	90	9392236
730	473	873	90	90	9392249
730	472	847	90	90	9392261
730	471	371	90	90	9392299
118
553	465	48	90	90	9392811
554	465	128	90	90	9392830
555	465	235	90	90	9392842
556	465	310	90	90	9392855
558	465	354	90	90	9392861
559	465	382	90	90	9392867
560	465	398	90	90	9392874
561	465	422	90	90	9392880
563	465	443	90	90	9392886
564	465	455	90	90	9392892
566	465	471	90	90	9392899
568	465	487	90	90	9392905
570	465	503	90	90	9392911
571	465	519	90	90	9392917
573	465	535	90	90	9392924
575	465	547	90	90	9392930
576	465	559	90	90	9392936
578	465	571	90	90	9392942
579	466	588	90	90	9392949
581	466	600	90	90	9392955
583	466	616	90	90	9392961
584	466	632	90	90	9392967
586	466	644	90	90	9392974
588	466	656	90	90	9392980
590	466	664	90	90	9392986
593	466	672	90	90	9392992
595	466	676	90	90	9392999
597	466	680	90	90	9393005
599	466	684	90	90	9393011
601	466	684	90	90	9393017
603	466	688	90	90	9393024
604	466	692	90	90	9393030
606	466	696	90	90	9393036
608	466	700	90	90	9393042
610	466	708	90	90	9393049
611	466	712	90	90	9393055
613	466	720	90	90	9393061
615	466	728	90	90	9393067
617	466	737	90	90	9393074
619	466	745	90	90	9393080
621	466	753	90	90	9393086
623	466	757	90	90	9393092
626	466	765	90	90	9393099
628	466	773	90	90	9393105
630	466	781	90	90	9393111
632	466	785	90	90	9393117
635	466	785	90	90	9393124
637	466	785	90	90	9393130
639	466	789	90	90	9393136
642	466	789	90	90	9393142
644	466	789	90	90	9393149
646	466	789	90	90	9393155
648	466	789	90	90	9393161
650	466	789	90	90	9393167
652	466	789	90	90	9393174
654	466	789	90	90	9393180
655	466	789	90	90	9393186
657	466	789	90	90	9393192
658	466	789	90	90	9393199
660	465	789	90	90	9393205
661	465	789	90	90	9393211
662	465	789	90	90	9393217
664	465	789	90	90	9393224
666	465	789	90	90	9393230
667	465	789	90	90	9393236
669	465	789	90	90	9393242
670	465	789	90	90	9393249
672	465	789	90	90	9393255
673	465	789	90	90	9393261
675	465	789	90	90	9393267
677	465	789	90	90	9393274
678	465	789	90	90	9393280
679	465	789	90	90	9393286
681	465	789	90	90	9393292
682	465	789	90	90	9393299
683	465	789	90	90	9393305
684	465	785	90	90	9393311
686	465	785	90	90	9393317
687	465	785	90	90	9393324
688	465	785	90	90	9393330
689	465	785	90	90	9393336
690	465	785	90	90	9393342
692	465	785	90	90	9393349
693	465	785	90	90	9393355
694	464	785	90	90	9393361
696	464	785	90	90	9393367
697	464	785	90	90	9393374
698	464	785	90	90	9393380
699	464	785	90	90	9393386
700	464	785	90	90	9393392
702	464	785	90	90	9393399
703	464	785	90	90	9393405
704	464	785	90	90	9393411
705	464	785	90	90	9393417
706	464	785	90	90	9393424
707	464	785	90	90	9393430
708	464	785	90	90	9393436
709	464	785	90	90	9393442
710	464	785	90	90	9393449
711	464	785	90	90	9393461
712	464	785	90	90	9393467
713	464	785	90	90	9393480
715	464	785	90	90	9393492
716	464	785	90	90	9393505
718	464	785	90	90	9393517
719	464	785	90	90	9393530
721	464	785	90	90	9393542
722	464	789	90	90	9393555
723	464	789	90	90	9393567
725	464	789	90	90	9393580
726	464	789	90	90	9393592
728	464	793	90	90	9393605
729	464	793	90	90	9393617
730	464	793	90	90	9393630
731	464	793	90	90	9393655
732	464	778	90	90	9393742
731	465	271	90	90	9393755
729	465	8	90	90	9393767
1
264	397	106	90	90	9398505
8
1
628	608	0	90	90	9643026
44
552	642	32	90	90	9643495
553	642	112	90	90	9643507
553	641	173	90	90	9643513
553	640	213	90	90	9643520
553	639	253	90	90	9643526
553	638	294	90	90	9643532
553	636	346	90	90	9643538
553	633	390	90	90	9643545
552	630	439	90	90	9643551
552	626	479	90	90	9643557
552	622	531	90	90	9643563
552	617	567	90	90	9643570
551	612	608	90	90	9643576
551	606	640	90	90	9643582
551	599	668	90	90	9643588
550	593	696	90	90	9643595
550	586	724	90	90	9643601
549	578	745	90	90	9643607
549	571	761	90	90	9643613
548	563	773	90	90	9643620
548	555	785	90	90	9643626
547	547	793	90	90	9643632
547	538	801	90	90	9643638
547	530	805	90	90	9643645
546	522	809	90	90	9643651
546	513	809	90	90	9643657
545	505	813	90	90	9643663
545	497	813	90	90	9643670
545	489	817	90	90	9643676
545	481	817	90	90	9643682
545	474	817	90	90	9643688
545	467	817	90	90	9643695
545	460	817	90	90	9643701
545	454	817	90	90	9643707
545	449	817	90	90	9643713
544	444	817	90	90	9643720
544	440	817	90	90	9643726
544	436	817	90	90	9643732
544	433	813	90	90	9643738
544	431	805	90	90	9643745
544	429	785	90	90	9643751
544	428	574	90	90	9643776
543	429	225	90	90	9643782
543	431	34	90	90	9643795
23
549	601	44	90	90	9644270
549	602	292	90	90	9644307
548	603	461	90	90	9644320
547	601	523	90	90	9644326
546	600	555	90	90	9644332
544	598	588	90	90	9644338
542	596	620	90	90	9644345
540	593	652	90	90	9644351
538	589	680	90	90	9644357
535	586	704	90	90	9644363
533	582	728	90	90	9644370
530	577	745	90	90	9644376
527	573	757	90	90	9644382
524	569	769	90	90	9644388
522	566	777	90	90	9644395
519	562	785	90	90	9644401
517	559	789	90	90	9644407
515	556	793	90	90	9644413
514	554	793	90	90	9644420
513	553	793	90	90	9644426
512	552	763	90	90	9644438
512	550	504	90	90	9644457
513	551	88	90	90	9644476
23
546	558	12	90	90	9644776
547	558	177	90	90	9644807
547	557	324	90	90	9644820
547	556	378	90	90	9644826
546	555	418	90	90	9644832
545	553	459	90	90	9644838
544	551	511	90	90	9644845
542	549	547	90	90	9644851
541	546	583	90	90	9644857
539	542	616	90	90	9644863
536	539	648	90	90	9644870
534	535	676	90	90	9644876
531	531	700	90	90	9644882
529	527	724	90	90	9644888
527	523	737	90	90	9644895
524	519	749	90	90	9644901
522	516	761	90	90	9644907
520	513	769	90	90	9644913
518	510	773	90	90	9644920
517	508	773	90	90	9644926
516	506	769	90	90	9644932
515	505	745	90	90	9644938
514	504	347	90	90	9644976
21
546	499	316	90	90	9645351
546	497	563	90	90	9645357
546	496	600	90	90	9645363
545	495	620	90	90	9645370
544	492	636	90	90	9645376
542	490	652	90	90	9645382
540	487	668	90	90	9645388
538	483	688	90	90	9645395
536	479	704	90	90	9645401
534	474	728	90	90	9645407
531	469	745	90	90	9645413
528	465	761	90	90	9645420
526	460	773	90	90	9645426
523	456	785	90	90	9645432
521	452	793	90	90	9645438
519	449	797	90	90	9645445
517	446	801	90	90	9645451
516	445	797	90	90	9645457
515	443	781	90	90	9645463
514	442	451	90	90	9645495
514	444	0	90	90	9645507
96
550	555	133	90	90	9645988
550	556	328	90	90	9646007
551	556	448	90	90	9646020
552	556	527	90	90	9646026
553	556	567	90	90	9646032
554	557	612	90	90	9646038
556	557	648	90	90	9646045
558	557	680	90	90	9646051
560	557	704	90	90	9646057
563	557	728	90	90	9646063
565	558	749	90	90	9646070
568	558	761	90	90	9646076
572	558	773	90	90	9646082
575	559	781	90	90	9646088
578	559	789	90	90	9646095
582	559	793	90	90	9646101
585	559	797	90	90	9646107
589	559	801	90	90	9646113
593	559	805	90	90	9646120
597	559	805	90	90	9646126
601	559	809	90	90	9646132
604	559	809	90	90	9646138
608	558	813	90	90	9646145
612	558	813	90	90	9646151
616	558	813	90	90	9646157
619	558	813	90	90	9646163
623	558	813	90	90	9646170
626	558	813	90	90	9646176
630	558	813	90	90	9646182
633	558	813	90	90	9646188
637	557	813	90	90	9646195
641	557	813	90	90	9646201
644	557	813	90	90	9646207
648	557	813	90	90	9646213
651	557	813	90	90	9646220
655	557	813	90	90	9646226
658	557	813	90	90	9646232
661	557	813	90	90	9646238
664	557	813	90	90	9646245
667	557	813	90	90	9646251
670	557	813	90	90	9646257
673	557	813	90	90	9646263
676	557	813	90	90	9646270
679	557	813	90	90	9646276
682	557	813	90	90	9646282
685	557	813	90	90	9646288
687	557	817	90	90	9646295
690	557	817	90	90	9646301
693	557	821	90	90	9646307
697	556	825	90	90	9646313
700	556	825	90	90	9646320
703	556	829	90	90	9646326
707	556	833	90	90	9646332
711	556	833	90	90	9646338
714	555	833	90	90	9646345
718	555	833	90	90	9646351
722	555	833	90	90	9646357
725	555	833	90	90	9646363
728	554	833	90	90	9646370
731	554	833	90	90	9646376
734	553	833	90	90	9646382
736	553	833	90	90	9646388
738	552	833	90	90	9646395
740	552	833	90	90	9646401
741	551	833	90	90	9646407
742	551	833	90	90	9646413
743	550	833	90	90	9646426
744	550	835	90	90	9646470
744	549	844	90	90	9646526
743	548	847	90	90	9646545
743	547	851	90	90	9646557
742	545	857	90	90	9646563
742	544	861	90	90	9646570
742	543	865	90	90	9646576
742	541	873	90	90	9646582
742	540	878	90	90	9646588
741	538	886	90	90	9646595
741	536	894	90	90	9646601
741	535	902	90	90	9646607
740	533	906	90	90	9646613
740	531	914	90	90	9646620
740	529	918	90	90	9646626
739	527	922	90	90	9646632
739	525	926	90	90	9646638
738	523	930	90	90	9646645
738	521	934	90	90	9646651
738	519	938	90	90	9646657
737	518	938	90	90	9646663
737	516	938	90	90	9646670
737	514	938	90	90	9646676
737	513	938	90	90	9646682
737	512	926	90	90	9646688
736	511	835	90	90	9646701
736	510	537	90	90	9646713
735	510	281	90	90	9646720
734	510	48	90	90	9646732
98
547	503	76	90	90	9647238
548	503	233	90	90	9647257
549	504	368	90	90	9647270
550	504	451	90	90	9647276
551	504	499	90	90	9647282
552	503	535	90	90	9647288
553	503	563	90	90	9647295
555	503	592	90	90	9647301
556	503	616	90	90	9647307
558	503	636	90	90	9647313
560	503	652	90	90	9647320
562	503	664	90	90	9647326
564	503	672	90	90	9647332
566	503	680	90	90	9647338
569	503	692	90	90	9647345
571	503	700	90	90	9647351
574	503	704	90	90	9647357
576	503	712	90	90	9647363
579	503	724	90	90	9647370
581	504	728	90	90	9647376
584	504	737	90	90	9647382
586	504	741	90	90	9647388
589	504	749	90	90	9647395
592	504	753	90	90	9647401
594	504	757	90	90	9647407
597	504	761	90	90	9647413
600	504	765	90	90	9647420
602	504	769	90	90	9647426
605	504	769	90	90	9647432
607	504	773	90	90	9647438
610	504	773	90	90	9647445
612	504	773	90	90	9647451
614	504	773	90	90	9647457
617	504	773	90	90	9647463
619	505	777	90	90	9647470
621	505	781	90	90	9647476
624	505	789	90	90	9647482
626	505	793	90	90	9647488
629	505	797	90	90	9647495
631	505	801	90	90	9647501
634	505	809	90	90	9647507
637	505	813	90	90	9647513
640	505	813	90	90	9647520
643	506	813	90	90	9647526
646	506	813	90	90	9647532
648	506	813	90	90	9647538
651	506	813	90	90	9647545
653	506	813	90	90	9647551
656	505	813	90	90	9647557
658	505	813	90	90	9647563
660	505	813	90	90	9647570
663	505	813	90	90	9647576
665	505	813	90	90	9647582
667	505	813	90	90	9647588
670	505	813	90	90	9647595
672	505	813	90	90	9647601
674	505	813	90	90	9647607
677	505	813	90	90	9647613
679	505	813	90	90	9647620
681	505	813	90	90	9647626
683	505	813	90	90	9647632
685	505	813	90	90	9647638
687	505	813	90	90	9647645
689	505	813	90	90	9647651
691	505	813	90	90	9647657
693	505	813	90	90	9647663
695	505	813	90	90	9647670
697	505	813	90	90	9647676
699	505	813	90	90	9647682
701	505	813	90	90	9647688
703	505	813	90	90	9647695
704	505	813	90	90	9647701
706	505	813	90	90	9647707
707	505	813	90	90	9647713
709	505	813	90	90	9647720
710	505	813	90	90	9647726
711	505	813	90	90	9647732
713	505	813	90	90	9647738
714	505	813	90	90	9647745
715	505	813	90	90	9647751
716	505	813	90	90	9647757
718	505	813	90	90	9647763
719	505	813	90	90	9647770
720	505	813	90	90	9647776
721	505	813	90	90	9647782
723	505	813	90	90	9647788
724	505	813	90	90	9647795
725	505	813	90	90	9647801
726	504	813	90	90	9647807
727	504	813	90	90	9647813
728	504	813	90	90	9647826
730	504	817	90	90	9647838
731	504	819	90	90	9647851
732	504	823	90	90	9647876
733	504	841	90	90	9647938
734	505	778	90	90	9648013
732	505	245	90	90	9648020
730	505	32	90	90	9648032
3
266	391	287	90	90	9650776
265	391	436	90	90	9650807
265	393	55	90	90	9650826
