6
1
630	530	0	90	90	7555224
76
515	529	64	90	90	7555743
514	529	253	90	90	7555786
516	529	418	90	90	7555799
518	529	463	90	90	7555805
519	529	491	90	90	7555811
520	529	523	90	90	7555818
522	529	539	90	90	7555824
524	529	555	90	90	7555830
526	529	571	90	90	7555836
528	529	592	90	90	7555843
531	529	604	90	90	7555849
533	529	612	90	90	7555855
536	529	620	90	90	7555861
539	529	628	90	90	7555868
542	529	632	90	90	7555874
545	529	636	90	90	7555880
548	529	640	90	90	7555886
551	529	640	90	90	7555893
554	529	644	90	90	7555899
557	529	648	90	90	7555905
560	529	648	90	90	7555911
563	529	648	90	90	7555918
566	529	652	90	90	7555924
569	529	652	90	90	7555930
572	529	652	90	90	7555936
575	529	652	90	90	7555943
578	529	652	90	90	7555949
580	529	652	90	90	7555955
583	529	652	90	90	7555961
585	529	652	90	90	7555968
587	529	652	90	90	7555974
590	529	652	90	90	7555980
592	529	652	90	90	7555986
594	529	652	90	90	7555993
597	529	656	90	90	7555999
599	529	656	90	90	7556005
601	529	656	90	90	7556011
603	529	656	90	90	7556018
606	529	656	90	90	7556024
608	529	656	90	90	7556030
611	529	652	90	90	7556036
613	529	652	90	90	7556043
616	529	652	90	90	7556049
619	529	652	90	90	7556055
622	529	652	90	90	7556061
625	528	652	90	90	7556068
628	528	652	90	90	7556074
632	528	652	90	90	7556080
635	527	652	90	90	7556086
638	527	652	90	90	7556093
641	527	652	90	90	7556099
645	526	652	90	90	7556105
648	526	652	90	90	7556111
652	526	652	90	90	7556118
655	525	652	90	90	7556124
659	525	652	90	90	7556130
663	525	652	90	90	7556136
666	525	652	90	90	7556143
670	525	652	90	90	7556149
674	524	652	90	90	7556155
677	524	652	90	90	7556161
681	524	652	90	90	7556168
685	524	652	90	90	7556174
689	524	652	90	90	7556180
692	524	652	90	90	7556186
696	523	652	90	90	7556193
699	523	652	90	90	7556199
703	523	652	90	90	7556205
706	523	652	90	90	7556211
709	522	652	90	90	7556218
712	522	652	90	90	7556224
714	522	648	90	90	7556230
716	522	648	90	90	7556236
718	522	632	90	90	7556243
720	522	567	90	90	7556249
721	522	202	90	90	7556280
27
549	523	56	90	90	7556799
550	524	178	90	90	7556818
549	522	269	90	90	7556830
548	521	318	90	90	7556836
547	520	346	90	90	7556843
546	519	374	90	90	7556849
545	517	398	90	90	7556855
544	515	426	90	90	7556861
542	513	459	90	90	7556868
540	511	487	90	90	7556874
538	508	519	90	90	7556880
536	506	535	90	90	7556886
534	503	551	90	90	7556893
532	501	567	90	90	7556899
530	498	575	90	90	7556905
528	495	592	90	90	7556911
526	492	600	90	90	7556918
524	490	604	90	90	7556924
523	487	608	90	90	7556930
521	485	612	90	90	7556936
519	483	616	90	90	7556943
518	481	620	90	90	7556949
516	480	620	90	90	7556955
515	479	624	90	90	7556961
514	478	612	90	90	7556974
513	477	382	90	90	7556999
514	478	36	90	90	7557011
26
608	526	386	90	90	7557280
607	525	664	90	90	7557293
605	523	688	90	90	7557299
605	522	700	90	90	7557305
603	520	720	90	90	7557311
602	518	728	90	90	7557318
601	516	741	90	90	7557324
599	513	749	90	90	7557330
597	510	757	90	90	7557336
595	508	761	90	90	7557343
593	505	765	90	90	7557349
591	502	769	90	90	7557355
589	499	773	90	90	7557361
586	496	777	90	90	7557368
584	493	781	90	90	7557374
582	490	785	90	90	7557380
580	488	785	90	90	7557386
579	485	789	90	90	7557393
577	483	793	90	90	7557399
576	482	797	90	90	7557405
575	480	797	90	90	7557411
574	479	801	90	90	7557424
574	478	755	90	90	7557455
574	479	418	90	90	7557468
575	480	189	90	90	7557474
576	481	16	90	90	7557486
29
665	518	36	90	90	7557799
666	518	323	90	90	7557830
665	518	539	90	90	7557843
663	516	596	90	90	7557849
663	515	620	90	90	7557855
662	514	648	90	90	7557861
661	512	668	90	90	7557868
659	510	692	90	90	7557874
658	507	720	90	90	7557880
657	505	737	90	90	7557886
655	502	749	90	90	7557893
653	498	761	90	90	7557899
651	495	773	90	90	7557905
649	491	781	90	90	7557911
646	487	789	90	90	7557918
644	484	797	90	90	7557924
642	481	805	90	90	7557930
640	478	813	90	90	7557936
639	475	821	90	90	7557943
638	473	829	90	90	7557949
637	471	837	90	90	7557955
636	470	841	90	90	7557961
635	469	849	90	90	7557968
635	468	851	90	90	7557980
634	467	835	90	90	7558024
635	468	547	90	90	7558036
635	470	318	90	90	7558043
635	471	157	90	90	7558049
635	472	0	90	90	7558061
4
267	397	100	90	90	7559787
268	396	245	90	90	7559806
269	394	261	90	90	7559819
269	393	71	90	90	7559844
6
1
598	523	0	90	90	7805474
62
531	514	48	90	90	7805930
531	515	186	90	90	7805943
532	516	301	90	90	7805955
534	516	366	90	90	7805961
535	517	406	90	90	7805968
537	517	451	90	90	7805974
538	517	487	90	90	7805980
540	517	523	90	90	7805986
542	517	547	90	90	7805993
544	517	567	90	90	7805999
546	517	592	90	90	7806005
548	516	612	90	90	7806011
551	516	628	90	90	7806018
554	516	644	90	90	7806024
557	516	660	90	90	7806030
560	517	676	90	90	7806036
563	517	688	90	90	7806043
567	517	700	90	90	7806049
570	517	712	90	90	7806055
574	517	724	90	90	7806061
578	517	733	90	90	7806068
582	517	741	90	90	7806074
587	518	753	90	90	7806080
591	518	757	90	90	7806086
595	518	765	90	90	7806093
600	518	769	90	90	7806099
604	518	773	90	90	7806105
609	519	777	90	90	7806111
613	519	781	90	90	7806118
618	519	785	90	90	7806124
622	519	785	90	90	7806130
626	519	789	90	90	7806136
631	520	793	90	90	7806143
635	520	793	90	90	7806149
640	520	793	90	90	7806155
644	521	797	90	90	7806161
649	521	797	90	90	7806168
653	522	801	90	90	7806174
658	522	805	90	90	7806180
663	522	809	90	90	7806186
667	522	809	90	90	7806193
672	523	813	90	90	7806199
677	523	813	90	90	7806205
682	523	817	90	90	7806211
687	523	817	90	90	7806218
692	523	821	90	90	7806224
697	523	821	90	90	7806230
701	523	821	90	90	7806236
707	523	821	90	90	7806243
712	523	821	90	90	7806249
717	523	821	90	90	7806255
722	523	825	90	90	7806261
727	523	825	90	90	7806268
732	523	825	90	90	7806274
737	523	825	90	90	7806280
741	523	825	90	90	7806286
745	523	825	90	90	7806293
748	523	817	90	90	7806299
751	523	801	90	90	7806305
754	523	737	90	90	7806311
756	523	600	90	90	7806318
757	522	219	90	90	7806343
27
583	512	62	90	90	7806955
582	511	156	90	90	7806968
581	509	237	90	90	7806980
580	508	285	90	90	7806986
579	507	318	90	90	7806993
578	506	350	90	90	7806999
577	504	386	90	90	7807005
576	503	422	90	90	7807011
575	501	455	90	90	7807018
574	500	487	90	90	7807024
572	497	519	90	90	7807030
570	495	543	90	90	7807036
568	493	563	90	90	7807043
566	490	583	90	90	7807049
564	487	600	90	90	7807055
562	484	616	90	90	7807061
559	482	628	90	90	7807068
557	479	640	90	90	7807074
555	477	652	90	90	7807080
554	475	660	90	90	7807086
552	473	668	90	90	7807093
551	471	676	90	90	7807099
549	470	680	90	90	7807105
549	469	680	90	90	7807111
548	468	664	90	90	7807124
548	467	401	90	90	7807149
549	468	32	90	90	7807161
27
648	516	309	90	90	7807568
648	515	519	90	90	7807574
648	514	539	90	90	7807580
647	513	555	90	90	7807586
646	512	571	90	90	7807593
645	510	596	90	90	7807599
644	509	612	90	90	7807605
642	507	628	90	90	7807611
641	505	644	90	90	7807618
639	503	660	90	90	7807624
637	500	672	90	90	7807630
635	498	688	90	90	7807636
633	495	696	90	90	7807643
631	492	708	90	90	7807649
628	490	712	90	90	7807655
626	487	724	90	90	7807661
624	484	728	90	90	7807668
622	481	733	90	90	7807674
620	479	741	90	90	7807680
618	477	745	90	90	7807686
617	475	749	90	90	7807693
615	474	749	90	90	7807699
614	473	753	90	90	7807705
613	472	753	90	90	7807711
612	471	755	90	90	7807724
612	470	521	90	90	7807761
612	471	26	90	90	7807774
25
713	519	189	90	90	7808199
713	518	370	90	90	7808211
713	517	439	90	90	7808218
712	516	471	90	90	7808224
711	514	511	90	90	7808230
710	513	535	90	90	7808236
709	511	559	90	90	7808243
708	509	583	90	90	7808249
706	506	600	90	90	7808255
704	504	616	90	90	7808261
702	501	628	90	90	7808268
700	497	636	90	90	7808274
697	494	644	90	90	7808280
695	491	652	90	90	7808286
692	487	660	90	90	7808293
690	484	668	90	90	7808299
688	481	672	90	90	7808305
686	478	680	90	90	7808311
685	476	688	90	90	7808318
683	474	692	90	90	7808324
682	472	700	90	90	7808330
681	470	704	90	90	7808336
681	469	708	90	90	7808343
680	468	708	90	90	7808355
679	467	386	90	90	7808405
1
264	397	233	90	90	7810347
6
1
682	512	0	90	90	8051217
52
501	494	164	90	90	8051736
501	495	368	90	90	8051748
502	495	447	90	90	8051754
503	495	499	90	90	8051761
504	495	547	90	90	8051767
506	495	596	90	90	8051773
508	496	628	90	90	8051779
511	496	652	90	90	8051786
514	496	676	90	90	8051792
517	496	696	90	90	8051798
520	496	712	90	90	8051804
524	497	728	90	90	8051811
528	497	745	90	90	8051817
532	497	753	90	90	8051823
536	497	761	90	90	8051829
540	498	769	90	90	8051836
545	498	777	90	90	8051842
550	498	781	90	90	8051848
555	498	785	90	90	8051854
560	498	789	90	90	8051861
565	498	793	90	90	8051867
571	498	801	90	90	8051873
577	498	805	90	90	8051879
583	498	809	90	90	8051886
589	498	813	90	90	8051892
595	498	817	90	90	8051898
601	498	821	90	90	8051904
608	498	829	90	90	8051911
614	498	833	90	90	8051917
620	498	837	90	90	8051923
626	498	841	90	90	8051929
632	498	841	90	90	8051936
638	498	845	90	90	8051942
644	498	849	90	90	8051948
650	498	849	90	90	8051954
656	498	853	90	90	8051961
661	498	853	90	90	8051967
667	498	857	90	90	8051973
672	498	857	90	90	8051979
677	498	861	90	90	8051986
682	498	861	90	90	8051992
686	498	861	90	90	8051998
691	498	861	90	90	8052004
695	497	865	90	90	8052011
698	497	865	90	90	8052017
701	497	865	90	90	8052023
704	497	865	90	90	8052029
707	497	865	90	90	8052036
709	497	857	90	90	8052042
711	497	845	90	90	8052048
712	496	821	90	90	8052054
713	496	373	90	90	8052092
27
549	495	168	90	90	8052686
549	496	327	90	90	8052717
549	495	412	90	90	8052729
548	494	471	90	90	8052742
547	492	519	90	90	8052748
546	491	543	90	90	8052754
545	490	567	90	90	8052761
544	488	592	90	90	8052767
543	486	612	90	90	8052773
542	484	636	90	90	8052779
540	482	656	90	90	8052786
539	480	676	90	90	8052792
537	477	696	90	90	8052798
535	475	712	90	90	8052804
533	472	733	90	90	8052811
531	469	749	90	90	8052817
530	466	757	90	90	8052823
528	463	769	90	90	8052829
527	461	773	90	90	8052836
525	459	777	90	90	8052842
524	456	781	90	90	8052848
523	455	781	90	90	8052854
522	453	785	90	90	8052861
521	452	783	90	90	8052873
520	451	618	90	90	8052898
521	452	294	90	90	8052904
522	452	70	90	90	8052917
26
604	496	158	90	90	8053217
605	497	519	90	90	8053261
604	496	680	90	90	8053267
604	495	708	90	90	8053273
603	493	733	90	90	8053279
602	492	753	90	90	8053286
601	490	765	90	90	8053292
600	487	781	90	90	8053298
598	485	793	90	90	8053304
596	482	801	90	90	8053311
594	480	809	90	90	8053317
592	477	817	90	90	8053323
590	474	825	90	90	8053329
588	471	829	90	90	8053336
585	468	833	90	90	8053342
583	465	837	90	90	8053348
581	462	837	90	90	8053354
580	459	837	90	90	8053361
578	457	841	90	90	8053367
577	455	841	90	90	8053373
576	453	841	90	90	8053379
575	452	841	90	90	8053386
575	451	837	90	90	8053398
574	450	688	90	90	8053423
575	451	275	90	90	8053436
576	452	18	90	90	8053448
25
660	494	130	90	90	8053742
661	495	503	90	90	8053767
661	496	751	90	90	8053792
660	495	813	90	90	8053798
659	494	829	90	90	8053804
659	493	841	90	90	8053811
658	492	853	90	90	8053817
657	490	865	90	90	8053823
655	487	878	90	90	8053829
654	485	890	90	90	8053836
652	482	902	90	90	8053842
650	479	910	90	90	8053848
648	476	922	90	90	8053854
646	473	930	90	90	8053861
644	469	938	90	90	8053867
642	466	942	90	90	8053873
640	463	946	90	90	8053879
639	460	950	90	90	8053886
637	458	950	90	90	8053892
636	455	950	90	90	8053898
635	453	950	90	90	8053904
634	452	954	90	90	8053911
633	451	954	90	90	8053923
632	450	803	90	90	8053973
633	451	112	90	90	8053992
3
267	395	12	90	90	8056086
268	396	341	90	90	8056143
267	397	45	90	90	8056161
6
1
525	521	0	90	90	8295333
54
508	516	36	90	90	8295864
507	517	121	90	90	8295895
508	517	185	90	90	8295908
510	516	213	90	90	8295914
512	516	233	90	90	8295920
513	516	257	90	90	8295926
515	516	277	90	90	8295933
517	516	298	90	90	8295939
520	517	310	90	90	8295945
522	517	334	90	90	8295951
525	517	346	90	90	8295958
528	517	362	90	90	8295964
531	517	370	90	90	8295970
534	517	378	90	90	8295976
538	517	386	90	90	8295983
541	517	390	90	90	8295989
545	517	394	90	90	8295995
549	517	394	90	90	8296001
553	517	398	90	90	8296008
557	516	406	90	90	8296014
562	516	414	90	90	8296020
566	516	422	90	90	8296026
571	516	430	90	90	8296033
576	515	443	90	90	8296039
581	515	447	90	90	8296045
586	515	455	90	90	8296051
591	515	463	90	90	8296058
597	514	467	90	90	8296064
603	514	471	90	90	8296070
609	513	475	90	90	8296076
615	513	479	90	90	8296083
620	512	479	90	90	8296089
627	511	487	90	90	8296095
633	511	487	90	90	8296101
639	510	487	90	90	8296108
645	509	491	90	90	8296114
651	508	491	90	90	8296120
657	508	491	90	90	8296126
663	507	491	90	90	8296133
669	506	491	90	90	8296139
675	506	491	90	90	8296145
681	505	499	90	90	8296151
687	505	499	90	90	8296158
692	505	503	90	90	8296164
697	505	511	90	90	8296170
702	505	511	90	90	8296176
707	504	515	90	90	8296183
712	504	515	90	90	8296189
717	504	511	90	90	8296195
721	504	475	90	90	8296201
725	504	394	90	90	8296208
728	504	294	90	90	8296214
731	504	181	90	90	8296220
732	504	36	90	90	8296233
25
558	513	40	90	90	8296789
558	510	76	90	90	8296795
558	509	120	90	90	8296801
557	508	161	90	90	8296808
556	506	205	90	90	8296814
555	505	245	90	90	8296820
553	502	277	90	90	8296826
552	500	302	90	90	8296833
550	497	334	90	90	8296839
548	494	354	90	90	8296845
546	491	374	90	90	8296851
544	488	390	90	90	8296858
541	484	406	90	90	8296864
539	481	422	90	90	8296870
536	477	443	90	90	8296876
533	474	455	90	90	8296883
530	472	467	90	90	8296889
528	469	479	90	90	8296895
526	467	491	90	90	8296901
525	465	503	90	90	8296908
524	464	511	90	90	8296914
523	463	515	90	90	8296920
522	462	513	90	90	8296933
521	460	382	90	90	8296958
522	461	58	90	90	8296976
23
622	507	137	90	90	8297358
621	507	281	90	90	8297370
620	505	334	90	90	8297376
618	504	362	90	90	8297383
617	502	386	90	90	8297389
615	500	414	90	90	8297395
613	498	443	90	90	8297401
611	495	467	90	90	8297408
609	491	487	90	90	8297414
606	488	511	90	90	8297420
604	484	527	90	90	8297426
601	480	543	90	90	8297433
598	475	555	90	90	8297439
595	471	567	90	90	8297445
592	468	575	90	90	8297451
590	464	588	90	90	8297458
587	461	596	90	90	8297464
585	459	604	90	90	8297470
583	456	608	90	90	8297476
582	455	616	90	90	8297483
580	453	518	90	90	8297520
580	454	193	90	90	8297526
581	455	34	90	90	8297539
27
682	502	188	90	90	8297908
682	501	350	90	90	8297914
681	499	386	90	90	8297920
680	497	422	90	90	8297926
679	495	459	90	90	8297933
677	492	499	90	90	8297939
675	488	539	90	90	8297945
673	484	571	90	90	8297951
670	480	604	90	90	8297958
668	476	628	90	90	8297964
665	472	648	90	90	8297970
663	468	660	90	90	8297976
661	464	672	90	90	8297983
660	461	680	90	90	8297989
658	458	684	90	90	8297995
657	455	688	90	90	8298001
656	453	696	90	90	8298008
655	452	700	90	90	8298014
655	450	704	90	90	8298020
654	449	708	90	90	8298026
654	448	712	90	90	8298039
653	447	722	90	90	8298051
653	446	724	90	90	8298070
652	445	726	90	90	8298095
652	444	728	90	90	8298120
651	443	646	90	90	8298195
651	445	47	90	90	8298214
2
269	396	130	90	90	8299020
270	397	33	90	90	8299039
6
1
622	509	0	90	90	8500664
57
510	512	28	90	90	8501264
509	512	108	90	90	8501270
508	511	223	90	90	8501289
509	510	322	90	90	8501295
510	510	370	90	90	8501301
512	510	406	90	90	8501308
514	510	443	90	90	8501314
516	510	467	90	90	8501320
519	510	491	90	90	8501326
522	510	519	90	90	8501333
526	510	535	90	90	8501339
530	510	555	90	90	8501345
534	510	575	90	90	8501351
538	510	596	90	90	8501358
543	510	612	90	90	8501364
547	511	624	90	90	8501370
553	511	636	90	90	8501376
558	511	644	90	90	8501383
563	511	648	90	90	8501389
568	511	652	90	90	8501395
573	511	652	90	90	8501401
578	511	652	90	90	8501408
583	511	652	90	90	8501414
588	511	652	90	90	8501420
593	511	652	90	90	8501426
598	511	652	90	90	8501433
602	511	656	90	90	8501439
607	511	660	90	90	8501445
612	511	668	90	90	8501451
617	511	676	90	90	8501458
622	511	684	90	90	8501464
627	511	696	90	90	8501470
633	511	704	90	90	8501476
638	511	712	90	90	8501483
644	511	724	90	90	8501489
649	511	733	90	90	8501495
655	510	733	90	90	8501501
661	510	733	90	90	8501508
666	510	733	90	90	8501514
672	510	733	90	90	8501520
677	509	733	90	90	8501526
683	509	733	90	90	8501533
688	509	737	90	90	8501539
693	509	737	90	90	8501545
698	508	737	90	90	8501551
702	508	737	90	90	8501558
707	508	741	90	90	8501564
711	508	741	90	90	8501570
715	508	745	90	90	8501576
719	507	745	90	90	8501583
723	507	745	90	90	8501589
726	507	745	90	90	8501595
729	507	737	90	90	8501601
731	506	724	90	90	8501608
734	506	676	90	90	8501614
735	506	555	90	90	8501620
736	506	206	90	90	8501645
23
567	506	114	90	90	8502195
566	505	273	90	90	8502208
565	505	352	90	90	8502220
564	503	402	90	90	8502226
563	503	430	90	90	8502233
562	502	463	90	90	8502239
561	500	499	90	90	8502245
560	499	527	90	90	8502251
559	497	551	90	90	8502258
557	495	571	90	90	8502264
556	493	592	90	90	8502270
555	490	612	90	90	8502276
553	488	624	90	90	8502283
552	485	640	90	90	8502289
550	483	652	90	90	8502295
549	480	660	90	90	8502301
547	478	668	90	90	8502308
546	477	676	90	90	8502314
545	475	684	90	90	8502320
544	474	690	90	90	8502333
543	473	531	90	90	8502370
544	474	132	90	90	8502376
545	475	0	90	90	8502389
22
622	508	114	90	90	8502751
623	508	359	90	90	8502776
622	507	507	90	90	8502789
621	506	551	90	90	8502795
620	505	571	90	90	8502801
619	504	596	90	90	8502808
618	502	612	90	90	8502814
617	500	632	90	90	8502820
615	498	648	90	90	8502826
613	495	664	90	90	8502833
611	493	676	90	90	8502839
609	490	688	90	90	8502845
607	487	696	90	90	8502851
605	484	704	90	90	8502858
604	482	720	90	90	8502864
602	479	724	90	90	8502870
601	477	733	90	90	8502876
600	476	737	90	90	8502883
599	475	741	90	90	8502889
598	474	730	90	90	8502901
598	473	480	90	90	8502926
599	473	70	90	90	8502939
18
680	504	348	90	90	8503364
679	503	608	90	90	8503376
677	501	636	90	90	8503383
676	500	656	90	90	8503389
675	498	676	90	90	8503395
673	496	692	90	90	8503401
672	494	704	90	90	8503408
670	491	724	90	90	8503414
668	488	733	90	90	8503420
666	485	745	90	90	8503426
664	483	753	90	90	8503433
662	480	761	90	90	8503439
661	478	769	90	90	8503445
659	476	773	90	90	8503451
658	475	777	90	90	8503458
657	473	785	90	90	8503476
656	471	573	90	90	8503520
656	473	16	90	90	8503533
2
269	396	60	90	90	8506094
269	395	83	90	90	8506131
6
1
703	539	0	90	90	8743863
45
537	529	24	90	90	8745294
539	529	72	90	90	8745300
541	529	132	90	90	8745306
543	529	189	90	90	8745312
545	529	261	90	90	8745319
547	529	334	90	90	8745325
550	529	394	90	90	8745331
553	529	451	90	90	8745337
556	529	491	90	90	8745344
560	529	531	90	90	8745350
564	529	559	90	90	8745356
568	529	583	90	90	8745362
573	529	600	90	90	8745369
578	530	612	90	90	8745375
583	530	624	90	90	8745381
589	530	632	90	90	8745387
595	530	636	90	90	8745394
601	530	644	90	90	8745400
607	530	648	90	90	8745406
614	530	652	90	90	8745412
621	530	656	90	90	8745419
627	530	660	90	90	8745425
634	530	668	90	90	8745431
640	529	676	90	90	8745437
647	529	684	90	90	8745444
653	529	688	90	90	8745450
660	529	696	90	90	8745456
666	530	708	90	90	8745462
672	530	720	90	90	8745469
679	530	724	90	90	8745475
685	530	733	90	90	8745481
691	530	741	90	90	8745487
696	531	749	90	90	8745494
701	531	757	90	90	8745500
707	531	765	90	90	8745506
711	531	773	90	90	8745512
716	531	781	90	90	8745519
720	531	785	90	90	8745525
724	531	789	90	90	8745531
728	531	789	90	90	8745537
731	531	781	90	90	8745544
734	530	761	90	90	8745550
736	530	696	90	90	8745556
737	530	492	90	90	8745569
738	530	128	90	90	8745587
26
581	525	193	90	90	8746150
580	524	380	90	90	8746162
580	523	440	90	90	8746175
579	522	479	90	90	8746181
578	521	511	90	90	8746187
577	520	535	90	90	8746194
576	518	555	90	90	8746200
575	517	575	90	90	8746206
574	515	604	90	90	8746212
573	513	624	90	90	8746219
571	511	644	90	90	8746225
569	508	660	90	90	8746231
567	506	676	90	90	8746237
565	504	692	90	90	8746244
563	502	708	90	90	8746250
561	499	724	90	90	8746256
559	497	737	90	90	8746262
557	495	745	90	90	8746269
556	493	753	90	90	8746275
554	491	761	90	90	8746281
553	490	769	90	90	8746287
552	488	777	90	90	8746294
552	487	783	90	90	8746306
551	486	692	90	90	8746344
551	487	255	90	90	8746356
552	488	14	90	90	8746369
24
644	526	4	90	90	8746719
645	526	401	90	90	8746756
644	526	662	90	90	8746769
643	525	696	90	90	8746775
642	524	708	90	90	8746781
641	523	724	90	90	8746787
640	521	733	90	90	8746794
639	519	741	90	90	8746800
638	517	749	90	90	8746806
637	514	757	90	90	8746812
635	512	765	90	90	8746819
634	509	777	90	90	8746825
632	506	781	90	90	8746831
631	503	789	90	90	8746837
629	501	797	90	90	8746844
627	498	801	90	90	8746850
626	496	809	90	90	8746856
624	494	813	90	90	8746862
623	492	817	90	90	8746869
621	491	821	90	90	8746875
620	489	821	90	90	8746881
620	488	819	90	90	8746894
619	487	640	90	90	8746919
620	488	140	90	90	8746937
25
705	526	326	90	90	8747406
704	524	620	90	90	8747412
704	523	652	90	90	8747419
703	522	684	90	90	8747425
702	520	708	90	90	8747431
700	518	737	90	90	8747437
699	515	757	90	90	8747444
697	513	769	90	90	8747450
695	510	785	90	90	8747456
694	507	797	90	90	8747462
692	504	805	90	90	8747469
690	501	813	90	90	8747475
689	498	821	90	90	8747481
687	496	829	90	90	8747487
686	494	837	90	90	8747494
685	492	845	90	90	8747500
684	491	849	90	90	8747506
683	489	853	90	90	8747512
683	488	861	90	90	8747519
682	486	865	90	90	8747525
682	485	865	90	90	8747531
681	484	869	90	90	8747537
681	483	869	90	90	8747550
681	482	652	90	90	8747594
681	483	48	90	90	8747606
2
269	395	196	90	90	8749812
268	395	123	90	90	8749837
5
1
631	612	0	90	90	8981085
38
517	544	40	90	90	8981760
516	544	140	90	90	8981766
515	544	351	90	90	8981797
516	544	511	90	90	8981804
518	544	547	90	90	8981810
520	544	588	90	90	8981816
523	544	620	90	90	8981822
526	544	652	90	90	8981829
530	545	680	90	90	8981835
534	545	708	90	90	8981841
539	546	737	90	90	8981847
545	546	757	90	90	8981854
551	547	769	90	90	8981860
558	547	785	90	90	8981866
566	548	793	90	90	8981872
574	548	805	90	90	8981879
582	548	809	90	90	8981885
590	548	817	90	90	8981891
599	548	821	90	90	8981897
609	548	829	90	90	8981904
618	548	833	90	90	8981910
628	548	837	90	90	8981916
637	548	841	90	90	8981922
647	547	845	90	90	8981929
657	547	849	90	90	8981935
667	546	849	90	90	8981941
678	546	853	90	90	8981947
687	545	853	90	90	8981954
697	545	853	90	90	8981960
706	544	853	90	90	8981966
714	543	853	90	90	8981972
721	543	853	90	90	8981979
727	542	853	90	90	8981985
733	541	841	90	90	8981991
738	540	785	90	90	8981997
741	540	648	90	90	8982004
744	539	511	90	90	8982010
745	539	130	90	90	8982035
25
567	545	24	90	90	8982716
568	546	312	90	90	8982754
567	545	527	90	90	8982760
566	543	559	90	90	8982766
565	542	592	90	90	8982772
564	540	620	90	90	8982779
562	538	644	90	90	8982785
561	535	668	90	90	8982791
559	532	692	90	90	8982797
557	529	708	90	90	8982804
555	526	728	90	90	8982810
553	522	745	90	90	8982816
551	518	757	90	90	8982822
549	515	769	90	90	8982829
547	512	777	90	90	8982835
544	508	781	90	90	8982841
543	506	785	90	90	8982847
541	504	789	90	90	8982854
539	502	793	90	90	8982860
538	501	793	90	90	8982866
537	500	789	90	90	8982879
537	499	700	90	90	8982891
538	500	450	90	90	8982904
540	502	229	90	90	8982910
541	503	36	90	90	8982922
25
631	545	96	90	90	8983272
632	546	409	90	90	8983310
630	545	632	90	90	8983316
630	544	664	90	90	8983322
629	542	688	90	90	8983329
628	540	712	90	90	8983335
626	537	733	90	90	8983341
625	534	749	90	90	8983347
623	531	761	90	90	8983354
620	528	773	90	90	8983360
618	524	785	90	90	8983366
615	520	797	90	90	8983372
613	516	805	90	90	8983379
610	512	813	90	90	8983385
608	509	821	90	90	8983391
605	506	825	90	90	8983397
604	503	833	90	90	8983404
602	500	837	90	90	8983410
601	498	837	90	90	8983416
600	496	837	90	90	8983422
599	495	837	90	90	8983429
599	494	819	90	90	8983441
599	493	598	90	90	8983460
600	495	302	90	90	8983466
601	496	72	90	90	8983479
24
701	539	209	90	90	8983947
700	538	444	90	90	8983960
699	537	535	90	90	8983966
698	536	583	90	90	8983972
697	535	620	90	90	8983979
696	533	648	90	90	8983985
695	531	676	90	90	8983991
693	528	704	90	90	8983997
691	525	728	90	90	8984004
689	521	749	90	90	8984010
687	517	765	90	90	8984016
685	512	777	90	90	8984022
683	508	789	90	90	8984029
680	504	801	90	90	8984035
678	500	809	90	90	8984041
676	496	817	90	90	8984047
674	493	825	90	90	8984054
672	491	829	90	90	8984060
671	488	833	90	90	8984066
670	486	837	90	90	8984072
669	485	841	90	90	8984079
668	483	842	90	90	8984097
667	481	745	90	90	8984154
668	482	133	90	90	8984172
6
1
668	525	0	90	90	9203014
51
539	538	24	90	90	9203608
540	537	40	90	90	9203614
541	537	60	90	90	9203620
543	537	72	90	90	9203626
544	536	80	90	90	9203633
546	536	96	90	90	9203639
548	536	108	90	90	9203645
551	536	124	90	90	9203651
554	537	140	90	90	9203658
557	537	157	90	90	9203664
560	537	169	90	90	9203670
564	537	181	90	90	9203676
568	538	193	90	90	9203683
572	538	205	90	90	9203689
576	538	209	90	90	9203695
581	538	213	90	90	9203701
585	538	217	90	90	9203708
590	538	225	90	90	9203714
594	538	229	90	90	9203720
598	538	233	90	90	9203726
603	538	241	90	90	9203733
607	538	249	90	90	9203739
611	538	253	90	90	9203745
615	538	273	90	90	9203751
620	538	289	90	90	9203758
625	538	310	90	90	9203764
629	538	334	90	90	9203770
634	538	354	90	90	9203776
639	539	378	90	90	9203783
644	539	398	90	90	9203789
650	539	422	90	90	9203795
655	539	430	90	90	9203801
660	539	439	90	90	9203808
666	539	447	90	90	9203814
671	539	451	90	90	9203820
676	539	451	90	90	9203826
681	539	455	90	90	9203833
686	538	459	90	90	9203839
692	538	467	90	90	9203845
697	538	471	90	90	9203851
701	537	475	90	90	9203858
706	537	479	90	90	9203864
711	537	479	90	90	9203870
716	537	479	90	90	9203876
721	537	479	90	90	9203883
725	537	467	90	90	9203889
729	537	447	90	90	9203895
732	537	374	90	90	9203901
735	537	273	90	90	9203908
737	537	165	90	90	9203914
739	537	28	90	90	9203926
24
580	534	4	90	90	9204576
579	532	56	90	90	9204583
578	531	108	90	90	9204589
578	530	165	90	90	9204595
577	529	217	90	90	9204601
577	527	265	90	90	9204608
576	526	306	90	90	9204614
575	524	346	90	90	9204620
574	521	378	90	90	9204626
573	519	406	90	90	9204633
571	516	443	90	90	9204639
569	513	467	90	90	9204645
568	510	487	90	90	9204651
566	507	515	90	90	9204658
564	504	535	90	90	9204664
562	502	551	90	90	9204670
561	500	571	90	90	9204676
559	498	588	90	90	9204683
558	497	600	90	90	9204689
557	496	608	90	90	9204695
557	495	618	90	90	9204708
556	494	567	90	90	9204733
557	495	287	90	90	9204745
558	497	46	90	90	9204758
22
637	535	283	90	90	9205089
636	534	503	90	90	9205095
636	533	531	90	90	9205101
635	532	559	90	90	9205108
635	530	588	90	90	9205114
634	528	608	90	90	9205120
633	525	628	90	90	9205126
631	522	644	90	90	9205133
630	518	660	90	90	9205139
628	514	672	90	90	9205145
627	510	680	90	90	9205151
625	507	692	90	90	9205158
623	503	700	90	90	9205164
622	500	708	90	90	9205170
620	497	720	90	90	9205176
619	495	724	90	90	9205183
618	493	728	90	90	9205189
617	492	728	90	90	9205195
617	491	710	90	90	9205208
616	490	496	90	90	9205226
617	491	217	90	90	9205233
618	492	36	90	90	9205245
23
689	530	16	90	90	9205539
690	531	299	90	90	9205576
689	529	503	90	90	9205583
688	528	539	90	90	9205589
687	527	567	90	90	9205595
686	525	604	90	90	9205601
685	522	628	90	90	9205608
683	519	652	90	90	9205614
682	515	672	90	90	9205620
680	511	684	90	90	9205626
677	508	696	90	90	9205633
675	504	708	90	90	9205639
673	500	724	90	90	9205645
671	497	733	90	90	9205651
669	494	741	90	90	9205658
668	492	749	90	90	9205664
667	490	757	90	90	9205670
666	489	761	90	90	9205676
665	488	765	90	90	9205683
665	487	765	90	90	9205695
665	486	717	90	90	9205714
666	486	476	90	90	9205726
667	487	124	90	90	9205745
1
268	397	215	90	90	9207658
6
1
648	553	0	90	90	9424396
51
516	538	36	90	90	9424989
518	538	72	90	90	9424996
519	538	112	90	90	9425002
520	538	161	90	90	9425008
522	538	209	90	90	9425014
523	538	253	90	90	9425021
525	538	289	90	90	9425027
527	538	322	90	90	9425033
529	538	362	90	90	9425039
532	538	390	90	90	9425046
535	538	422	90	90	9425052
538	538	455	90	90	9425058
542	538	487	90	90	9425064
546	538	523	90	90	9425071
550	539	547	90	90	9425077
555	539	571	90	90	9425083
560	539	592	90	90	9425089
565	540	608	90	90	9425096
570	540	620	90	90	9425102
575	540	628	90	90	9425108
581	540	632	90	90	9425114
587	540	636	90	90	9425121
592	540	640	90	90	9425127
598	540	644	90	90	9425133
603	540	644	90	90	9425139
609	540	648	90	90	9425146
615	540	648	90	90	9425152
620	540	652	90	90	9425158
626	540	652	90	90	9425164
631	539	656	90	90	9425171
637	539	660	90	90	9425177
642	539	664	90	90	9425183
648	539	668	90	90	9425189
653	539	672	90	90	9425196
658	540	676	90	90	9425202
663	540	684	90	90	9425208
669	540	688	90	90	9425214
673	540	692	90	90	9425221
678	540	696	90	90	9425227
683	540	696	90	90	9425233
688	540	700	90	90	9425239
692	540	704	90	90	9425246
696	539	704	90	90	9425252
700	539	704	90	90	9425258
703	539	704	90	90	9425264
706	538	704	90	90	9425271
709	538	704	90	90	9425277
711	538	700	90	90	9425283
713	537	680	90	90	9425289
714	537	579	90	90	9425302
715	537	184	90	90	9425327
22
560	534	36	90	90	9425852
561	535	317	90	90	9425908
560	534	451	90	90	9425921
559	533	467	90	90	9425927
558	532	479	90	90	9425933
557	531	503	90	90	9425939
556	530	523	90	90	9425946
555	528	543	90	90	9425952
553	526	559	90	90	9425958
552	525	575	90	90	9425964
550	523	592	90	90	9425971
548	521	608	90	90	9425977
546	518	620	90	90	9425983
544	516	628	90	90	9425989
542	514	636	90	90	9425996
540	512	640	90	90	9426002
539	510	644	90	90	9426008
538	509	648	90	90	9426014
537	508	652	90	90	9426021
536	507	650	90	90	9426033
535	506	505	90	90	9426058
536	507	97	90	90	9426077
20
616	535	315	90	90	9426471
615	533	535	90	90	9426477
614	533	559	90	90	9426483
613	532	583	90	90	9426489
611	530	604	90	90	9426496
610	529	624	90	90	9426502
608	527	644	90	90	9426508
606	524	660	90	90	9426514
603	522	672	90	90	9426521
601	519	684	90	90	9426527
598	516	696	90	90	9426533
595	513	704	90	90	9426539
593	511	708	90	90	9426546
590	508	720	90	90	9426552
588	506	724	90	90	9426558
587	505	728	90	90	9426564
585	504	728	90	90	9426571
585	503	582	90	90	9426608
586	505	173	90	90	9426614
587	506	16	90	90	9426627
20
667	533	201	90	90	9427002
667	532	414	90	90	9427014
666	531	471	90	90	9427021
665	530	515	90	90	9427027
664	529	547	90	90	9427033
663	527	583	90	90	9427039
661	525	616	90	90	9427046
660	523	640	90	90	9427052
658	520	664	90	90	9427058
655	518	680	90	90	9427064
653	515	696	90	90	9427071
651	512	712	90	90	9427077
648	509	724	90	90	9427083
646	507	733	90	90	9427089
644	505	741	90	90	9427096
642	503	745	90	90	9427102
641	502	753	90	90	9427108
640	501	757	90	90	9427114
639	500	755	90	90	9427127
638	499	399	90	90	9427171
2
268	397	44	90	90	9430195
269	397	4	90	90	9430207
6
1
332	426	0	90	90	9675647
55
499	537	16	90	90	9676688
500	537	16	90	90	9676700
501	537	28	90	90	9676706
502	536	40	90	90	9676713
503	536	64	90	90	9676719
504	536	96	90	90	9676725
506	536	136	90	90	9676731
508	535	173	90	90	9676738
510	535	213	90	90	9676744
513	535	253	90	90	9676750
515	535	281	90	90	9676756
518	535	306	90	90	9676763
521	535	338	90	90	9676769
524	535	362	90	90	9676775
528	535	382	90	90	9676781
531	535	398	90	90	9676788
535	535	414	90	90	9676794
539	535	430	90	90	9676800
543	535	447	90	90	9676806
547	535	463	90	90	9676813
552	535	487	90	90	9676819
557	535	511	90	90	9676825
562	535	527	90	90	9676831
567	535	543	90	90	9676838
572	535	559	90	90	9676844
577	535	571	90	90	9676850
583	536	592	90	90	9676856
589	536	604	90	90	9676863
595	536	616	90	90	9676869
601	536	624	90	90	9676875
607	536	636	90	90	9676881
613	535	644	90	90	9676888
619	535	656	90	90	9676894
625	535	664	90	90	9676900
631	535	668	90	90	9676906
636	534	672	90	90	9676913
642	534	672	90	90	9676919
648	534	676	90	90	9676925
654	534	676	90	90	9676931
659	534	676	90	90	9676938
665	533	676	90	90	9676944
670	533	676	90	90	9676950
674	533	676	90	90	9676956
679	533	676	90	90	9676963
684	533	680	90	90	9676969
688	533	680	90	90	9676975
692	533	680	90	90	9676981
696	533	680	90	90	9676988
699	533	680	90	90	9676994
702	533	676	90	90	9677000
704	533	664	90	90	9677006
707	532	636	90	90	9677013
708	532	567	90	90	9677019
710	532	443	90	90	9677025
711	532	131	90	90	9677050
22
546	531	103	90	90	9677619
545	530	191	90	90	9677631
544	529	229	90	90	9677638
544	528	253	90	90	9677644
543	527	281	90	90	9677650
542	526	306	90	90	9677656
541	524	338	90	90	9677663
539	521	362	90	90	9677669
537	519	382	90	90	9677675
535	516	402	90	90	9677681
533	513	426	90	90	9677688
530	510	455	90	90	9677694
527	507	475	90	90	9677700
525	504	511	90	90	9677706
522	501	531	90	90	9677713
519	498	555	90	90	9677719
516	496	571	90	90	9677725
514	495	588	90	90	9677731
512	493	592	90	90	9677738
511	492	575	90	90	9677744
509	491	543	90	90	9677750
508	490	212	90	90	9677781
21
617	531	284	90	90	9678169
616	530	519	90	90	9678175
615	529	543	90	90	9678181
614	528	571	90	90	9678188
612	526	600	90	90	9678194
610	523	624	90	90	9678200
609	520	644	90	90	9678206
606	517	660	90	90	9678213
604	514	672	90	90	9678219
601	510	688	90	90	9678225
598	507	700	90	90	9678231
595	503	712	90	90	9678238
592	500	724	90	90	9678244
590	498	733	90	90	9678250
587	495	741	90	90	9678256
586	494	749	90	90	9678263
584	493	753	90	90	9678269
583	492	745	90	90	9678281
583	491	560	90	90	9678300
584	492	285	90	90	9678306
585	493	70	90	90	9678319
23
671	526	72	90	90	9678700
672	526	329	90	90	9678731
671	526	497	90	90	9678744
669	524	547	90	90	9678750
668	523	571	90	90	9678756
667	521	604	90	90	9678763
665	518	632	90	90	9678769
664	515	660	90	90	9678775
662	512	684	90	90	9678781
660	509	708	90	90	9678788
658	505	728	90	90	9678794
657	501	745	90	90	9678800
655	498	761	90	90	9678806
653	494	773	90	90	9678813
651	491	781	90	90	9678819
649	488	793	90	90	9678825
648	486	801	90	90	9678831
646	483	805	90	90	9678838
645	482	813	90	90	9678844
644	480	817	90	90	9678850
644	479	819	90	90	9678863
643	478	818	90	90	9678881
642	477	462	90	90	9678931
2
283	395	70	90	90	9680587
283	394	230	90	90	9680637
