4
1
722	616	0	90	90	7578187
195
630	613	165	90	90	7578699
631	612	328	90	90	7578712
632	612	384	90	90	7578724
633	612	422	90	90	7578737
635	611	459	90	90	7578749
636	611	499	90	90	7578762
637	610	527	90	90	7578768
638	610	543	90	90	7578774
639	609	559	90	90	7578781
641	609	575	90	90	7578787
642	609	592	90	90	7578793
643	608	604	90	90	7578799
645	608	612	90	90	7578806
646	608	620	90	90	7578812
648	608	632	90	90	7578818
649	607	640	90	90	7578824
651	607	648	90	90	7578831
652	607	656	90	90	7578837
653	607	664	90	90	7578843
654	606	672	90	90	7578849
656	606	680	90	90	7578856
657	605	684	90	90	7578862
658	605	692	90	90	7578868
660	604	696	90	90	7578874
661	603	700	90	90	7578881
662	603	708	90	90	7578887
663	602	712	90	90	7578893
665	601	720	90	90	7578899
666	601	724	90	90	7578906
668	600	728	90	90	7578912
669	600	737	90	90	7578918
671	599	741	90	90	7578924
672	598	749	90	90	7578931
674	597	753	90	90	7578937
676	596	757	90	90	7578943
677	596	761	90	90	7578949
679	594	765	90	90	7578956
680	593	765	90	90	7578962
681	592	769	90	90	7578968
683	591	769	90	90	7578974
684	590	769	90	90	7578981
685	589	769	90	90	7578987
686	588	773	90	90	7578993
687	586	773	90	90	7578999
688	585	773	90	90	7579006
689	584	773	90	90	7579012
690	583	773	90	90	7579018
691	582	777	90	90	7579024
692	581	777	90	90	7579031
693	580	777	90	90	7579037
694	579	777	90	90	7579043
695	577	781	90	90	7579049
696	576	781	90	90	7579056
697	574	781	90	90	7579062
698	573	781	90	90	7579068
699	571	785	90	90	7579074
700	569	785	90	90	7579081
700	567	785	90	90	7579087
701	565	785	90	90	7579093
702	564	785	90	90	7579099
703	562	789	90	90	7579106
703	560	789	90	90	7579112
704	558	789	90	90	7579118
704	557	793	90	90	7579124
705	555	793	90	90	7579131
705	553	793	90	90	7579137
706	552	797	90	90	7579143
706	550	797	90	90	7579149
707	548	797	90	90	7579156
707	546	797	90	90	7579162
707	544	801	90	90	7579168
708	542	801	90	90	7579174
708	540	801	90	90	7579181
708	538	805	90	90	7579187
708	536	805	90	90	7579193
709	534	809	90	90	7579199
709	532	809	90	90	7579206
709	530	813	90	90	7579212
709	529	817	90	90	7579218
709	527	817	90	90	7579224
709	525	821	90	90	7579231
709	523	825	90	90	7579237
709	521	825	90	90	7579243
709	520	829	90	90	7579249
709	518	829	90	90	7579256
709	516	829	90	90	7579262
709	514	829	90	90	7579268
709	512	829	90	90	7579274
708	510	829	90	90	7579281
708	508	829	90	90	7579287
708	507	829	90	90	7579293
707	505	833	90	90	7579299
707	504	837	90	90	7579306
706	502	841	90	90	7579312
706	500	845	90	90	7579318
705	499	849	90	90	7579324
704	498	853	90	90	7579331
704	496	853	90	90	7579337
703	494	857	90	90	7579343
703	493	861	90	90	7579349
702	491	861	90	90	7579356
701	490	861	90	90	7579362
701	488	861	90	90	7579368
700	487	861	90	90	7579374
699	485	861	90	90	7579381
698	484	861	90	90	7579387
697	483	861	90	90	7579393
696	481	861	90	90	7579399
695	480	861	90	90	7579406
694	479	861	90	90	7579412
694	478	861	90	90	7579418
693	477	865	90	90	7579424
692	476	865	90	90	7579431
691	475	865	90	90	7579437
690	474	869	90	90	7579443
689	473	869	90	90	7579449
688	473	869	90	90	7579456
688	472	869	90	90	7579462
687	471	873	90	90	7579468
686	470	873	90	90	7579474
685	469	873	90	90	7579481
684	468	873	90	90	7579487
683	467	878	90	90	7579493
682	466	878	90	90	7579499
680	465	878	90	90	7579506
679	464	882	90	90	7579512
678	463	882	90	90	7579518
677	462	882	90	90	7579524
676	461	882	90	90	7579531
675	461	882	90	90	7579537
673	460	886	90	90	7579543
672	459	886	90	90	7579549
671	458	886	90	90	7579556
669	457	886	90	90	7579562
668	457	886	90	90	7579568
667	456	886	90	90	7579574
665	455	886	90	90	7579581
664	455	890	90	90	7579587
663	454	890	90	90	7579593
661	454	890	90	90	7579599
660	453	890	90	90	7579606
659	453	890	90	90	7579612
657	452	890	90	90	7579618
656	452	890	90	90	7579624
655	451	894	90	90	7579631
653	451	894	90	90	7579637
652	451	894	90	90	7579643
650	450	894	90	90	7579649
648	450	898	90	90	7579656
647	449	898	90	90	7579662
645	449	898	90	90	7579668
644	449	902	90	90	7579674
642	448	902	90	90	7579681
641	448	906	90	90	7579687
639	447	906	90	90	7579693
638	447	906	90	90	7579699
636	447	906	90	90	7579706
635	446	906	90	90	7579712
634	446	910	90	90	7579718
632	446	910	90	90	7579724
631	445	910	90	90	7579731
630	445	910	90	90	7579737
628	445	910	90	90	7579743
627	445	910	90	90	7579749
626	445	914	90	90	7579756
624	445	914	90	90	7579762
623	444	914	90	90	7579768
621	444	914	90	90	7579774
620	444	914	90	90	7579781
618	444	914	90	90	7579787
616	444	918	90	90	7579793
615	444	918	90	90	7579799
613	444	918	90	90	7579806
611	443	922	90	90	7579812
610	443	922	90	90	7579818
608	443	926	90	90	7579824
606	443	930	90	90	7579831
605	443	930	90	90	7579837
603	443	934	90	90	7579843
601	443	938	90	90	7579849
600	443	942	90	90	7579856
598	443	946	90	90	7579862
596	443	950	90	90	7579868
595	443	954	90	90	7579874
593	442	958	90	90	7579881
591	442	966	90	90	7579887
590	442	970	90	90	7579893
588	442	970	90	90	7579899
587	442	974	90	90	7579906
586	442	978	90	90	7579912
585	442	982	90	90	7579924
584	442	986	90	90	7579943
583	442	954	90	90	7579981
583	443	570	90	90	7579999
584	444	95	90	90	7580018
45
596	462	97	90	90	7580331
597	463	335	90	90	7580356
597	464	551	90	90	7580393
596	465	649	90	90	7580412
595	464	680	90	90	7580424
593	462	692	90	90	7580431
593	461	700	90	90	7580437
592	460	704	90	90	7580443
591	459	712	90	90	7580449
590	457	720	90	90	7580456
589	456	724	90	90	7580462
588	454	728	90	90	7580468
586	453	737	90	90	7580474
585	452	745	90	90	7580481
584	450	753	90	90	7580487
583	449	757	90	90	7580493
582	448	765	90	90	7580499
581	447	777	90	90	7580506
580	446	785	90	90	7580512
579	446	793	90	90	7580518
578	445	801	90	90	7580531
576	444	811	90	90	7580543
575	443	819	90	90	7580556
574	443	831	90	90	7580581
573	443	843	90	90	7580624
574	442	849	90	90	7580637
575	441	851	90	90	7580649
576	439	853	90	90	7580656
577	438	857	90	90	7580662
578	437	861	90	90	7580668
579	436	861	90	90	7580674
581	435	865	90	90	7580681
582	434	869	90	90	7580687
583	433	869	90	90	7580693
585	432	873	90	90	7580699
587	431	873	90	90	7580706
589	430	873	90	90	7580712
590	429	878	90	90	7580718
592	428	878	90	90	7580724
593	427	878	90	90	7580731
594	426	878	90	90	7580737
595	426	878	90	90	7580749
596	425	881	90	90	7580812
597	424	562	90	90	7580837
596	424	80	90	90	7580849
3
263	394	40	90	90	7582569
264	393	112	90	90	7582588
265	393	21	90	90	7582607
3
1
732	579	0	90	90	7830080
176
611	584	76	90	90	7830686
612	584	175	90	90	7830699
613	584	253	90	90	7830711
615	584	298	90	90	7830717
616	584	318	90	90	7830724
617	584	334	90	90	7830730
619	584	346	90	90	7830736
620	584	354	90	90	7830742
621	584	362	90	90	7830749
623	584	366	90	90	7830755
624	584	374	90	90	7830761
626	584	378	90	90	7830767
627	584	382	90	90	7830774
628	584	386	90	90	7830780
630	584	394	90	90	7830786
632	584	402	90	90	7830792
633	584	418	90	90	7830799
635	584	426	90	90	7830805
637	584	439	90	90	7830811
640	584	447	90	90	7830817
642	584	455	90	90	7830824
644	584	467	90	90	7830830
646	583	471	90	90	7830836
648	583	479	90	90	7830842
650	583	487	90	90	7830849
651	582	491	90	90	7830855
653	582	499	90	90	7830861
655	582	503	90	90	7830867
656	581	511	90	90	7830874
658	581	515	90	90	7830880
660	581	519	90	90	7830886
661	580	527	90	90	7830892
663	580	531	90	90	7830899
665	580	535	90	90	7830905
667	579	539	90	90	7830911
669	579	547	90	90	7830917
670	578	555	90	90	7830924
672	577	559	90	90	7830930
674	576	567	90	90	7830936
675	576	575	90	90	7830942
677	575	583	90	90	7830949
679	574	592	90	90	7830955
680	573	600	90	90	7830961
681	572	608	90	90	7830967
683	571	612	90	90	7830974
684	569	616	90	90	7830980
685	568	620	90	90	7830986
687	566	624	90	90	7830992
688	565	628	90	90	7830999
690	563	632	90	90	7831005
691	562	636	90	90	7831011
692	560	644	90	90	7831017
694	559	652	90	90	7831024
695	558	656	90	90	7831030
696	557	664	90	90	7831036
698	556	672	90	90	7831042
699	554	680	90	90	7831049
701	553	684	90	90	7831055
702	552	688	90	90	7831061
703	550	692	90	90	7831067
704	549	696	90	90	7831074
705	547	700	90	90	7831080
706	545	700	90	90	7831086
707	544	704	90	90	7831092
708	542	708	90	90	7831099
709	540	712	90	90	7831105
710	537	720	90	90	7831111
711	536	724	90	90	7831117
711	534	728	90	90	7831124
712	532	733	90	90	7831130
712	530	737	90	90	7831136
713	528	741	90	90	7831142
714	527	745	90	90	7831149
714	525	749	90	90	7831155
715	523	753	90	90	7831161
715	522	757	90	90	7831167
716	520	761	90	90	7831174
716	518	765	90	90	7831180
716	516	769	90	90	7831186
717	514	773	90	90	7831192
717	512	777	90	90	7831199
717	511	777	90	90	7831205
718	509	777	90	90	7831211
718	507	781	90	90	7831217
718	506	785	90	90	7831224
718	504	789	90	90	7831230
718	502	789	90	90	7831236
718	501	793	90	90	7831242
718	499	797	90	90	7831249
718	498	801	90	90	7831255
718	496	805	90	90	7831261
717	494	809	90	90	7831267
717	492	813	90	90	7831274
717	490	817	90	90	7831280
716	488	821	90	90	7831286
716	486	821	90	90	7831292
715	484	821	90	90	7831299
714	482	821	90	90	7831305
713	480	821	90	90	7831311
713	479	821	90	90	7831317
712	477	821	90	90	7831324
711	475	825	90	90	7831330
710	474	825	90	90	7831336
710	472	825	90	90	7831342
709	471	825	90	90	7831349
708	469	825	90	90	7831355
707	468	825	90	90	7831361
706	466	825	90	90	7831367
705	465	825	90	90	7831374
704	463	821	90	90	7831380
703	462	821	90	90	7831386
702	460	821	90	90	7831392
700	459	821	90	90	7831399
699	457	821	90	90	7831405
697	456	821	90	90	7831411
696	455	821	90	90	7831417
695	454	821	90	90	7831424
693	453	821	90	90	7831430
692	452	821	90	90	7831436
690	451	821	90	90	7831442
689	450	825	90	90	7831449
688	449	825	90	90	7831455
686	448	829	90	90	7831461
685	447	829	90	90	7831467
683	446	829	90	90	7831474
682	445	833	90	90	7831480
680	444	833	90	90	7831486
678	442	833	90	90	7831492
677	441	833	90	90	7831499
675	440	829	90	90	7831505
673	439	829	90	90	7831511
671	438	829	90	90	7831517
670	437	829	90	90	7831524
668	436	829	90	90	7831530
666	435	829	90	90	7831536
664	434	829	90	90	7831542
662	433	829	90	90	7831549
661	432	829	90	90	7831555
659	431	829	90	90	7831561
657	431	825	90	90	7831567
655	430	825	90	90	7831574
654	429	825	90	90	7831580
652	429	825	90	90	7831586
650	428	825	90	90	7831592
648	427	825	90	90	7831599
646	427	825	90	90	7831605
644	426	825	90	90	7831611
642	426	825	90	90	7831617
640	426	825	90	90	7831624
639	425	825	90	90	7831630
637	425	825	90	90	7831636
635	425	825	90	90	7831642
634	424	825	90	90	7831649
632	424	825	90	90	7831655
631	424	825	90	90	7831661
630	424	825	90	90	7831667
628	424	825	90	90	7831674
627	424	825	90	90	7831680
626	424	825	90	90	7831686
625	424	829	90	90	7831692
624	424	829	90	90	7831699
623	424	833	90	90	7831705
622	424	833	90	90	7831711
621	424	837	90	90	7831717
619	424	841	90	90	7831724
618	424	849	90	90	7831730
617	423	853	90	90	7831736
616	423	861	90	90	7831742
615	423	865	90	90	7831749
614	423	875	90	90	7831761
612	423	884	90	90	7831774
611	423	888	90	90	7831786
610	423	894	90	90	7831805
609	423	900	90	90	7831842
608	423	695	90	90	7831874
607	424	104	90	90	7831892
41
618	440	275	90	90	7832430
617	440	459	90	90	7832449
616	438	503	90	90	7832461
615	437	527	90	90	7832467
614	436	535	90	90	7832474
613	435	543	90	90	7832480
613	434	547	90	90	7832486
612	433	555	90	90	7832492
611	432	559	90	90	7832499
610	431	559	90	90	7832505
609	430	563	90	90	7832511
608	429	563	90	90	7832517
606	428	567	90	90	7832524
605	427	567	90	90	7832530
604	426	567	90	90	7832536
603	425	567	90	90	7832542
602	425	571	90	90	7832549
601	424	571	90	90	7832555
600	423	571	90	90	7832561
599	422	575	90	90	7832567
598	422	583	90	90	7832574
597	421	596	90	90	7832586
595	420	649	90	90	7832655
596	419	692	90	90	7832667
597	419	704	90	90	7832680
599	418	720	90	90	7832686
600	417	728	90	90	7832692
601	417	733	90	90	7832699
602	416	741	90	90	7832705
603	416	745	90	90	7832711
605	415	749	90	90	7832717
606	414	753	90	90	7832724
607	413	761	90	90	7832730
609	412	765	90	90	7832736
610	412	765	90	90	7832742
611	411	769	90	90	7832749
613	410	769	90	90	7832755
614	409	773	90	90	7832767
615	408	777	90	90	7832780
616	408	653	90	90	7832836
616	407	62	90	90	7832849
4
1
698	572	0	90	90	8079849
147
614	605	205	90	90	8080436
616	605	414	90	90	8080449
617	605	459	90	90	8080455
619	605	479	90	90	8080461
620	605	503	90	90	8080468
621	605	519	90	90	8080474
623	605	531	90	90	8080480
625	605	539	90	90	8080486
626	605	551	90	90	8080493
628	604	559	90	90	8080499
629	604	567	90	90	8080505
631	604	575	90	90	8080511
632	604	588	90	90	8080518
634	604	596	90	90	8080524
635	603	608	90	90	8080530
637	603	616	90	90	8080536
639	603	624	90	90	8080543
641	602	632	90	90	8080549
642	602	640	90	90	8080555
644	601	648	90	90	8080561
646	601	656	90	90	8080568
648	600	664	90	90	8080574
650	600	672	90	90	8080580
652	599	676	90	90	8080586
653	598	684	90	90	8080593
655	598	692	90	90	8080599
657	597	696	90	90	8080605
659	596	700	90	90	8080611
661	595	704	90	90	8080618
663	594	708	90	90	8080624
665	593	712	90	90	8080630
667	592	724	90	90	8080636
669	591	728	90	90	8080643
671	590	733	90	90	8080649
673	588	741	90	90	8080655
675	587	745	90	90	8080661
677	586	749	90	90	8080668
679	585	753	90	90	8080674
681	584	757	90	90	8080680
682	583	757	90	90	8080686
684	581	761	90	90	8080693
686	580	765	90	90	8080699
688	579	765	90	90	8080705
689	578	769	90	90	8080711
691	576	769	90	90	8080718
693	575	773	90	90	8080724
694	573	773	90	90	8080730
696	571	777	90	90	8080736
697	569	781	90	90	8080743
699	567	781	90	90	8080749
700	565	785	90	90	8080755
701	563	789	90	90	8080761
702	561	793	90	90	8080768
703	559	797	90	90	8080774
704	557	801	90	90	8080780
705	555	801	90	90	8080786
706	553	805	90	90	8080793
707	551	809	90	90	8080799
708	549	809	90	90	8080805
708	546	809	90	90	8080811
709	544	809	90	90	8080818
709	542	813	90	90	8080824
709	539	813	90	90	8080830
710	537	813	90	90	8080836
710	534	817	90	90	8080843
710	532	821	90	90	8080849
710	530	825	90	90	8080855
710	527	829	90	90	8080861
710	525	833	90	90	8080868
710	522	833	90	90	8080874
710	519	837	90	90	8080880
710	517	841	90	90	8080886
710	514	841	90	90	8080893
710	511	841	90	90	8080899
709	509	845	90	90	8080905
709	507	845	90	90	8080911
709	504	849	90	90	8080918
708	502	853	90	90	8080924
707	500	853	90	90	8080930
707	498	857	90	90	8080936
706	495	857	90	90	8080943
704	493	861	90	90	8080949
703	490	861	90	90	8080955
702	488	861	90	90	8080961
701	486	865	90	90	8080968
699	484	865	90	90	8080974
698	482	865	90	90	8080980
697	479	865	90	90	8080986
695	478	869	90	90	8080993
694	476	869	90	90	8080999
693	474	869	90	90	8081005
691	473	869	90	90	8081011
690	471	873	90	90	8081018
689	470	873	90	90	8081024
688	468	873	90	90	8081030
686	467	873	90	90	8081036
685	465	873	90	90	8081043
684	464	873	90	90	8081049
682	463	873	90	90	8081055
681	461	873	90	90	8081061
680	460	873	90	90	8081068
678	458	873	90	90	8081074
677	457	873	90	90	8081080
676	456	873	90	90	8081086
674	455	873	90	90	8081093
672	454	873	90	90	8081099
671	453	873	90	90	8081105
669	452	873	90	90	8081111
667	452	873	90	90	8081118
666	451	873	90	90	8081124
664	451	873	90	90	8081130
662	450	873	90	90	8081136
661	449	878	90	90	8081143
659	449	878	90	90	8081149
657	448	882	90	90	8081155
655	448	882	90	90	8081161
654	447	882	90	90	8081168
651	446	882	90	90	8081174
649	446	886	90	90	8081180
647	445	886	90	90	8081186
645	444	886	90	90	8081193
642	444	882	90	90	8081199
640	443	882	90	90	8081205
637	443	882	90	90	8081211
635	442	882	90	90	8081218
633	442	882	90	90	8081224
631	441	882	90	90	8081230
629	441	882	90	90	8081236
627	441	882	90	90	8081243
624	440	882	90	90	8081249
622	440	882	90	90	8081255
620	440	882	90	90	8081261
617	439	882	90	90	8081268
615	439	882	90	90	8081274
613	439	882	90	90	8081280
611	438	882	90	90	8081286
609	438	882	90	90	8081293
607	438	882	90	90	8081299
606	438	882	90	90	8081305
604	438	882	90	90	8081311
603	438	882	90	90	8081318
602	438	882	90	90	8081324
601	438	882	90	90	8081336
600	438	886	90	90	8081355
599	439	871	90	90	8081411
600	439	499	90	90	8081430
600	440	56	90	90	8081449
47
613	460	36	90	90	8081793
614	460	441	90	90	8081861
614	459	652	90	90	8081874
613	457	668	90	90	8081880
612	457	680	90	90	8081886
612	456	688	90	90	8081893
611	455	696	90	90	8081899
611	454	700	90	90	8081905
610	453	704	90	90	8081911
609	452	712	90	90	8081918
608	451	720	90	90	8081924
607	449	724	90	90	8081930
607	448	728	90	90	8081936
606	447	733	90	90	8081943
605	447	737	90	90	8081949
604	446	745	90	90	8081955
603	445	749	90	90	8081961
602	444	753	90	90	8081968
601	443	757	90	90	8081974
600	443	761	90	90	8081980
599	442	769	90	90	8081986
598	442	773	90	90	8081993
597	442	775	90	90	8082005
596	441	783	90	90	8082018
595	441	792	90	90	8082043
594	440	818	90	90	8082130
594	439	839	90	90	8082161
595	438	851	90	90	8082174
596	437	859	90	90	8082186
597	436	865	90	90	8082193
598	435	869	90	90	8082199
599	434	873	90	90	8082205
599	433	878	90	90	8082211
600	432	878	90	90	8082218
601	431	882	90	90	8082224
602	430	886	90	90	8082230
603	429	890	90	90	8082236
604	428	894	90	90	8082243
605	427	894	90	90	8082249
606	426	898	90	90	8082255
607	425	902	90	90	8082261
608	424	906	90	90	8082268
609	424	906	90	90	8082280
610	424	910	90	90	8082293
611	424	894	90	90	8082368
611	422	513	90	90	8082380
610	422	116	90	90	8082399
2
266	394	16	90	90	8084209
266	393	141	90	90	8084265
3
1
632	587	0	90	90	8314837
153
587	592	12	90	90	8315937
590	594	64	90	90	8315949
591	594	108	90	90	8315956
592	595	140	90	90	8315962
594	595	161	90	90	8315968
595	595	189	90	90	8315974
596	596	217	90	90	8315981
597	596	249	90	90	8315987
598	597	273	90	90	8315993
599	597	298	90	90	8315999
600	598	318	90	90	8316006
602	598	342	90	90	8316012
603	598	362	90	90	8316018
604	599	382	90	90	8316024
606	599	398	90	90	8316031
607	600	414	90	90	8316037
609	600	430	90	90	8316043
610	600	451	90	90	8316049
612	600	471	90	90	8316056
614	601	499	90	90	8316062
616	601	523	90	90	8316068
618	601	543	90	90	8316074
620	601	559	90	90	8316081
622	601	575	90	90	8316087
624	601	596	90	90	8316093
626	601	604	90	90	8316099
628	601	612	90	90	8316106
630	601	620	90	90	8316112
632	601	624	90	90	8316118
634	601	628	90	90	8316124
636	600	636	90	90	8316131
638	600	644	90	90	8316137
641	600	652	90	90	8316143
643	599	660	90	90	8316149
645	598	668	90	90	8316156
647	598	680	90	90	8316162
649	597	688	90	90	8316168
650	596	696	90	90	8316174
652	595	704	90	90	8316181
653	595	712	90	90	8316187
655	594	724	90	90	8316193
656	593	733	90	90	8316199
657	592	741	90	90	8316206
659	591	749	90	90	8316212
660	590	757	90	90	8316218
662	589	765	90	90	8316224
663	588	773	90	90	8316231
665	587	785	90	90	8316237
667	586	793	90	90	8316243
668	585	801	90	90	8316249
670	584	809	90	90	8316256
672	583	817	90	90	8316262
674	582	821	90	90	8316268
675	580	829	90	90	8316274
677	579	837	90	90	8316281
679	578	841	90	90	8316287
680	577	849	90	90	8316293
681	576	853	90	90	8316299
683	574	857	90	90	8316306
684	573	861	90	90	8316312
685	571	865	90	90	8316318
686	569	869	90	90	8316324
687	567	873	90	90	8316331
689	565	878	90	90	8316337
690	563	886	90	90	8316343
691	561	890	90	90	8316349
692	558	894	90	90	8316356
693	556	898	90	90	8316362
694	554	902	90	90	8316368
694	552	906	90	90	8316374
695	550	910	90	90	8316381
696	548	914	90	90	8316387
697	546	918	90	90	8316393
698	543	918	90	90	8316399
698	541	922	90	90	8316406
699	539	926	90	90	8316412
700	537	930	90	90	8316418
700	535	930	90	90	8316424
701	533	934	90	90	8316431
701	530	938	90	90	8316437
701	528	942	90	90	8316443
701	526	946	90	90	8316449
701	524	950	90	90	8316456
700	522	954	90	90	8316462
700	519	954	90	90	8316468
699	516	958	90	90	8316474
699	514	962	90	90	8316481
698	511	962	90	90	8316487
697	509	966	90	90	8316493
696	506	970	90	90	8316499
695	504	970	90	90	8316506
694	502	974	90	90	8316512
693	500	974	90	90	8316518
692	498	978	90	90	8316524
691	495	978	90	90	8316531
690	493	978	90	90	8316537
689	491	978	90	90	8316543
687	488	982	90	90	8316549
686	486	982	90	90	8316556
685	484	982	90	90	8316562
684	482	982	90	90	8316568
683	480	982	90	90	8316574
682	479	986	90	90	8316581
681	477	986	90	90	8316587
679	475	986	90	90	8316593
678	474	986	90	90	8316599
677	473	986	90	90	8316606
675	471	986	90	90	8316612
673	470	990	90	90	8316618
672	469	986	90	90	8316624
670	467	986	90	90	8316631
668	466	986	90	90	8316637
666	465	986	90	90	8316643
664	464	986	90	90	8316649
662	463	986	90	90	8316656
661	462	990	90	90	8316662
659	461	990	90	90	8316668
657	459	990	90	90	8316674
655	458	990	90	90	8316681
653	458	986	90	90	8316687
651	457	986	90	90	8316693
649	456	986	90	90	8316699
646	455	986	90	90	8316706
644	454	986	90	90	8316712
642	454	986	90	90	8316718
640	453	986	90	90	8316724
637	453	986	90	90	8316731
635	452	986	90	90	8316737
633	452	986	90	90	8316743
631	451	986	90	90	8316749
629	451	986	90	90	8316756
626	451	986	90	90	8316762
624	450	986	90	90	8316768
621	450	990	90	90	8316774
619	449	990	90	90	8316781
616	449	990	90	90	8316787
614	449	990	90	90	8316793
611	448	990	90	90	8316799
609	448	994	90	90	8316806
606	447	994	90	90	8316812
604	447	998	90	90	8316818
602	446	998	90	90	8316824
599	446	1002	90	90	8316831
597	446	1006	90	90	8316837
595	446	1010	90	90	8316843
593	446	1014	90	90	8316849
592	445	1014	90	90	8316856
591	445	1023	90	90	8316868
590	445	1002	90	90	8316918
591	446	710	90	90	8316931
591	447	463	90	90	8316937
591	448	285	90	90	8316943
591	449	52	90	90	8316956
41
610	478	24	90	90	8317287
610	479	196	90	90	8317299
611	480	559	90	90	8317356
610	479	692	90	90	8317362
609	478	708	90	90	8317368
609	477	724	90	90	8317374
608	475	733	90	90	8317381
607	473	741	90	90	8317387
605	472	749	90	90	8317393
604	470	757	90	90	8317399
602	468	761	90	90	8317406
600	465	765	90	90	8317412
598	463	773	90	90	8317418
596	461	777	90	90	8317424
594	459	781	90	90	8317431
592	457	785	90	90	8317437
590	455	793	90	90	8317443
589	454	797	90	90	8317449
587	453	801	90	90	8317456
586	452	807	90	90	8317468
585	450	818	90	90	8317499
586	449	835	90	90	8317512
588	449	845	90	90	8317518
589	448	853	90	90	8317524
590	447	857	90	90	8317531
592	447	865	90	90	8317537
593	446	869	90	90	8317543
595	444	873	90	90	8317549
596	443	878	90	90	8317556
598	442	882	90	90	8317562
600	440	886	90	90	8317568
601	439	890	90	90	8317574
602	437	894	90	90	8317581
603	436	898	90	90	8317587
603	434	902	90	90	8317593
604	433	906	90	90	8317599
605	432	910	90	90	8317606
605	431	912	90	90	8317618
606	430	916	90	90	8317643
606	429	691	90	90	8317674
606	430	95	90	90	8317693
4
1
707	600	0	90	90	8531043
171
607	598	36	90	90	8531587
608	598	76	90	90	8531593
609	598	120	90	90	8531599
610	598	161	90	90	8531606
612	599	193	90	90	8531612
613	599	229	90	90	8531618
615	599	257	90	90	8531624
616	599	281	90	90	8531631
618	599	298	90	90	8531637
620	599	310	90	90	8531643
622	599	326	90	90	8531649
624	599	342	90	90	8531656
626	598	354	90	90	8531662
627	598	374	90	90	8531668
629	598	386	90	90	8531674
631	597	398	90	90	8531681
632	597	418	90	90	8531687
634	596	426	90	90	8531693
636	596	443	90	90	8531699
638	595	451	90	90	8531706
640	594	463	90	90	8531712
642	593	475	90	90	8531718
644	592	491	90	90	8531724
646	592	503	90	90	8531731
648	591	519	90	90	8531737
650	590	531	90	90	8531743
652	589	539	90	90	8531749
654	588	547	90	90	8531756
656	588	555	90	90	8531762
658	587	563	90	90	8531768
659	586	567	90	90	8531774
661	585	575	90	90	8531781
663	584	583	90	90	8531787
664	584	592	90	90	8531793
666	583	600	90	90	8531799
668	582	604	90	90	8531806
670	582	612	90	90	8531812
673	581	616	90	90	8531818
675	580	620	90	90	8531824
677	579	624	90	90	8531831
679	578	628	90	90	8531837
681	577	632	90	90	8531843
683	576	636	90	90	8531849
685	575	640	90	90	8531856
686	573	644	90	90	8531862
688	572	648	90	90	8531868
689	571	656	90	90	8531874
691	569	664	90	90	8531881
693	568	672	90	90	8531887
694	566	676	90	90	8531893
696	564	684	90	90	8531899
698	562	688	90	90	8531906
699	561	692	90	90	8531912
701	559	696	90	90	8531918
703	558	696	90	90	8531924
704	556	700	90	90	8531931
705	554	700	90	90	8531937
706	553	700	90	90	8531943
707	551	704	90	90	8531949
708	550	704	90	90	8531956
709	548	708	90	90	8531962
710	546	708	90	90	8531968
711	544	708	90	90	8531974
711	542	712	90	90	8531981
712	540	712	90	90	8531987
713	538	720	90	90	8531993
714	536	720	90	90	8531999
715	534	720	90	90	8532006
715	532	724	90	90	8532012
716	530	724	90	90	8532018
716	528	724	90	90	8532024
717	526	724	90	90	8532031
717	524	728	90	90	8532037
718	523	728	90	90	8532043
718	521	728	90	90	8532049
719	519	728	90	90	8532056
719	517	728	90	90	8532062
719	515	728	90	90	8532068
720	513	728	90	90	8532074
720	511	733	90	90	8532081
720	509	733	90	90	8532087
720	506	733	90	90	8532093
720	504	733	90	90	8532099
720	502	737	90	90	8532106
720	500	737	90	90	8532112
720	499	737	90	90	8532118
720	497	737	90	90	8532124
719	495	737	90	90	8532131
719	492	737	90	90	8532137
719	490	737	90	90	8532143
718	488	737	90	90	8532149
718	486	737	90	90	8532156
717	484	737	90	90	8532162
717	482	737	90	90	8532168
716	480	737	90	90	8532174
715	478	737	90	90	8532181
714	476	741	90	90	8532187
714	474	741	90	90	8532193
713	472	741	90	90	8532199
712	470	745	90	90	8532206
711	468	745	90	90	8532212
710	466	745	90	90	8532218
709	464	745	90	90	8532224
708	462	745	90	90	8532231
707	460	745	90	90	8532237
706	458	745	90	90	8532243
705	456	745	90	90	8532249
704	455	745	90	90	8532256
702	453	745	90	90	8532262
701	452	749	90	90	8532268
699	450	749	90	90	8532274
698	449	749	90	90	8532281
696	448	753	90	90	8532287
695	446	753	90	90	8532293
693	445	753	90	90	8532299
692	444	757	90	90	8532306
690	442	757	90	90	8532312
689	441	757	90	90	8532318
687	439	753	90	90	8532324
686	438	753	90	90	8532331
684	437	753	90	90	8532337
683	435	753	90	90	8532343
681	434	753	90	90	8532349
679	433	753	90	90	8532356
677	432	753	90	90	8532362
675	431	753	90	90	8532368
673	429	753	90	90	8532374
670	429	753	90	90	8532381
668	428	753	90	90	8532387
666	427	753	90	90	8532393
664	426	753	90	90	8532399
662	425	753	90	90	8532406
660	425	753	90	90	8532412
658	424	753	90	90	8532418
656	423	753	90	90	8532424
654	423	757	90	90	8532431
651	422	757	90	90	8532437
649	422	757	90	90	8532443
647	421	757	90	90	8532449
644	420	761	90	90	8532456
642	420	761	90	90	8532462
640	419	761	90	90	8532468
637	419	761	90	90	8532474
635	418	761	90	90	8532481
633	418	761	90	90	8532487
631	418	761	90	90	8532493
628	417	761	90	90	8532499
626	417	761	90	90	8532506
624	417	761	90	90	8532512
622	416	761	90	90	8532518
619	416	757	90	90	8532524
617	416	757	90	90	8532531
615	415	757	90	90	8532537
613	415	757	90	90	8532543
610	415	757	90	90	8532549
608	415	757	90	90	8532556
606	414	757	90	90	8532562
605	414	757	90	90	8532568
603	414	757	90	90	8532574
601	414	757	90	90	8532581
599	414	757	90	90	8532587
597	414	757	90	90	8532593
596	414	757	90	90	8532599
594	414	757	90	90	8532606
593	414	757	90	90	8532612
592	414	757	90	90	8532618
591	414	757	90	90	8532624
590	414	761	90	90	8532637
589	414	761	90	90	8532656
588	414	679	90	90	8532737
588	415	51	90	90	8532756
36
601	429	84	90	90	8533168
601	428	229	90	90	8533181
601	427	348	90	90	8533193
600	426	414	90	90	8533206
598	425	453	90	90	8533218
597	424	471	90	90	8533224
596	424	487	90	90	8533231
595	423	503	90	90	8533237
593	422	515	90	90	8533243
592	421	519	90	90	8533249
591	421	523	90	90	8533256
590	420	527	90	90	8533262
589	419	531	90	90	8533268
587	418	531	90	90	8533274
586	417	531	90	90	8533281
585	417	531	90	90	8533287
584	416	539	90	90	8533299
583	415	555	90	90	8533312
582	415	588	90	90	8533337
581	414	626	90	90	8533362
581	413	644	90	90	8533381
582	412	658	90	90	8533393
583	411	672	90	90	8533406
584	410	686	90	90	8533418
585	408	696	90	90	8533424
586	408	704	90	90	8533431
586	407	712	90	90	8533437
587	406	726	90	90	8533449
588	405	739	90	90	8533462
589	403	749	90	90	8533474
591	403	757	90	90	8533487
591	402	762	90	90	8533506
592	402	767	90	90	8533556
593	401	673	90	90	8533581
593	400	317	90	90	8533593
592	400	40	90	90	8533606
2
265	395	257	90	90	8535599
266	394	76	90	90	8535618
4
1
706	580	0	90	90	8766722
116
601	589	32	90	90	8767347
603	589	64	90	90	8767353
604	589	96	90	90	8767360
605	590	132	90	90	8767366
606	590	153	90	90	8767372
607	590	173	90	90	8767378
608	590	193	90	90	8767385
609	590	217	90	90	8767391
611	590	241	90	90	8767397
612	590	261	90	90	8767403
614	590	281	90	90	8767410
616	590	306	90	90	8767416
618	591	334	90	90	8767422
620	591	350	90	90	8767428
622	591	370	90	90	8767435
625	591	382	90	90	8767441
627	591	394	90	90	8767447
629	590	402	90	90	8767453
631	590	414	90	90	8767460
634	590	426	90	90	8767466
636	590	443	90	90	8767472
638	589	455	90	90	8767478
640	589	475	90	90	8767485
643	588	503	90	90	8767491
645	588	527	90	90	8767497
648	587	555	90	90	8767503
650	586	575	90	90	8767510
653	586	596	90	90	8767516
655	585	612	90	90	8767522
658	584	628	90	90	8767528
660	583	636	90	90	8767535
663	582	644	90	90	8767541
666	581	648	90	90	8767547
668	579	652	90	90	8767553
671	578	656	90	90	8767560
673	577	664	90	90	8767566
675	575	668	90	90	8767572
678	573	676	90	90	8767578
680	571	684	90	90	8767585
682	569	696	90	90	8767591
684	567	704	90	90	8767597
686	564	712	90	90	8767603
688	562	720	90	90	8767610
690	559	728	90	90	8767616
692	557	737	90	90	8767622
694	554	745	90	90	8767628
695	552	749	90	90	8767635
697	549	757	90	90	8767641
698	547	765	90	90	8767647
700	544	773	90	90	8767653
701	541	781	90	90	8767660
702	538	785	90	90	8767666
703	536	793	90	90	8767672
703	533	801	90	90	8767678
704	530	805	90	90	8767685
704	528	813	90	90	8767691
705	525	817	90	90	8767697
705	523	821	90	90	8767703
705	520	825	90	90	8767710
705	517	833	90	90	8767716
705	515	833	90	90	8767722
705	512	837	90	90	8767728
705	509	841	90	90	8767735
704	506	849	90	90	8767741
704	503	849	90	90	8767747
703	501	853	90	90	8767753
702	498	857	90	90	8767760
701	495	857	90	90	8767766
700	493	857	90	90	8767772
698	490	861	90	90	8767778
697	487	861	90	90	8767785
695	485	861	90	90	8767791
694	482	861	90	90	8767797
692	480	865	90	90	8767803
690	478	865	90	90	8767810
689	476	865	90	90	8767816
687	474	865	90	90	8767822
685	472	869	90	90	8767828
683	470	869	90	90	8767835
681	468	869	90	90	8767841
679	466	869	90	90	8767847
677	464	869	90	90	8767853
675	462	869	90	90	8767860
672	461	869	90	90	8767866
670	459	869	90	90	8767872
667	457	869	90	90	8767878
665	456	869	90	90	8767885
662	454	869	90	90	8767891
660	453	869	90	90	8767897
658	452	869	90	90	8767903
655	451	873	90	90	8767910
653	450	873	90	90	8767916
650	450	873	90	90	8767922
648	449	878	90	90	8767928
645	448	878	90	90	8767935
643	448	878	90	90	8767941
640	447	878	90	90	8767947
637	446	878	90	90	8767953
635	446	878	90	90	8767960
632	445	878	90	90	8767966
630	445	878	90	90	8767972
627	444	878	90	90	8767978
625	444	878	90	90	8767985
622	443	878	90	90	8767991
620	443	878	90	90	8767997
618	443	878	90	90	8768003
616	443	878	90	90	8768010
614	443	878	90	90	8768016
612	442	882	90	90	8768022
610	442	882	90	90	8768028
609	442	882	90	90	8768035
608	442	882	90	90	8768041
607	442	886	90	90	8768053
606	443	888	90	90	8768072
605	444	882	90	90	8768122
606	445	381	90	90	8768160
36
613	455	88	90	90	8768710
614	455	448	90	90	8768753
614	454	624	90	90	8768766
613	453	652	90	90	8768778
611	452	668	90	90	8768785
610	451	680	90	90	8768791
609	450	692	90	90	8768797
608	449	700	90	90	8768803
607	448	708	90	90	8768810
606	447	720	90	90	8768816
604	447	728	90	90	8768822
603	446	737	90	90	8768828
601	445	745	90	90	8768835
600	444	749	90	90	8768841
599	443	757	90	90	8768847
598	443	761	90	90	8768853
597	443	771	90	90	8768866
596	442	792	90	90	8768910
596	441	817	90	90	8768928
598	441	829	90	90	8768941
599	440	837	90	90	8768947
600	439	845	90	90	8768953
600	438	853	90	90	8768960
601	437	857	90	90	8768966
602	436	865	90	90	8768972
603	435	869	90	90	8768978
604	434	878	90	90	8768985
605	432	882	90	90	8768991
606	431	886	90	90	8768997
607	430	890	90	90	8769003
608	429	894	90	90	8769010
609	428	898	90	90	8769016
610	427	900	90	90	8769028
611	426	908	90	90	8769053
612	425	672	90	90	8769103
611	424	14	90	90	8769116
1
270	395	107	90	90	8772651
4
1
643	608	0	90	90	9004264
193
586	591	135	90	90	9005002
585	592	332	90	90	9005014
585	593	422	90	90	9005027
586	594	491	90	90	9005033
587	595	535	90	90	9005039
588	595	563	90	90	9005045
590	596	592	90	90	9005052
591	596	612	90	90	9005058
593	597	632	90	90	9005064
595	597	644	90	90	9005070
597	598	660	90	90	9005077
599	598	672	90	90	9005083
601	599	684	90	90	9005089
603	599	692	90	90	9005095
605	599	704	90	90	9005102
607	599	720	90	90	9005108
608	599	733	90	90	9005114
610	599	745	90	90	9005120
612	599	757	90	90	9005127
614	599	765	90	90	9005133
617	599	777	90	90	9005139
619	599	789	90	90	9005145
621	599	797	90	90	9005152
624	599	805	90	90	9005158
626	598	813	90	90	9005164
628	598	821	90	90	9005170
630	598	829	90	90	9005177
632	597	837	90	90	9005183
634	597	845	90	90	9005189
636	597	853	90	90	9005195
639	596	857	90	90	9005202
641	596	865	90	90	9005208
644	595	869	90	90	9005214
647	595	873	90	90	9005220
649	594	873	90	90	9005227
652	593	878	90	90	9005233
654	592	882	90	90	9005239
656	591	886	90	90	9005245
658	590	890	90	90	9005252
660	589	898	90	90	9005258
661	588	902	90	90	9005264
663	587	906	90	90	9005270
664	586	914	90	90	9005277
666	585	918	90	90	9005283
668	584	922	90	90	9005289
669	583	926	90	90	9005295
671	582	926	90	90	9005302
673	581	930	90	90	9005308
675	580	930	90	90	9005314
676	579	934	90	90	9005320
678	578	938	90	90	9005327
679	576	938	90	90	9005333
680	575	942	90	90	9005339
681	573	946	90	90	9005345
682	572	946	90	90	9005352
684	570	950	90	90	9005358
684	568	954	90	90	9005364
685	566	954	90	90	9005370
686	565	958	90	90	9005377
687	563	962	90	90	9005383
688	561	962	90	90	9005389
689	559	966	90	90	9005395
690	557	970	90	90	9005402
691	556	970	90	90	9005408
691	554	974	90	90	9005414
692	552	978	90	90	9005420
693	550	978	90	90	9005427
693	549	978	90	90	9005433
694	547	982	90	90	9005439
695	545	982	90	90	9005445
695	543	982	90	90	9005452
696	541	982	90	90	9005458
696	539	986	90	90	9005464
696	537	986	90	90	9005470
697	535	990	90	90	9005477
697	533	990	90	90	9005483
697	531	994	90	90	9005489
697	529	994	90	90	9005495
697	528	998	90	90	9005502
697	526	1002	90	90	9005508
697	525	1002	90	90	9005514
697	523	1002	90	90	9005520
697	522	1002	90	90	9005527
697	520	1006	90	90	9005533
697	518	1006	90	90	9005539
696	517	1006	90	90	9005545
696	515	1010	90	90	9005552
696	514	1010	90	90	9005558
695	512	1010	90	90	9005564
695	510	1010	90	90	9005570
694	509	1014	90	90	9005577
694	507	1014	90	90	9005583
693	506	1014	90	90	9005589
692	504	1014	90	90	9005595
691	503	1014	90	90	9005602
691	502	1023	90	90	9005608
690	500	1023	90	90	9005614
689	499	1023	90	90	9005620
689	498	1023	90	90	9005627
688	496	1023	90	90	9005633
687	495	1023	90	90	9005639
686	494	1023	90	90	9005645
686	493	1023	90	90	9005652
685	491	1023	90	90	9005658
684	490	1023	90	90	9005664
684	489	1023	90	90	9005670
683	487	1023	90	90	9005677
682	486	1023	90	90	9005683
681	485	1023	90	90	9005689
680	483	1023	90	90	9005695
679	482	1023	90	90	9005702
678	481	1023	90	90	9005708
677	480	1023	90	90	9005714
676	479	1023	90	90	9005720
675	478	1023	90	90	9005727
673	478	1023	90	90	9005733
672	477	1023	90	90	9005739
671	476	1023	90	90	9005745
670	475	1023	90	90	9005752
668	474	1023	90	90	9005758
667	474	1023	90	90	9005764
666	473	1023	90	90	9005770
665	472	1023	90	90	9005777
663	471	1023	90	90	9005783
662	471	1023	90	90	9005789
661	470	1023	90	90	9005795
660	470	1023	90	90	9005802
659	469	1023	90	90	9005808
658	469	1023	90	90	9005814
657	468	1023	90	90	9005820
656	468	1023	90	90	9005827
654	467	1023	90	90	9005833
653	466	1023	90	90	9005839
652	466	1023	90	90	9005845
650	465	1023	90	90	9005852
649	465	1023	90	90	9005858
647	464	1023	90	90	9005864
645	463	1023	90	90	9005870
644	463	1023	90	90	9005877
642	462	1023	90	90	9005883
641	462	1023	90	90	9005889
639	461	1023	90	90	9005895
638	460	1023	90	90	9005902
637	460	1023	90	90	9005908
636	460	1023	90	90	9005914
634	459	1023	90	90	9005920
633	459	1023	90	90	9005927
632	459	1023	90	90	9005933
631	458	1023	90	90	9005939
630	458	1023	90	90	9005945
629	458	1023	90	90	9005952
628	458	1023	90	90	9005958
627	457	1023	90	90	9005964
626	457	1023	90	90	9005970
625	457	1023	90	90	9005977
624	457	1023	90	90	9005983
623	457	1023	90	90	9005989
622	457	1023	90	90	9005995
620	457	1023	90	90	9006002
619	457	1023	90	90	9006008
618	457	1023	90	90	9006014
617	457	1023	90	90	9006020
615	458	1023	90	90	9006027
614	458	1023	90	90	9006033
613	458	1023	90	90	9006039
612	458	1023	90	90	9006045
611	458	1023	90	90	9006052
610	458	1023	90	90	9006058
608	457	1023	90	90	9006064
607	457	1023	90	90	9006070
606	457	1023	90	90	9006077
605	457	1023	90	90	9006083
604	457	1023	90	90	9006089
603	457	1023	90	90	9006095
602	457	1023	90	90	9006102
601	457	1023	90	90	9006108
600	457	1023	90	90	9006114
599	457	1023	90	90	9006120
597	456	1023	90	90	9006127
596	456	1023	90	90	9006133
595	456	1023	90	90	9006139
594	456	1023	90	90	9006145
592	456	1023	90	90	9006152
591	456	1023	90	90	9006158
590	456	1023	90	90	9006164
588	456	1023	90	90	9006170
587	456	1023	90	90	9006177
586	455	1023	90	90	9006195
584	455	1023	90	90	9006208
583	455	1023	90	90	9006233
582	455	940	90	90	9006320
582	456	289	90	90	9006327
582	457	44	90	90	9006339
33
594	471	419	90	90	9006827
592	470	652	90	90	9006839
591	469	678	90	90	9006852
590	467	696	90	90	9006858
589	467	708	90	90	9006864
588	466	720	90	90	9006870
587	465	728	90	90	9006877
586	464	737	90	90	9006883
584	463	749	90	90	9006889
583	461	757	90	90	9006895
582	460	769	90	90	9006902
581	459	777	90	90	9006908
580	458	785	90	90	9006914
579	457	793	90	90	9006920
578	456	805	90	90	9006933
577	455	831	90	90	9006989
576	454	860	90	90	9007014
577	453	877	90	90	9007027
578	452	890	90	90	9007039
580	451	900	90	90	9007052
581	451	910	90	90	9007058
583	450	914	90	90	9007064
584	449	922	90	90	9007070
585	449	926	90	90	9007077
586	448	930	90	90	9007083
587	447	934	90	90	9007089
588	447	944	90	90	9007102
589	445	948	90	90	9007114
591	444	952	90	90	9007127
591	443	952	90	90	9007195
592	442	632	90	90	9007220
591	443	205	90	90	9007227
590	444	12	90	90	9007239
2
268	396	156	90	90	9009050
267	396	264	90	90	9009106
4
1
793	536	0	90	90	9230127
147
621	613	59	90	90	9230764
622	614	144	90	90	9230777
624	614	177	90	90	9230783
625	614	205	90	90	9230789
626	614	225	90	90	9230795
627	614	249	90	90	9230802
628	614	265	90	90	9230808
629	614	285	90	90	9230814
631	614	306	90	90	9230820
632	614	334	90	90	9230827
634	614	354	90	90	9230833
635	614	378	90	90	9230839
637	614	398	90	90	9230845
639	614	418	90	90	9230852
641	614	439	90	90	9230858
643	614	451	90	90	9230864
645	614	459	90	90	9230870
646	613	467	90	90	9230877
648	613	471	90	90	9230883
650	612	475	90	90	9230889
652	611	487	90	90	9230895
654	611	491	90	90	9230902
655	610	511	90	90	9230908
657	610	523	90	90	9230914
659	609	539	90	90	9230920
661	608	551	90	90	9230927
663	608	563	90	90	9230933
665	607	583	90	90	9230939
667	607	600	90	90	9230945
670	606	608	90	90	9230952
672	605	616	90	90	9230958
674	604	624	90	90	9230964
677	603	628	90	90	9230970
679	601	636	90	90	9230977
682	600	640	90	90	9230983
684	599	644	90	90	9230989
686	597	648	90	90	9230995
689	595	656	90	90	9231002
691	594	660	90	90	9231008
694	592	664	90	90	9231014
696	590	672	90	90	9231020
699	588	680	90	90	9231027
701	586	684	90	90	9231033
704	585	688	90	90	9231039
706	583	692	90	90	9231045
708	581	696	90	90	9231052
710	579	704	90	90	9231058
712	576	708	90	90	9231064
713	574	712	90	90	9231070
715	571	720	90	90	9231077
716	569	724	90	90	9231083
717	566	728	90	90	9231089
719	563	737	90	90	9231095
720	560	741	90	90	9231102
721	558	741	90	90	9231108
722	555	745	90	90	9231114
723	552	749	90	90	9231120
724	550	753	90	90	9231127
725	547	757	90	90	9231133
726	544	765	90	90	9231139
726	541	769	90	90	9231145
726	539	773	90	90	9231152
726	536	777	90	90	9231158
726	533	781	90	90	9231164
726	530	785	90	90	9231170
726	528	785	90	90	9231177
726	526	789	90	90	9231183
726	523	789	90	90	9231189
725	520	789	90	90	9231195
725	518	793	90	90	9231202
724	515	793	90	90	9231208
723	513	797	90	90	9231214
722	510	801	90	90	9231220
721	508	805	90	90	9231227
721	505	809	90	90	9231233
720	503	813	90	90	9231239
719	501	817	90	90	9231245
718	499	817	90	90	9231252
717	497	821	90	90	9231258
716	495	825	90	90	9231264
715	493	825	90	90	9231270
713	490	825	90	90	9231277
712	488	825	90	90	9231283
711	486	825	90	90	9231289
710	484	829	90	90	9231295
709	482	829	90	90	9231302
707	480	833	90	90	9231308
706	478	833	90	90	9231314
705	476	837	90	90	9231320
704	474	837	90	90	9231327
702	472	841	90	90	9231333
701	471	841	90	90	9231339
699	469	841	90	90	9231345
697	468	841	90	90	9231352
695	466	841	90	90	9231358
694	464	841	90	90	9231364
692	462	841	90	90	9231370
690	461	841	90	90	9231377
688	459	841	90	90	9231383
687	458	841	90	90	9231389
685	456	841	90	90	9231395
683	455	841	90	90	9231402
681	454	841	90	90	9231408
680	453	845	90	90	9231414
678	452	845	90	90	9231420
676	451	845	90	90	9231427
674	450	849	90	90	9231433
672	449	849	90	90	9231439
670	448	853	90	90	9231445
667	447	853	90	90	9231452
665	446	853	90	90	9231458
663	445	857	90	90	9231464
661	444	853	90	90	9231470
659	443	853	90	90	9231477
657	443	853	90	90	9231483
655	442	853	90	90	9231489
653	441	853	90	90	9231495
651	440	853	90	90	9231502
648	440	853	90	90	9231508
646	439	853	90	90	9231514
644	438	853	90	90	9231520
642	437	853	90	90	9231527
640	437	853	90	90	9231533
638	436	853	90	90	9231539
636	435	853	90	90	9231545
634	435	853	90	90	9231552
632	434	853	90	90	9231558
630	434	853	90	90	9231564
628	434	857	90	90	9231570
626	433	857	90	90	9231577
625	433	857	90	90	9231583
623	433	857	90	90	9231589
621	432	861	90	90	9231595
620	432	861	90	90	9231602
618	432	861	90	90	9231608
616	432	861	90	90	9231614
615	432	865	90	90	9231620
613	431	865	90	90	9231627
612	431	869	90	90	9231633
611	431	869	90	90	9231639
610	431	873	90	90	9231645
609	431	875	90	90	9231658
608	431	882	90	90	9231670
607	431	886	90	90	9231683
606	432	892	90	90	9231702
605	432	809	90	90	9231802
605	433	70	90	90	9231814
37
619	450	314	90	90	9232395
618	449	523	90	90	9232408
617	448	549	90	90	9232420
616	446	575	90	90	9232433
615	445	596	90	90	9232445
614	444	610	90	90	9232458
613	443	622	90	90	9232470
611	442	630	90	90	9232483
610	440	636	90	90	9232489
609	440	640	90	90	9232495
608	439	644	90	90	9232502
607	438	648	90	90	9232508
606	437	656	90	90	9232514
605	436	662	90	90	9232527
604	435	674	90	90	9232539
603	434	680	90	90	9232552
602	433	688	90	90	9232570
601	432	699	90	90	9232595
600	431	740	90	90	9232714
601	430	767	90	90	9232739
602	430	783	90	90	9232752
603	429	795	90	90	9232764
604	427	805	90	90	9232777
605	426	811	90	90	9232789
607	424	817	90	90	9232795
608	424	821	90	90	9232802
609	423	825	90	90	9232808
610	422	829	90	90	9232814
611	421	833	90	90	9232820
612	420	837	90	90	9232827
612	419	841	90	90	9232833
613	418	841	90	90	9232839
614	417	845	90	90	9232852
616	416	849	90	90	9232864
617	415	853	90	90	9232883
618	414	681	90	90	9232945
617	414	8	90	90	9232958
2
260	397	56	90	90	9234983
261	397	85	90	90	9235026
3
1
725	585	0	90	90	9459122
182
595	583	4	90	90	9459709
596	582	58	90	90	9459722
597	582	124	90	90	9459728
598	582	153	90	90	9459734
599	582	177	90	90	9459741
600	582	197	90	90	9459747
601	582	225	90	90	9459753
603	583	245	90	90	9459759
604	583	257	90	90	9459766
606	583	277	90	90	9459772
608	583	294	90	90	9459778
610	584	310	90	90	9459784
612	584	338	90	90	9459791
614	584	354	90	90	9459797
616	585	370	90	90	9459803
618	585	382	90	90	9459809
621	585	390	90	90	9459816
623	585	402	90	90	9459822
625	585	414	90	90	9459828
627	585	422	90	90	9459834
629	585	430	90	90	9459841
631	585	447	90	90	9459847
633	585	459	90	90	9459853
635	585	471	90	90	9459859
637	585	487	90	90	9459866
640	585	511	90	90	9459872
642	585	523	90	90	9459878
644	584	539	90	90	9459884
646	584	551	90	90	9459891
649	584	563	90	90	9459897
651	583	571	90	90	9459903
653	583	583	90	90	9459909
655	582	592	90	90	9459916
657	582	600	90	90	9459922
660	582	612	90	90	9459928
662	581	620	90	90	9459934
664	580	624	90	90	9459941
666	580	632	90	90	9459947
668	579	636	90	90	9459953
671	579	640	90	90	9459959
673	578	644	90	90	9459966
675	577	648	90	90	9459972
677	576	652	90	90	9459978
679	576	656	90	90	9459984
681	575	664	90	90	9459991
683	574	668	90	90	9459997
685	573	676	90	90	9460003
686	572	680	90	90	9460009
688	571	684	90	90	9460016
690	569	692	90	90	9460022
692	568	696	90	90	9460028
694	567	700	90	90	9460034
695	565	704	90	90	9460041
697	564	704	90	90	9460047
699	563	708	90	90	9460053
701	561	708	90	90	9460059
703	560	712	90	90	9460066
704	559	720	90	90	9460072
706	557	728	90	90	9460078
707	556	733	90	90	9460084
708	554	741	90	90	9460091
710	553	749	90	90	9460097
711	551	757	90	90	9460103
712	550	765	90	90	9460109
713	548	769	90	90	9460116
714	546	777	90	90	9460122
715	544	781	90	90	9460128
716	542	785	90	90	9460134
717	540	789	90	90	9460141
718	538	793	90	90	9460147
719	536	797	90	90	9460153
720	534	801	90	90	9460159
720	532	805	90	90	9460166
721	530	809	90	90	9460172
722	528	813	90	90	9460178
722	526	817	90	90	9460184
723	524	821	90	90	9460191
723	522	825	90	90	9460197
724	520	829	90	90	9460203
724	517	833	90	90	9460209
724	515	837	90	90	9460216
725	513	841	90	90	9460222
725	511	841	90	90	9460228
725	509	845	90	90	9460234
725	506	849	90	90	9460241
725	504	853	90	90	9460247
725	502	857	90	90	9460253
725	500	857	90	90	9460259
724	498	861	90	90	9460266
724	496	865	90	90	9460272
723	493	865	90	90	9460278
723	491	869	90	90	9460284
722	489	869	90	90	9460291
722	486	869	90	90	9460297
721	484	873	90	90	9460303
720	482	878	90	90	9460309
719	479	882	90	90	9460316
718	477	882	90	90	9460322
717	475	886	90	90	9460328
716	473	890	90	90	9460334
715	471	894	90	90	9460341
714	469	894	90	90	9460347
713	467	898	90	90	9460353
712	465	898	90	90	9460359
710	463	898	90	90	9460366
709	460	898	90	90	9460372
708	458	902	90	90	9460378
707	456	902	90	90	9460384
706	454	902	90	90	9460391
704	453	906	90	90	9460397
703	451	906	90	90	9460403
702	449	910	90	90	9460409
700	447	910	90	90	9460416
699	446	914	90	90	9460422
697	444	918	90	90	9460428
696	443	918	90	90	9460434
694	441	918	90	90	9460441
692	439	918	90	90	9460447
691	438	922	90	90	9460453
689	436	922	90	90	9460459
688	435	922	90	90	9460466
686	434	922	90	90	9460472
685	432	926	90	90	9460478
683	431	926	90	90	9460484
682	430	926	90	90	9460491
681	429	926	90	90	9460497
679	428	926	90	90	9460503
677	427	930	90	90	9460509
676	426	930	90	90	9460516
674	425	930	90	90	9460522
672	424	930	90	90	9460528
670	424	934	90	90	9460534
669	423	934	90	90	9460541
667	422	934	90	90	9460547
665	422	938	90	90	9460553
664	421	938	90	90	9460559
662	421	938	90	90	9460566
660	420	938	90	90	9460572
659	420	938	90	90	9460578
657	419	938	90	90	9460584
656	419	938	90	90	9460591
654	418	938	90	90	9460597
652	417	938	90	90	9460603
651	417	938	90	90	9460609
649	416	938	90	90	9460616
647	416	938	90	90	9460622
645	415	938	90	90	9460628
642	415	938	90	90	9460634
640	414	938	90	90	9460641
638	414	938	90	90	9460647
636	413	938	90	90	9460653
634	413	938	90	90	9460659
632	413	938	90	90	9460666
630	412	938	90	90	9460672
628	412	938	90	90	9460678
626	412	938	90	90	9460684
624	412	938	90	90	9460691
622	412	938	90	90	9460697
620	411	938	90	90	9460703
618	411	938	90	90	9460709
616	411	938	90	90	9460716
614	411	938	90	90	9460722
612	411	938	90	90	9460728
610	410	938	90	90	9460734
608	410	938	90	90	9460741
607	410	938	90	90	9460747
605	410	938	90	90	9460753
604	410	938	90	90	9460759
602	410	938	90	90	9460766
601	410	938	90	90	9460772
600	410	938	90	90	9460778
599	410	938	90	90	9460784
598	410	942	90	90	9460791
597	410	942	90	90	9460797
596	410	942	90	90	9460803
595	410	942	90	90	9460809
594	410	942	90	90	9460816
593	410	944	90	90	9460828
592	410	946	90	90	9460841
591	410	948	90	90	9460922
592	410	666	90	90	9460947
593	410	105	90	90	9460966
36
605	425	216	90	90	9461491
604	424	396	90	90	9461503
604	423	463	90	90	9461516
603	422	519	90	90	9461528
601	421	543	90	90	9461534
600	420	555	90	90	9461541
599	419	567	90	90	9461547
598	417	583	90	90	9461553
596	416	596	90	90	9461559
595	415	604	90	90	9461566
593	414	620	90	90	9461572
591	412	632	90	90	9461578
590	411	648	90	90	9461584
588	410	664	90	90	9461591
586	409	680	90	90	9461597
585	408	696	90	90	9461603
584	407	712	90	90	9461609
583	406	732	90	90	9461622
582	406	764	90	90	9461678
583	405	793	90	90	9461691
584	404	807	90	90	9461703
586	403	817	90	90	9461709
587	402	825	90	90	9461716
588	401	833	90	90	9461722
589	400	837	90	90	9461728
590	399	845	90	90	9461734
591	398	853	90	90	9461741
593	398	861	90	90	9461747
594	397	865	90	90	9461753
595	396	873	90	90	9461759
596	396	878	90	90	9461766
596	395	888	90	90	9461778
598	395	896	90	90	9461791
599	394	763	90	90	9461834
599	395	273	90	90	9461841
598	395	44	90	90	9461853
3
1
730	577	0	90	90	9699798
154
607	610	30	90	90	9700573
608	611	88	90	90	9700585
609	611	152	90	90	9700598
610	611	205	90	90	9700604
611	612	245	90	90	9700610
612	612	273	90	90	9700617
613	612	298	90	90	9700623
614	612	318	90	90	9700629
616	612	334	90	90	9700635
617	613	342	90	90	9700642
619	613	350	90	90	9700648
621	613	366	90	90	9700654
623	613	378	90	90	9700660
625	613	394	90	90	9700667
627	614	418	90	90	9700673
629	614	443	90	90	9700679
631	615	463	90	90	9700685
633	615	487	90	90	9700692
636	615	515	90	90	9700698
638	616	527	90	90	9700704
641	616	539	90	90	9700710
643	616	551	90	90	9700717
646	616	555	90	90	9700723
649	616	563	90	90	9700729
651	616	567	90	90	9700735
654	616	575	90	90	9700742
656	616	588	90	90	9700748
659	615	596	90	90	9700754
662	615	608	90	90	9700760
664	615	620	90	90	9700767
667	614	632	90	90	9700773
670	614	644	90	90	9700779
672	614	656	90	90	9700785
675	613	668	90	90	9700792
678	613	676	90	90	9700798
680	612	680	90	90	9700804
683	611	688	90	90	9700810
686	610	692	90	90	9700817
688	610	696	90	90	9700823
691	609	700	90	90	9700829
694	608	700	90	90	9700835
696	607	704	90	90	9700842
699	606	708	90	90	9700848
702	605	720	90	90	9700854
704	604	724	90	90	9700860
707	604	728	90	90	9700867
709	603	733	90	90	9700873
711	602	741	90	90	9700879
713	600	745	90	90	9700885
715	599	749	90	90	9700892
717	598	753	90	90	9700898
720	597	757	90	90	9700904
722	595	761	90	90	9700910
724	593	765	90	90	9700917
726	592	773	90	90	9700923
728	590	773	90	90	9700929
730	588	781	90	90	9700935
732	586	781	90	90	9700942
733	584	785	90	90	9700948
735	583	789	90	90	9700954
736	581	793	90	90	9700960
738	579	797	90	90	9700967
739	577	797	90	90	9700973
740	575	801	90	90	9700979
741	573	805	90	90	9700985
742	571	809	90	90	9700992
743	569	813	90	90	9700998
745	567	817	90	90	9701004
746	564	821	90	90	9701010
747	562	825	90	90	9701017
748	559	829	90	90	9701023
749	557	833	90	90	9701029
750	555	837	90	90	9701035
751	553	837	90	90	9701042
752	550	841	90	90	9701048
753	548	841	90	90	9701054
753	546	841	90	90	9701060
754	543	845	90	90	9701067
754	541	845	90	90	9701073
754	538	849	90	90	9701079
755	536	853	90	90	9701085
755	533	853	90	90	9701092
755	531	857	90	90	9701098
754	528	857	90	90	9701104
754	526	861	90	90	9701110
753	523	861	90	90	9701117
753	520	861	90	90	9701123
752	518	865	90	90	9701129
751	515	865	90	90	9701135
750	512	869	90	90	9701142
749	510	869	90	90	9701148
748	507	873	90	90	9701154
747	504	873	90	90	9701160
745	501	878	90	90	9701167
744	498	878	90	90	9701173
742	496	882	90	90	9701179
740	493	882	90	90	9701185
739	490	882	90	90	9701192
737	487	882	90	90	9701198
735	484	886	90	90	9701204
733	482	886	90	90	9701210
730	479	886	90	90	9701217
728	477	886	90	90	9701223
725	474	890	90	90	9701229
723	472	890	90	90	9701235
720	470	890	90	90	9701242
718	467	890	90	90	9701248
715	465	890	90	90	9701254
713	463	890	90	90	9701260
710	460	890	90	90	9701267
707	458	890	90	90	9701273
704	456	890	90	90	9701279
702	454	894	90	90	9701285
699	452	894	90	90	9701292
696	450	894	90	90	9701298
693	448	898	90	90	9701304
690	446	898	90	90	9701310
686	445	902	90	90	9701317
683	443	902	90	90	9701323
680	441	902	90	90	9701329
677	440	902	90	90	9701335
674	438	902	90	90	9701342
671	436	902	90	90	9701348
667	435	902	90	90	9701354
664	434	902	90	90	9701360
661	432	902	90	90	9701367
657	431	902	90	90	9701373
654	430	902	90	90	9701379
651	429	902	90	90	9701385
647	428	902	90	90	9701392
644	427	902	90	90	9701398
641	427	906	90	90	9701404
638	426	906	90	90	9701410
635	425	906	90	90	9701417
632	425	906	90	90	9701423
629	424	906	90	90	9701429
626	424	906	90	90	9701435
623	424	910	90	90	9701442
620	423	910	90	90	9701448
618	423	914	90	90	9701454
615	423	914	90	90	9701460
613	422	918	90	90	9701467
610	422	918	90	90	9701473
609	422	922	90	90	9701479
607	421	922	90	90	9701485
605	421	922	90	90	9701492
604	421	926	90	90	9701498
603	421	926	90	90	9701504
602	421	926	90	90	9701517
601	421	930	90	90	9701535
600	421	909	90	90	9701573
601	421	649	90	90	9701585
602	421	325	90	90	9701598
602	422	30	90	90	9701610
37
611	437	207	90	90	9702734
611	436	354	90	90	9702747
610	435	394	90	90	9702759
609	433	426	90	90	9702766
608	432	461	90	90	9702778
607	431	491	90	90	9702784
606	430	515	90	90	9702791
605	429	531	90	90	9702797
605	428	539	90	90	9702803
604	427	551	90	90	9702809
603	426	559	90	90	9702816
602	426	571	90	90	9702828
601	425	583	90	90	9702834
600	424	594	90	90	9702847
599	423	608	90	90	9702859
597	422	622	90	90	9702872
596	421	640	90	90	9702891
595	420	678	90	90	9702928
594	420	741	90	90	9703003
595	419	765	90	90	9703022
596	418	779	90	90	9703034
597	416	789	90	90	9703041
598	416	793	90	90	9703047
599	415	801	90	90	9703053
600	414	805	90	90	9703059
601	413	813	90	90	9703066
602	412	817	90	90	9703072
603	410	821	90	90	9703078
604	409	825	90	90	9703084
605	409	829	90	90	9703091
606	408	829	90	90	9703097
607	407	833	90	90	9703103
608	406	833	90	90	9703109
609	406	837	90	90	9703122
610	405	844	90	90	9703147
611	404	646	90	90	9703191
610	405	48	90	90	9703203
