4
1
665	606	0	90	90	7634598
88
569	574	107	90	90	7635029
570	574	231	90	90	7635042
571	574	299	90	90	7635054
572	574	362	90	90	7635060
573	574	394	90	90	7635067
574	574	426	90	90	7635073
575	573	455	90	90	7635079
576	573	479	90	90	7635085
578	573	511	90	90	7635092
580	573	527	90	90	7635098
582	574	543	90	90	7635104
584	574	559	90	90	7635110
586	574	571	90	90	7635117
589	574	592	90	90	7635123
592	574	604	90	90	7635129
595	574	616	90	90	7635135
598	574	624	90	90	7635142
601	574	632	90	90	7635148
604	574	636	90	90	7635154
608	574	640	90	90	7635160
611	574	648	90	90	7635167
614	574	648	90	90	7635173
617	574	652	90	90	7635179
620	575	656	90	90	7635185
624	575	660	90	90	7635192
627	575	660	90	90	7635198
630	575	664	90	90	7635204
633	575	668	90	90	7635210
636	575	672	90	90	7635217
638	575	676	90	90	7635223
641	575	680	90	90	7635229
644	575	680	90	90	7635235
647	575	684	90	90	7635242
649	575	688	90	90	7635248
652	575	692	90	90	7635254
655	575	692	90	90	7635260
657	575	696	90	90	7635267
659	575	696	90	90	7635273
662	575	700	90	90	7635279
664	575	700	90	90	7635285
666	574	704	90	90	7635292
668	574	704	90	90	7635298
671	574	704	90	90	7635304
673	574	708	90	90	7635310
675	574	708	90	90	7635317
678	574	708	90	90	7635323
680	574	712	90	90	7635329
682	574	720	90	90	7635335
684	574	724	90	90	7635342
687	574	728	90	90	7635348
689	574	728	90	90	7635354
691	574	733	90	90	7635360
694	574	737	90	90	7635367
697	574	737	90	90	7635373
699	574	741	90	90	7635379
702	574	741	90	90	7635385
704	574	741	90	90	7635392
707	574	741	90	90	7635398
709	573	741	90	90	7635404
711	573	737	90	90	7635410
713	573	741	90	90	7635417
715	573	741	90	90	7635423
716	573	741	90	90	7635429
718	573	737	90	90	7635435
719	573	741	90	90	7635442
721	572	741	90	90	7635448
722	572	741	90	90	7635454
723	572	741	90	90	7635467
724	572	741	90	90	7635485
725	572	741	90	90	7635523
724	571	741	90	90	7635535
724	570	743	90	90	7635548
723	569	745	90	90	7635554
722	568	745	90	90	7635560
721	567	745	90	90	7635567
720	566	745	90	90	7635573
719	564	749	90	90	7635579
718	563	749	90	90	7635585
717	561	753	90	90	7635592
716	559	757	90	90	7635598
715	558	761	90	90	7635604
714	556	765	90	90	7635610
713	555	773	90	90	7635617
712	554	777	90	90	7635623
712	553	783	90	90	7635635
711	551	791	90	90	7635648
710	551	571	90	90	7635692
709	551	14	90	90	7635704
143
566	570	4	90	90	7636348
567	571	119	90	90	7636367
567	570	275	90	90	7636379
567	569	374	90	90	7636392
566	567	430	90	90	7636398
565	566	463	90	90	7636404
565	565	491	90	90	7636410
564	564	523	90	90	7636417
564	563	543	90	90	7636423
563	561	563	90	90	7636429
563	560	583	90	90	7636435
562	557	600	90	90	7636442
562	555	612	90	90	7636448
561	553	628	90	90	7636454
560	550	636	90	90	7636460
560	547	648	90	90	7636467
559	544	660	90	90	7636473
558	541	668	90	90	7636479
558	538	680	90	90	7636485
557	535	696	90	90	7636492
556	532	708	90	90	7636498
555	528	724	90	90	7636504
555	525	737	90	90	7636510
554	522	745	90	90	7636517
553	519	753	90	90	7636523
552	515	761	90	90	7636529
551	511	769	90	90	7636535
550	508	773	90	90	7636542
549	505	777	90	90	7636548
549	501	785	90	90	7636554
548	498	793	90	90	7636560
547	495	797	90	90	7636567
546	491	805	90	90	7636573
545	488	809	90	90	7636579
544	485	817	90	90	7636585
543	482	821	90	90	7636592
542	479	829	90	90	7636598
541	477	833	90	90	7636604
541	474	837	90	90	7636610
540	471	841	90	90	7636617
539	468	845	90	90	7636623
538	466	849	90	90	7636629
537	463	853	90	90	7636635
536	460	857	90	90	7636642
536	458	861	90	90	7636648
535	455	861	90	90	7636654
534	453	865	90	90	7636660
534	450	869	90	90	7636667
533	448	869	90	90	7636673
532	446	873	90	90	7636679
532	444	873	90	90	7636685
531	442	878	90	90	7636692
531	439	878	90	90	7636698
530	437	878	90	90	7636704
530	434	882	90	90	7636710
529	432	882	90	90	7636717
529	430	882	90	90	7636723
528	428	886	90	90	7636729
528	426	886	90	90	7636735
528	424	890	90	90	7636742
527	423	890	90	90	7636748
527	421	890	90	90	7636754
526	420	894	90	90	7636760
526	419	894	90	90	7636767
526	418	894	90	90	7636773
526	417	894	90	90	7636779
525	416	894	90	90	7636785
525	415	894	90	90	7636792
525	414	894	90	90	7636804
525	413	898	90	90	7636823
524	412	909	90	90	7636885
524	413	921	90	90	7636923
523	414	928	90	90	7636942
522	416	933	90	90	7636967
521	417	938	90	90	7636979
520	418	938	90	90	7636992
520	420	942	90	90	7637004
519	421	946	90	90	7637017
518	422	946	90	90	7637029
518	423	946	90	90	7637042
517	424	950	90	90	7637054
516	425	952	90	90	7637067
515	426	956	90	90	7637079
515	428	958	90	90	7637092
514	429	962	90	90	7637104
513	430	962	90	90	7637110
512	431	962	90	90	7637117
512	432	962	90	90	7637123
512	433	966	90	90	7637129
511	434	966	90	90	7637135
511	435	966	90	90	7637142
510	436	966	90	90	7637148
510	437	966	90	90	7637154
510	438	970	90	90	7637160
509	439	970	90	90	7637167
509	440	970	90	90	7637173
508	441	972	90	90	7637185
508	442	974	90	90	7637198
507	444	978	90	90	7637210
506	445	978	90	90	7637217
506	446	982	90	90	7637223
505	447	982	90	90	7637235
505	448	984	90	90	7637248
504	450	986	90	90	7637260
503	451	986	90	90	7637267
502	452	988	90	90	7637279
501	454	990	90	90	7637285
500	455	990	90	90	7637292
499	456	994	90	90	7637298
498	457	994	90	90	7637304
497	458	994	90	90	7637310
497	459	998	90	90	7637317
496	460	998	90	90	7637323
495	461	1002	90	90	7637329
495	462	1002	90	90	7637335
494	464	1002	90	90	7637342
494	465	1006	90	90	7637348
493	466	1006	90	90	7637354
493	467	1006	90	90	7637360
492	468	1006	90	90	7637367
492	469	1010	90	90	7637373
492	470	1010	90	90	7637379
491	471	1010	90	90	7637385
491	472	1010	90	90	7637392
490	473	1010	90	90	7637398
490	474	1010	90	90	7637404
490	475	1010	90	90	7637410
489	476	1010	90	90	7637417
489	477	1010	90	90	7637423
488	477	1010	90	90	7637435
488	479	1010	90	90	7637442
487	480	1010	90	90	7637454
487	481	1014	90	90	7637460
486	482	1014	90	90	7637473
486	483	1014	90	90	7637485
485	485	1014	90	90	7637498
485	486	1023	90	90	7637510
484	487	1023	90	90	7637535
484	488	983	90	90	7637592
484	489	644	90	90	7637598
484	490	463	90	90	7637604
484	492	277	90	90	7637610
484	494	40	90	90	7637623
2
261	396	288	90	90	7639797
261	395	91	90	90	7639822
4
1
667	475	0	90	90	7898692
78
599	564	56	90	90	7899792
598	565	165	90	90	7899798
597	565	399	90	90	7899823
596	566	602	90	90	7899842
597	566	652	90	90	7899848
598	567	664	90	90	7899854
599	567	676	90	90	7899860
601	567	688	90	90	7899867
603	567	700	90	90	7899873
605	567	712	90	90	7899879
608	567	724	90	90	7899885
611	568	737	90	90	7899892
614	568	745	90	90	7899898
617	568	753	90	90	7899904
621	568	761	90	90	7899910
624	568	769	90	90	7899917
628	568	773	90	90	7899923
631	568	777	90	90	7899929
635	568	781	90	90	7899935
639	568	785	90	90	7899942
642	568	785	90	90	7899948
646	568	789	90	90	7899954
650	568	789	90	90	7899960
653	568	793	90	90	7899967
657	568	793	90	90	7899973
661	568	797	90	90	7899979
665	568	801	90	90	7899985
669	568	805	90	90	7899992
673	568	809	90	90	7899998
677	568	809	90	90	7900004
681	568	813	90	90	7900010
685	569	817	90	90	7900017
689	569	821	90	90	7900023
693	569	821	90	90	7900029
697	569	825	90	90	7900035
701	569	825	90	90	7900042
705	569	829	90	90	7900048
709	570	829	90	90	7900054
713	570	833	90	90	7900060
717	570	833	90	90	7900067
720	569	837	90	90	7900073
723	569	837	90	90	7900079
727	569	837	90	90	7900085
730	569	841	90	90	7900092
733	569	841	90	90	7900098
736	569	841	90	90	7900104
739	569	845	90	90	7900110
741	569	845	90	90	7900117
744	569	845	90	90	7900123
746	569	849	90	90	7900129
749	569	849	90	90	7900135
751	569	849	90	90	7900142
753	569	853	90	90	7900148
755	568	853	90	90	7900154
756	568	853	90	90	7900160
757	568	853	90	90	7900173
759	568	855	90	90	7900248
759	567	867	90	90	7900260
759	566	869	90	90	7900267
758	565	873	90	90	7900273
758	564	878	90	90	7900279
757	563	878	90	90	7900285
756	561	882	90	90	7900292
755	559	886	90	90	7900298
754	557	886	90	90	7900304
752	555	890	90	90	7900310
751	552	894	90	90	7900317
749	550	894	90	90	7900323
748	548	898	90	90	7900329
746	545	902	90	90	7900335
745	543	902	90	90	7900342
744	541	906	90	90	7900348
743	540	906	90	90	7900354
742	538	910	90	90	7900360
741	537	903	90	90	7900379
740	535	712	90	90	7900398
739	535	315	90	90	7900410
738	536	26	90	90	7900423
110
596	560	251	90	90	7901179
595	559	444	90	90	7901192
595	557	491	90	90	7901198
594	556	523	90	90	7901204
594	554	547	90	90	7901210
593	552	567	90	90	7901217
593	549	596	90	90	7901223
592	547	612	90	90	7901229
591	543	628	90	90	7901235
591	540	644	90	90	7901242
590	537	656	90	90	7901248
589	533	664	90	90	7901254
588	530	672	90	90	7901260
587	527	684	90	90	7901267
587	523	692	90	90	7901273
586	520	700	90	90	7901279
585	516	704	90	90	7901285
584	513	712	90	90	7901292
584	510	720	90	90	7901298
583	506	724	90	90	7901304
582	503	728	90	90	7901310
581	499	733	90	90	7901317
580	496	733	90	90	7901323
579	493	733	90	90	7901329
578	490	737	90	90	7901335
578	486	737	90	90	7901342
577	483	737	90	90	7901348
576	480	741	90	90	7901354
576	477	741	90	90	7901360
575	474	745	90	90	7901367
575	471	749	90	90	7901373
574	468	749	90	90	7901379
573	465	753	90	90	7901385
572	462	753	90	90	7901392
572	459	753	90	90	7901398
571	456	757	90	90	7901404
570	454	761	90	90	7901410
570	451	761	90	90	7901417
569	449	765	90	90	7901423
568	446	765	90	90	7901429
567	444	769	90	90	7901435
567	442	773	90	90	7901442
566	439	773	90	90	7901448
565	437	773	90	90	7901454
565	435	773	90	90	7901460
564	433	773	90	90	7901467
563	431	777	90	90	7901473
563	429	777	90	90	7901479
562	428	777	90	90	7901485
561	426	777	90	90	7901492
561	425	781	90	90	7901504
560	424	789	90	90	7901523
559	423	799	90	90	7901548
558	424	807	90	90	7901560
558	425	813	90	90	7901573
557	426	817	90	90	7901579
557	427	821	90	90	7901585
557	428	821	90	90	7901592
557	430	825	90	90	7901598
556	431	825	90	90	7901604
556	432	829	90	90	7901610
556	434	829	90	90	7901617
556	435	833	90	90	7901623
555	437	837	90	90	7901629
555	438	837	90	90	7901635
555	440	841	90	90	7901642
555	441	841	90	90	7901648
554	443	845	90	90	7901654
554	444	845	90	90	7901660
553	446	849	90	90	7901667
553	447	849	90	90	7901673
552	449	853	90	90	7901679
552	450	853	90	90	7901685
552	452	857	90	90	7901692
551	454	857	90	90	7901698
551	455	861	90	90	7901704
551	457	865	90	90	7901710
550	459	865	90	90	7901717
550	461	869	90	90	7901723
549	462	873	90	90	7901729
549	464	878	90	90	7901735
548	466	878	90	90	7901742
548	468	882	90	90	7901748
547	470	882	90	90	7901754
547	472	886	90	90	7901760
546	474	886	90	90	7901767
546	476	886	90	90	7901773
545	478	890	90	90	7901779
545	479	890	90	90	7901785
544	481	894	90	90	7901792
544	482	898	90	90	7901798
543	484	902	90	90	7901804
543	485	902	90	90	7901810
542	486	906	90	90	7901817
542	488	910	90	90	7901823
541	489	910	90	90	7901829
541	491	914	90	90	7901835
540	492	914	90	90	7901842
540	494	918	90	90	7901848
540	495	918	90	90	7901854
539	496	922	90	90	7901860
539	497	922	90	90	7901867
539	499	926	90	90	7901873
538	500	930	90	90	7901885
538	501	936	90	90	7901898
537	502	940	90	90	7901910
537	503	944	90	90	7901935
536	504	946	90	90	7901960
536	505	782	90	90	7902023
536	506	72	90	90	7902035
5
262	398	135	90	90	7905462
261	399	277	90	90	7905481
262	399	306	90	90	7905493
264	399	213	90	90	7905506
265	399	29	90	90	7905524
4
1
797	574	0	90	90	8153822
94
585	581	95	90	90	8154485
586	581	187	90	90	8154497
588	581	217	90	90	8154504
589	581	241	90	90	8154510
590	581	253	90	90	8154516
591	581	261	90	90	8154522
593	582	273	90	90	8154529
594	582	277	90	90	8154535
596	582	285	90	90	8154541
597	582	298	90	90	8154547
599	582	310	90	90	8154554
601	582	326	90	90	8154560
603	583	342	90	90	8154566
606	583	354	90	90	8154572
608	583	374	90	90	8154579
611	584	386	90	90	8154585
613	584	398	90	90	8154591
616	584	414	90	90	8154597
620	585	430	90	90	8154604
623	585	447	90	90	8154610
626	586	463	90	90	8154616
630	586	475	90	90	8154622
633	587	499	90	90	8154629
637	587	515	90	90	8154635
641	588	527	90	90	8154641
644	588	535	90	90	8154647
648	588	543	90	90	8154654
652	589	551	90	90	8154660
656	589	559	90	90	8154666
660	589	567	90	90	8154672
664	589	571	90	90	8154679
668	590	583	90	90	8154685
673	590	592	90	90	8154691
677	591	596	90	90	8154697
682	591	604	90	90	8154704
686	591	608	90	90	8154710
691	592	612	90	90	8154716
695	592	616	90	90	8154722
699	592	624	90	90	8154729
703	593	628	90	90	8154735
707	593	636	90	90	8154741
712	593	644	90	90	8154747
716	594	648	90	90	8154754
720	594	656	90	90	8154760
725	594	660	90	90	8154766
729	595	664	90	90	8154772
733	595	664	90	90	8154779
737	595	668	90	90	8154785
741	596	668	90	90	8154791
745	596	668	90	90	8154797
749	596	672	90	90	8154804
752	596	672	90	90	8154810
755	596	672	90	90	8154816
759	596	672	90	90	8154822
761	596	672	90	90	8154829
764	596	672	90	90	8154835
766	596	676	90	90	8154841
769	596	676	90	90	8154847
771	596	676	90	90	8154854
772	596	676	90	90	8154860
774	596	676	90	90	8154866
776	596	676	90	90	8154872
777	596	676	90	90	8154879
778	596	676	90	90	8154885
779	596	678	90	90	8154897
780	596	680	90	90	8154916
781	596	694	90	90	8155029
781	595	724	90	90	8155041
780	594	737	90	90	8155047
780	593	745	90	90	8155054
779	592	753	90	90	8155060
779	591	761	90	90	8155066
778	590	773	90	90	8155072
778	588	785	90	90	8155079
777	586	797	90	90	8155085
776	584	809	90	90	8155091
775	582	817	90	90	8155097
773	580	829	90	90	8155104
772	577	841	90	90	8155110
770	573	849	90	90	8155116
768	570	861	90	90	8155122
767	566	869	90	90	8155129
765	562	878	90	90	8155135
764	559	886	90	90	8155141
763	555	894	90	90	8155147
761	552	898	90	90	8155154
760	549	906	90	90	8155160
759	547	910	90	90	8155166
759	545	914	90	90	8155172
758	544	914	90	90	8155179
758	543	916	90	90	8155191
757	541	686	90	90	8155229
756	543	165	90	90	8155235
756	544	0	90	90	8155247
118
580	573	22	90	90	8157264
581	574	139	90	90	8157283
581	575	450	90	90	8157333
580	574	616	90	90	8157339
580	573	636	90	90	8157345
580	571	656	90	90	8157351
580	569	672	90	90	8157358
580	567	692	90	90	8157364
579	565	708	90	90	8157370
579	562	733	90	90	8157376
579	559	745	90	90	8157383
579	556	757	90	90	8157389
579	553	765	90	90	8157395
578	549	777	90	90	8157401
578	546	781	90	90	8157408
578	542	789	90	90	8157414
578	539	797	90	90	8157420
578	535	805	90	90	8157426
578	532	813	90	90	8157433
577	529	821	90	90	8157439
577	526	829	90	90	8157445
577	523	837	90	90	8157451
577	520	845	90	90	8157458
576	517	853	90	90	8157464
576	513	861	90	90	8157470
575	510	865	90	90	8157476
575	507	869	90	90	8157483
574	504	878	90	90	8157489
573	501	878	90	90	8157495
573	499	882	90	90	8157501
572	496	886	90	90	8157508
572	493	890	90	90	8157514
571	490	890	90	90	8157520
571	487	894	90	90	8157526
570	485	898	90	90	8157533
570	482	902	90	90	8157539
569	479	906	90	90	8157545
569	477	906	90	90	8157551
569	474	910	90	90	8157558
568	472	914	90	90	8157564
568	469	914	90	90	8157570
567	467	918	90	90	8157576
567	464	918	90	90	8157583
567	461	922	90	90	8157589
566	459	922	90	90	8157595
566	456	926	90	90	8157601
566	454	930	90	90	8157608
566	451	930	90	90	8157614
566	449	934	90	90	8157620
566	447	934	90	90	8157626
565	444	938	90	90	8157633
565	442	938	90	90	8157639
565	440	938	90	90	8157645
565	438	942	90	90	8157651
565	436	942	90	90	8157658
564	435	942	90	90	8157664
564	433	942	90	90	8157670
564	432	946	90	90	8157676
563	431	946	90	90	8157683
563	429	946	90	90	8157689
563	428	946	90	90	8157695
563	427	946	90	90	8157708
562	426	950	90	90	8157720
562	425	960	90	90	8157764
561	426	974	90	90	8157776
561	427	978	90	90	8157789
560	429	982	90	90	8157795
559	429	982	90	90	8157801
559	430	982	90	90	8157808
558	431	986	90	90	8157814
558	432	986	90	90	8157820
557	434	986	90	90	8157826
557	435	990	90	90	8157833
556	436	990	90	90	8157839
555	437	990	90	90	8157845
554	439	994	90	90	8157851
554	440	994	90	90	8157858
553	442	994	90	90	8157864
552	443	998	90	90	8157870
551	444	998	90	90	8157876
550	445	1002	90	90	8157883
550	446	1002	90	90	8157889
549	447	1002	90	90	8157895
549	448	1006	90	90	8157901
548	449	1006	90	90	8157908
547	450	1010	90	90	8157914
546	451	1010	90	90	8157920
546	452	1014	90	90	8157926
545	453	1014	90	90	8157933
544	455	1023	90	90	8157939
543	456	1023	90	90	8157945
542	457	1023	90	90	8157951
542	458	1023	90	90	8157958
541	460	1023	90	90	8157964
540	461	1023	90	90	8157970
539	463	1023	90	90	8157976
538	464	1023	90	90	8157983
538	465	1023	90	90	8157989
537	466	1023	90	90	8157995
536	467	1023	90	90	8158001
535	468	1023	90	90	8158008
535	469	1023	90	90	8158014
534	470	1023	90	90	8158020
533	472	1023	90	90	8158026
533	473	1023	90	90	8158033
532	473	1023	90	90	8158039
531	474	1023	90	90	8158051
530	476	1023	90	90	8158064
529	477	1023	90	90	8158076
527	478	1023	90	90	8158089
526	479	1023	90	90	8158101
525	479	1023	90	90	8158114
524	480	1023	90	90	8158133
522	481	1023	90	90	8158151
521	482	1023	90	90	8158176
521	483	1023	90	90	8158208
520	484	726	90	90	8158251
519	483	28	90	90	8158264
4
264	393	8	90	90	8161071
265	393	217	90	90	8161090
266	393	407	90	90	8161109
267	393	128	90	90	8161134
4
1
739	487	0	90	90	8383555
94
595	574	259	90	90	8384067
596	574	543	90	90	8384080
597	574	604	90	90	8384086
598	574	628	90	90	8384092
599	574	652	90	90	8384099
601	573	668	90	90	8384105
602	573	680	90	90	8384111
604	573	696	90	90	8384117
605	573	704	90	90	8384124
607	573	720	90	90	8384130
609	573	733	90	90	8384136
612	573	741	90	90	8384142
614	573	749	90	90	8384149
617	573	757	90	90	8384155
620	573	761	90	90	8384161
623	574	765	90	90	8384167
625	574	769	90	90	8384174
628	574	773	90	90	8384180
631	574	773	90	90	8384186
634	574	777	90	90	8384192
637	575	777	90	90	8384199
641	575	781	90	90	8384205
644	575	781	90	90	8384211
647	575	781	90	90	8384217
650	575	781	90	90	8384224
653	575	781	90	90	8384230
656	575	781	90	90	8384236
659	575	781	90	90	8384242
662	575	781	90	90	8384249
665	575	781	90	90	8384255
668	575	781	90	90	8384261
672	575	781	90	90	8384267
674	575	781	90	90	8384274
677	575	781	90	90	8384280
680	574	781	90	90	8384286
683	574	781	90	90	8384292
686	574	781	90	90	8384299
689	574	781	90	90	8384305
692	574	781	90	90	8384311
695	574	781	90	90	8384317
698	574	781	90	90	8384324
701	574	781	90	90	8384330
704	573	781	90	90	8384336
708	573	781	90	90	8384342
711	573	777	90	90	8384349
714	573	777	90	90	8384355
717	573	777	90	90	8384361
720	573	777	90	90	8384367
724	573	777	90	90	8384374
727	573	777	90	90	8384380
730	574	777	90	90	8384386
733	574	777	90	90	8384392
736	574	777	90	90	8384399
739	574	777	90	90	8384405
742	574	777	90	90	8384411
745	573	777	90	90	8384417
747	573	777	90	90	8384424
750	573	777	90	90	8384430
753	573	777	90	90	8384436
755	573	777	90	90	8384442
757	573	777	90	90	8384449
759	573	777	90	90	8384455
761	573	777	90	90	8384461
763	573	777	90	90	8384467
765	573	777	90	90	8384474
766	573	777	90	90	8384480
768	573	777	90	90	8384486
769	573	777	90	90	8384492
770	573	777	90	90	8384505
771	573	778	90	90	8384524
772	573	785	90	90	8384561
771	572	793	90	90	8384580
770	571	795	90	90	8384592
769	570	797	90	90	8384599
769	569	797	90	90	8384605
768	568	801	90	90	8384611
767	566	801	90	90	8384617
766	564	805	90	90	8384624
765	563	809	90	90	8384630
765	561	817	90	90	8384636
764	559	825	90	90	8384642
763	557	829	90	90	8384649
762	555	837	90	90	8384655
761	553	841	90	90	8384661
760	552	849	90	90	8384667
759	550	853	90	90	8384674
758	549	857	90	90	8384680
758	547	857	90	90	8384686
757	546	853	90	90	8384692
756	545	841	90	90	8384699
756	544	736	90	90	8384711
755	543	450	90	90	8384724
753	543	205	90	90	8384730
753	544	18	90	90	8384742
113
592	568	213	90	90	8385449
592	567	412	90	90	8385461
592	565	467	90	90	8385467
591	564	503	90	90	8385474
591	562	535	90	90	8385480
591	561	559	90	90	8385486
590	559	588	90	90	8385492
589	557	608	90	90	8385499
589	556	628	90	90	8385505
588	554	648	90	90	8385511
587	552	664	90	90	8385517
586	549	680	90	90	8385524
586	547	692	90	90	8385530
585	545	704	90	90	8385536
584	542	720	90	90	8385542
583	539	728	90	90	8385549
582	537	741	90	90	8385555
581	534	749	90	90	8385561
580	531	757	90	90	8385567
579	529	765	90	90	8385574
579	526	773	90	90	8385580
578	523	777	90	90	8385586
577	520	785	90	90	8385592
576	517	793	90	90	8385599
575	514	801	90	90	8385605
574	511	805	90	90	8385611
573	508	813	90	90	8385617
571	506	817	90	90	8385624
570	503	821	90	90	8385630
569	500	825	90	90	8385636
568	497	829	90	90	8385642
566	495	833	90	90	8385649
565	492	833	90	90	8385655
564	489	837	90	90	8385661
563	486	837	90	90	8385667
561	483	837	90	90	8385674
560	480	841	90	90	8385680
559	477	841	90	90	8385686
558	474	845	90	90	8385692
557	472	845	90	90	8385699
556	469	849	90	90	8385705
555	466	849	90	90	8385711
554	463	853	90	90	8385717
553	460	853	90	90	8385724
553	458	853	90	90	8385730
552	455	853	90	90	8385736
551	452	857	90	90	8385742
550	450	857	90	90	8385749
549	448	857	90	90	8385755
549	446	857	90	90	8385761
548	443	857	90	90	8385767
547	441	861	90	90	8385774
547	439	861	90	90	8385780
546	437	857	90	90	8385786
546	436	857	90	90	8385792
545	434	857	90	90	8385799
545	433	857	90	90	8385805
544	431	857	90	90	8385811
544	430	857	90	90	8385817
544	429	857	90	90	8385830
543	428	858	90	90	8385849
542	427	867	90	90	8385899
541	428	880	90	90	8385911
540	429	886	90	90	8385924
540	430	892	90	90	8385936
539	432	894	90	90	8385942
539	433	898	90	90	8385949
538	434	898	90	90	8385955
538	435	902	90	90	8385961
538	436	906	90	90	8385967
537	438	906	90	90	8385974
537	439	910	90	90	8385980
537	441	910	90	90	8385986
536	442	914	90	90	8385992
536	444	914	90	90	8385999
536	445	918	90	90	8386005
535	446	918	90	90	8386011
535	448	922	90	90	8386017
534	449	922	90	90	8386024
534	450	922	90	90	8386030
534	451	926	90	90	8386036
533	452	930	90	90	8386042
533	453	930	90	90	8386049
532	454	934	90	90	8386055
532	455	938	90	90	8386061
531	456	942	90	90	8386067
531	458	942	90	90	8386074
530	459	946	90	90	8386080
530	460	950	90	90	8386086
529	461	954	90	90	8386092
529	462	954	90	90	8386099
529	463	958	90	90	8386105
528	463	962	90	90	8386111
528	464	962	90	90	8386117
527	465	964	90	90	8386130
526	467	966	90	90	8386136
526	468	966	90	90	8386142
525	468	970	90	90	8386149
525	469	970	90	90	8386155
524	470	970	90	90	8386161
524	471	970	90	90	8386167
524	472	974	90	90	8386174
524	473	974	90	90	8386186
523	475	974	90	90	8386199
523	476	974	90	90	8386217
522	477	974	90	90	8386236
522	478	974	90	90	8386255
521	479	970	90	90	8386267
521	480	936	90	90	8386280
520	481	700	90	90	8386292
520	482	455	90	90	8386299
519	483	277	90	90	8386305
518	485	40	90	90	8386317
1
267	397	131	90	90	8388248
4
1
672	535	0	90	90	8616941
79
572	577	242	90	90	8617516
573	577	444	90	90	8617528
574	577	503	90	90	8617535
576	577	531	90	90	8617541
577	577	559	90	90	8617547
579	577	588	90	90	8617553
580	577	612	90	90	8617560
582	577	636	90	90	8617566
585	577	656	90	90	8617572
587	577	676	90	90	8617578
590	577	692	90	90	8617585
592	577	704	90	90	8617591
596	577	724	90	90	8617597
599	577	733	90	90	8617603
602	577	741	90	90	8617610
606	577	749	90	90	8617616
610	577	757	90	90	8617622
613	578	765	90	90	8617628
617	578	769	90	90	8617635
621	578	773	90	90	8617641
625	578	777	90	90	8617647
628	578	777	90	90	8617653
632	578	777	90	90	8617660
636	578	781	90	90	8617666
639	578	781	90	90	8617672
642	578	781	90	90	8617678
645	578	785	90	90	8617685
649	578	785	90	90	8617691
652	578	785	90	90	8617697
655	579	785	90	90	8617703
657	579	785	90	90	8617710
660	579	785	90	90	8617716
663	579	785	90	90	8617722
665	579	785	90	90	8617728
668	579	789	90	90	8617735
670	579	789	90	90	8617741
673	579	789	90	90	8617747
675	579	793	90	90	8617753
677	579	793	90	90	8617760
679	580	793	90	90	8617766
681	580	797	90	90	8617772
683	580	797	90	90	8617778
685	580	801	90	90	8617785
686	580	801	90	90	8617791
688	580	801	90	90	8617797
689	580	805	90	90	8617803
691	580	805	90	90	8617810
692	580	809	90	90	8617816
694	580	809	90	90	8617822
695	579	809	90	90	8617828
696	579	813	90	90	8617835
698	579	813	90	90	8617841
699	579	813	90	90	8617847
700	579	817	90	90	8617853
701	579	817	90	90	8617860
702	579	817	90	90	8617866
703	579	817	90	90	8617872
704	579	817	90	90	8617885
705	579	817	90	90	8617897
706	578	819	90	90	8617922
707	578	822	90	90	8617941
707	576	827	90	90	8617953
706	575	829	90	90	8617960
706	574	833	90	90	8617966
706	573	841	90	90	8617972
705	572	845	90	90	8617978
705	571	853	90	90	8617985
704	569	857	90	90	8617991
703	567	865	90	90	8617997
702	565	873	90	90	8618003
701	564	886	90	90	8618010
700	562	890	90	90	8618016
699	561	898	90	90	8618022
698	559	906	90	90	8618028
697	558	912	90	90	8618041
696	557	906	90	90	8618060
696	556	694	90	90	8618078
694	556	297	90	90	8618091
693	557	18	90	90	8618103
125
568	571	428	90	90	8618678
568	569	624	90	90	8618691
567	568	652	90	90	8618697
567	567	672	90	90	8618703
566	565	688	90	90	8618710
566	564	708	90	90	8618716
565	562	728	90	90	8618722
565	561	749	90	90	8618728
564	560	761	90	90	8618735
564	558	773	90	90	8618741
563	557	785	90	90	8618747
563	555	793	90	90	8618753
562	553	805	90	90	8618760
562	552	813	90	90	8618766
561	550	821	90	90	8618772
561	548	829	90	90	8618778
560	546	837	90	90	8618785
559	544	845	90	90	8618791
559	542	857	90	90	8618797
558	540	865	90	90	8618803
557	537	873	90	90	8618810
557	535	882	90	90	8618816
556	533	886	90	90	8618822
556	531	894	90	90	8618828
555	529	898	90	90	8618835
554	527	902	90	90	8618841
553	525	906	90	90	8618847
553	522	910	90	90	8618853
552	520	914	90	90	8618860
552	517	914	90	90	8618866
551	515	918	90	90	8618872
551	512	922	90	90	8618878
550	509	922	90	90	8618885
550	507	926	90	90	8618891
549	505	930	90	90	8618897
549	502	930	90	90	8618903
548	500	934	90	90	8618910
547	498	934	90	90	8618916
546	496	938	90	90	8618922
546	494	938	90	90	8618928
545	492	938	90	90	8618935
544	490	938	90	90	8618941
544	487	942	90	90	8618947
543	485	942	90	90	8618953
542	483	942	90	90	8618960
541	481	942	90	90	8618966
541	479	946	90	90	8618972
540	477	946	90	90	8618978
539	475	946	90	90	8618985
538	473	946	90	90	8618991
537	471	950	90	90	8618997
537	470	950	90	90	8619003
536	468	950	90	90	8619010
535	466	950	90	90	8619016
535	465	950	90	90	8619022
534	463	950	90	90	8619028
534	461	950	90	90	8619035
533	460	950	90	90	8619041
533	458	950	90	90	8619047
532	456	950	90	90	8619053
532	455	950	90	90	8619060
532	454	950	90	90	8619066
532	452	950	90	90	8619072
531	452	950	90	90	8619078
531	451	950	90	90	8619085
531	450	950	90	90	8619091
530	449	950	90	90	8619103
530	447	950	90	90	8619116
529	446	950	90	90	8619128
529	445	950	90	90	8619147
528	444	952	90	90	8619178
527	443	958	90	90	8619203
526	444	958	90	90	8619222
526	445	959	90	90	8619241
525	446	962	90	90	8619260
524	447	962	90	90	8619272
524	448	966	90	90	8619285
524	449	966	90	90	8619297
524	450	970	90	90	8619310
524	451	972	90	90	8619322
524	452	974	90	90	8619335
523	453	978	90	90	8619347
523	454	982	90	90	8619360
522	455	986	90	90	8619372
522	457	990	90	90	8619385
521	458	992	90	90	8619397
521	460	996	90	90	8619410
520	462	1000	90	90	8619422
520	463	1004	90	90	8619435
519	465	1008	90	90	8619447
518	466	1010	90	90	8619460
518	467	1014	90	90	8619472
517	469	1014	90	90	8619478
517	470	1023	90	90	8619491
516	472	1023	90	90	8619497
515	473	1023	90	90	8619510
515	474	1023	90	90	8619516
514	475	1023	90	90	8619522
514	476	1023	90	90	8619528
513	477	1023	90	90	8619535
513	478	1023	90	90	8619547
512	479	1023	90	90	8619553
511	480	1023	90	90	8619560
511	481	1023	90	90	8619566
511	482	1023	90	90	8619572
510	483	1023	90	90	8619578
510	484	1023	90	90	8619585
510	485	1023	90	90	8619591
509	486	1023	90	90	8619597
509	487	1023	90	90	8619603
509	489	1023	90	90	8619610
508	490	1023	90	90	8619616
508	491	1023	90	90	8619622
507	492	1023	90	90	8619628
507	493	1023	90	90	8619641
506	494	1023	90	90	8619653
506	496	1023	90	90	8619666
505	497	1023	90	90	8619678
505	498	1023	90	90	8619691
504	500	1023	90	90	8619703
504	501	1023	90	90	8619716
504	502	1023	90	90	8619803
503	502	1010	90	90	8619841
502	502	632	90	90	8619860
501	502	116	90	90	8619878
3
267	396	155	90	90	8622495
266	396	374	90	90	8622520
266	395	117	90	90	8622552
3
1
634	570	0	90	90	8848720
100
573	559	347	90	90	8849158
574	559	600	90	90	8849170
575	559	636	90	90	8849176
576	559	656	90	90	8849183
578	559	676	90	90	8849189
579	559	692	90	90	8849195
581	559	708	90	90	8849201
583	560	724	90	90	8849208
585	560	737	90	90	8849214
588	560	749	90	90	8849220
590	560	757	90	90	8849226
593	560	761	90	90	8849233
595	560	769	90	90	8849239
598	560	773	90	90	8849245
600	560	777	90	90	8849251
603	560	777	90	90	8849258
605	560	781	90	90	8849264
607	560	781	90	90	8849270
609	560	785	90	90	8849276
611	560	785	90	90	8849283
613	561	789	90	90	8849289
615	561	789	90	90	8849295
617	561	793	90	90	8849301
619	561	793	90	90	8849308
621	561	797	90	90	8849314
623	561	801	90	90	8849320
624	561	805	90	90	8849326
626	561	805	90	90	8849333
628	561	805	90	90	8849339
630	561	809	90	90	8849345
631	561	809	90	90	8849351
633	561	809	90	90	8849358
635	561	813	90	90	8849364
636	561	817	90	90	8849370
639	561	821	90	90	8849376
641	561	825	90	90	8849383
643	561	829	90	90	8849389
646	561	837	90	90	8849395
649	562	841	90	90	8849401
652	562	845	90	90	8849408
655	562	845	90	90	8849414
658	562	849	90	90	8849420
661	562	849	90	90	8849426
665	562	849	90	90	8849433
668	563	849	90	90	8849439
672	563	849	90	90	8849445
675	563	849	90	90	8849451
679	563	849	90	90	8849458
682	563	849	90	90	8849464
686	563	849	90	90	8849470
689	563	849	90	90	8849476
692	562	849	90	90	8849483
695	562	849	90	90	8849489
699	562	849	90	90	8849495
702	562	849	90	90	8849501
705	562	849	90	90	8849508
708	562	849	90	90	8849514
711	562	849	90	90	8849520
714	562	849	90	90	8849526
717	562	849	90	90	8849533
720	561	849	90	90	8849539
723	561	849	90	90	8849545
726	561	849	90	90	8849551
729	561	849	90	90	8849558
731	561	849	90	90	8849564
734	561	849	90	90	8849570
736	561	849	90	90	8849576
738	561	849	90	90	8849583
740	561	849	90	90	8849589
742	562	849	90	90	8849595
744	562	849	90	90	8849601
746	562	849	90	90	8849608
747	562	849	90	90	8849614
749	562	849	90	90	8849620
750	562	849	90	90	8849626
751	562	849	90	90	8849639
752	562	854	90	90	8849701
751	562	857	90	90	8849714
749	561	857	90	90	8849726
748	560	857	90	90	8849733
747	559	861	90	90	8849739
746	558	861	90	90	8849745
745	557	865	90	90	8849751
743	556	869	90	90	8849758
742	554	873	90	90	8849764
741	553	878	90	90	8849770
740	551	882	90	90	8849776
739	549	890	90	90	8849783
737	547	894	90	90	8849789
736	545	898	90	90	8849795
735	543	902	90	90	8849801
734	541	906	90	90	8849808
734	540	906	90	90	8849814
733	538	910	90	90	8849820
732	537	910	90	90	8849826
732	536	914	90	90	8849839
731	535	912	90	90	8849858
730	534	686	90	90	8849889
729	535	233	90	90	8849895
729	536	26	90	90	8849908
117
574	555	230	90	90	8850923
573	555	503	90	90	8850954
572	555	591	90	90	8850967
571	554	628	90	90	8850979
570	552	656	90	90	8850986
570	551	676	90	90	8850992
569	550	692	90	90	8850998
569	549	708	90	90	8851004
568	547	728	90	90	8851011
568	545	741	90	90	8851017
567	543	757	90	90	8851023
566	541	769	90	90	8851029
565	538	781	90	90	8851036
565	536	793	90	90	8851042
564	533	805	90	90	8851048
563	530	817	90	90	8851054
562	528	825	90	90	8851061
561	525	833	90	90	8851067
560	523	841	90	90	8851073
560	520	849	90	90	8851079
559	517	857	90	90	8851086
558	515	865	90	90	8851092
557	512	869	90	90	8851098
557	509	873	90	90	8851104
556	507	878	90	90	8851111
555	504	882	90	90	8851117
554	502	886	90	90	8851123
553	500	890	90	90	8851129
552	497	890	90	90	8851136
552	495	894	90	90	8851142
551	492	894	90	90	8851148
550	490	898	90	90	8851154
550	487	898	90	90	8851161
549	485	898	90	90	8851167
548	482	902	90	90	8851173
548	480	902	90	90	8851179
547	477	906	90	90	8851186
546	475	906	90	90	8851192
545	473	906	90	90	8851198
545	470	906	90	90	8851204
544	468	910	90	90	8851211
543	465	910	90	90	8851217
543	463	910	90	90	8851223
542	460	910	90	90	8851229
541	458	910	90	90	8851236
540	456	910	90	90	8851242
539	453	910	90	90	8851248
539	451	914	90	90	8851254
538	449	914	90	90	8851261
537	446	914	90	90	8851267
536	444	914	90	90	8851273
535	442	918	90	90	8851279
534	439	918	90	90	8851286
534	437	918	90	90	8851292
533	435	918	90	90	8851298
532	432	914	90	90	8851304
532	430	914	90	90	8851311
531	428	914	90	90	8851317
531	426	914	90	90	8851323
530	424	918	90	90	8851329
530	422	918	90	90	8851336
529	420	918	90	90	8851342
529	419	918	90	90	8851348
529	417	918	90	90	8851354
528	416	918	90	90	8851361
528	414	918	90	90	8851367
527	413	922	90	90	8851373
527	412	918	90	90	8851379
526	411	918	90	90	8851386
526	410	918	90	90	8851392
525	409	918	90	90	8851404
525	408	931	90	90	8851467
524	408	944	90	90	8851479
523	409	948	90	90	8851492
522	410	952	90	90	8851504
522	411	954	90	90	8851517
521	413	958	90	90	8851529
520	414	962	90	90	8851542
519	416	966	90	90	8851554
518	417	966	90	90	8851561
518	418	970	90	90	8851567
517	419	970	90	90	8851573
517	420	970	90	90	8851579
516	421	970	90	90	8851586
515	422	970	90	90	8851592
515	423	974	90	90	8851598
514	424	974	90	90	8851604
513	425	978	90	90	8851611
512	426	978	90	90	8851617
511	427	982	90	90	8851623
511	428	982	90	90	8851629
510	430	986	90	90	8851636
509	431	990	90	90	8851642
509	432	990	90	90	8851648
508	433	994	90	90	8851654
507	435	998	90	90	8851661
507	436	998	90	90	8851667
506	437	1002	90	90	8851673
505	438	1006	90	90	8851679
505	439	1006	90	90	8851686
504	440	1010	90	90	8851692
504	441	1014	90	90	8851698
504	442	1014	90	90	8851704
503	443	1014	90	90	8851711
503	444	1023	90	90	8851717
502	445	1023	90	90	8851723
502	446	1023	90	90	8851729
502	447	1023	90	90	8851736
501	448	1023	90	90	8851748
500	449	1023	90	90	8851754
500	450	1023	90	90	8851767
499	451	1023	90	90	8851779
498	452	1023	90	90	8851798
498	453	1023	90	90	8851829
498	454	883	90	90	8851898
497	455	193	90	90	8851904
497	456	0	90	90	8851948
4
1
631	512	0	90	90	9081253
77
588	574	8	90	90	9081859
587	574	178	90	90	9081890
587	573	318	90	90	9081903
589	572	378	90	90	9081909
590	572	418	90	90	9081915
592	571	451	90	90	9081921
594	571	479	90	90	9081928
596	571	515	90	90	9081934
598	571	535	90	90	9081940
600	571	551	90	90	9081946
603	571	571	90	90	9081953
605	571	588	90	90	9081959
608	571	600	90	90	9081965
611	571	612	90	90	9081971
614	571	616	90	90	9081978
617	571	624	90	90	9081984
620	571	628	90	90	9081990
623	571	632	90	90	9081996
626	571	636	90	90	9082003
629	571	644	90	90	9082009
632	571	652	90	90	9082015
635	571	656	90	90	9082021
638	571	664	90	90	9082028
641	571	668	90	90	9082034
644	571	676	90	90	9082040
647	571	680	90	90	9082046
650	571	684	90	90	9082053
653	571	688	90	90	9082059
655	571	692	90	90	9082065
658	571	696	90	90	9082071
660	570	700	90	90	9082078
663	570	704	90	90	9082084
665	570	708	90	90	9082090
667	570	712	90	90	9082096
670	569	720	90	90	9082103
672	569	720	90	90	9082109
674	569	724	90	90	9082115
676	568	724	90	90	9082121
678	568	724	90	90	9082128
680	568	728	90	90	9082134
682	568	728	90	90	9082140
684	568	728	90	90	9082146
685	568	728	90	90	9082153
687	568	733	90	90	9082159
689	568	733	90	90	9082165
690	568	733	90	90	9082171
692	568	733	90	90	9082178
694	568	737	90	90	9082184
696	568	737	90	90	9082190
697	569	737	90	90	9082196
699	569	741	90	90	9082203
701	569	741	90	90	9082209
703	569	741	90	90	9082215
704	569	741	90	90	9082221
705	570	745	90	90	9082228
706	570	745	90	90	9082234
707	570	745	90	90	9082246
708	570	745	90	90	9082296
708	569	749	90	90	9082309
707	568	749	90	90	9082315
707	567	753	90	90	9082321
706	565	757	90	90	9082328
705	564	757	90	90	9082334
704	563	761	90	90	9082340
703	561	765	90	90	9082346
702	559	769	90	90	9082353
701	557	773	90	90	9082359
699	555	777	90	90	9082365
698	553	781	90	90	9082371
697	552	785	90	90	9082378
696	550	785	90	90	9082384
695	549	785	90	90	9082390
694	548	789	90	90	9082396
693	547	787	90	90	9082409
693	546	572	90	90	9082440
691	547	153	90	90	9082446
691	548	0	90	90	9082459
88
583	565	79	90	90	9083121
582	564	217	90	90	9083134
582	562	285	90	90	9083140
581	561	334	90	90	9083146
581	560	374	90	90	9083153
581	558	414	90	90	9083159
580	557	451	90	90	9083165
580	555	479	90	90	9083171
579	552	519	90	90	9083178
579	550	547	90	90	9083184
579	547	571	90	90	9083190
578	545	600	90	90	9083196
578	541	620	90	90	9083203
577	538	640	90	90	9083209
577	535	664	90	90	9083215
576	532	680	90	90	9083221
576	528	696	90	90	9083228
575	524	712	90	90	9083234
575	521	728	90	90	9083240
574	517	741	90	90	9083246
573	513	749	90	90	9083253
572	509	757	90	90	9083259
572	505	765	90	90	9083265
571	500	773	90	90	9083271
570	496	777	90	90	9083278
569	492	785	90	90	9083284
568	488	789	90	90	9083290
567	484	797	90	90	9083296
566	480	801	90	90	9083303
565	477	805	90	90	9083309
565	473	809	90	90	9083315
564	469	813	90	90	9083321
563	466	817	90	90	9083328
562	463	821	90	90	9083334
561	460	825	90	90	9083340
561	457	825	90	90	9083346
560	453	829	90	90	9083353
559	450	829	90	90	9083359
559	447	829	90	90	9083365
558	444	829	90	90	9083371
558	441	829	90	90	9083378
557	438	829	90	90	9083384
556	435	829	90	90	9083390
556	432	833	90	90	9083396
555	430	833	90	90	9083403
555	427	837	90	90	9083409
554	424	837	90	90	9083415
554	422	841	90	90	9083421
553	420	841	90	90	9083428
553	419	845	90	90	9083434
552	417	845	90	90	9083440
552	416	849	90	90	9083446
551	415	849	90	90	9083453
551	414	851	90	90	9083465
551	412	861	90	90	9083484
550	412	878	90	90	9083509
549	412	892	90	90	9083521
548	413	898	90	90	9083534
548	414	904	90	90	9083546
547	416	906	90	90	9083553
546	417	906	90	90	9083559
545	418	910	90	90	9083565
544	419	910	90	90	9083571
544	421	910	90	90	9083578
543	422	910	90	90	9083584
542	424	914	90	90	9083590
540	426	914	90	90	9083596
539	427	918	90	90	9083603
538	429	922	90	90	9083609
537	431	926	90	90	9083615
536	432	934	90	90	9083621
535	434	938	90	90	9083628
534	435	942	90	90	9083634
533	437	946	90	90	9083640
532	438	950	90	90	9083646
531	439	954	90	90	9083653
530	441	958	90	90	9083659
529	442	958	90	90	9083665
528	443	962	90	90	9083671
527	444	962	90	90	9083678
527	445	968	90	90	9083690
525	446	972	90	90	9083703
524	448	978	90	90	9083715
523	449	982	90	90	9083734
522	450	980	90	90	9083771
521	451	883	90	90	9083784
521	452	601	90	90	9083796
520	454	166	90	90	9083815
1
264	397	163	90	90	9085915
4
1
626	485	0	90	90	9303746
73
604	571	46	90	90	9304428
605	570	150	90	90	9304440
606	570	247	90	90	9304453
608	569	334	90	90	9304459
609	569	378	90	90	9304465
610	569	422	90	90	9304471
611	569	459	90	90	9304478
612	569	499	90	90	9304484
613	569	531	90	90	9304490
615	569	555	90	90	9304496
617	569	575	90	90	9304503
619	569	600	90	90	9304509
622	569	612	90	90	9304515
624	569	628	90	90	9304521
627	569	640	90	90	9304528
629	569	652	90	90	9304534
632	569	660	90	90	9304540
635	569	672	90	90	9304546
637	569	680	90	90	9304553
640	569	688	90	90	9304559
643	569	696	90	90	9304565
646	570	704	90	90	9304571
649	570	708	90	90	9304578
652	570	712	90	90	9304584
655	570	720	90	90	9304590
658	570	724	90	90	9304596
661	570	724	90	90	9304603
664	570	728	90	90	9304609
667	570	728	90	90	9304615
670	570	728	90	90	9304621
673	570	728	90	90	9304628
675	570	728	90	90	9304634
678	570	728	90	90	9304640
681	570	733	90	90	9304646
683	570	733	90	90	9304653
685	570	733	90	90	9304659
688	570	733	90	90	9304665
690	570	737	90	90	9304671
692	570	737	90	90	9304678
695	570	737	90	90	9304684
697	570	741	90	90	9304690
699	570	741	90	90	9304696
701	570	741	90	90	9304703
703	570	741	90	90	9304709
704	570	745	90	90	9304715
706	570	745	90	90	9304721
707	570	745	90	90	9304728
708	570	745	90	90	9304734
710	570	745	90	90	9304740
711	569	745	90	90	9304746
712	569	745	90	90	9304753
713	569	745	90	90	9304759
714	569	749	90	90	9304765
715	569	753	90	90	9304771
716	569	755	90	90	9304784
717	569	761	90	90	9304790
718	569	763	90	90	9304803
720	569	765	90	90	9304821
721	568	771	90	90	9304871
720	567	779	90	90	9304884
719	566	781	90	90	9304890
718	564	785	90	90	9304896
718	563	789	90	90	9304903
717	562	793	90	90	9304909
716	560	797	90	90	9304915
715	559	801	90	90	9304921
715	558	805	90	90	9304928
714	556	809	90	90	9304934
713	555	817	90	90	9304940
713	554	823	90	90	9304953
712	553	827	90	90	9304978
711	552	538	90	90	9305003
710	553	52	90	90	9305021
105
602	564	49	90	90	9306047
602	563	160	90	90	9306066
602	562	235	90	90	9306078
601	561	281	90	90	9306085
601	560	310	90	90	9306091
601	559	346	90	90	9306097
600	558	382	90	90	9306103
600	557	414	90	90	9306110
599	555	443	90	90	9306116
599	554	467	90	90	9306122
598	553	503	90	90	9306128
598	551	527	90	90	9306135
597	550	551	90	90	9306141
596	548	567	90	90	9306147
596	546	592	90	90	9306153
595	544	608	90	90	9306160
594	542	624	90	90	9306166
594	539	632	90	90	9306172
593	537	644	90	90	9306178
592	535	652	90	90	9306185
591	532	664	90	90	9306191
590	530	672	90	90	9306197
590	528	684	90	90	9306203
589	526	692	90	90	9306210
588	524	704	90	90	9306216
587	522	720	90	90	9306222
587	520	733	90	90	9306228
586	518	749	90	90	9306235
585	515	761	90	90	9306241
585	513	769	90	90	9306247
584	511	781	90	90	9306253
583	509	793	90	90	9306260
582	506	801	90	90	9306266
581	504	809	90	90	9306272
580	501	817	90	90	9306278
579	499	821	90	90	9306285
578	496	829	90	90	9306291
577	493	833	90	90	9306297
577	491	837	90	90	9306303
576	488	841	90	90	9306310
576	485	845	90	90	9306316
575	482	849	90	90	9306322
574	480	853	90	90	9306328
573	477	857	90	90	9306335
573	474	861	90	90	9306341
572	472	865	90	90	9306347
571	469	869	90	90	9306353
570	467	869	90	90	9306360
569	464	873	90	90	9306366
569	461	873	90	90	9306372
568	458	878	90	90	9306378
567	456	878	90	90	9306385
566	453	882	90	90	9306391
565	451	882	90	90	9306397
565	448	886	90	90	9306403
564	446	886	90	90	9306410
563	444	890	90	90	9306416
563	441	890	90	90	9306422
562	439	894	90	90	9306428
562	437	894	90	90	9306435
561	435	894	90	90	9306441
561	433	894	90	90	9306447
560	431	894	90	90	9306453
560	429	894	90	90	9306460
559	427	894	90	90	9306466
559	426	894	90	90	9306472
559	424	898	90	90	9306478
558	423	898	90	90	9306485
558	422	898	90	90	9306491
558	421	900	90	90	9306503
557	420	902	90	90	9306516
557	419	907	90	90	9306560
556	419	915	90	90	9306578
555	420	918	90	90	9306591
555	421	918	90	90	9306603
554	422	918	90	90	9306616
553	424	922	90	90	9306622
553	425	922	90	90	9306628
553	426	922	90	90	9306635
552	427	922	90	90	9306641
552	428	922	90	90	9306647
551	430	926	90	90	9306653
551	432	926	90	90	9306660
550	433	926	90	90	9306666
550	435	930	90	90	9306672
549	437	930	90	90	9306678
549	438	930	90	90	9306685
548	440	934	90	90	9306691
547	441	934	90	90	9306697
546	443	934	90	90	9306703
546	444	938	90	90	9306710
545	445	938	90	90	9306716
544	447	938	90	90	9306722
543	448	938	90	90	9306728
543	449	942	90	90	9306735
542	450	942	90	90	9306741
541	451	942	90	90	9306747
541	452	946	90	90	9306760
539	453	946	90	90	9306772
538	454	948	90	90	9306785
538	456	950	90	90	9306797
537	457	950	90	90	9306816
536	458	828	90	90	9306885
536	459	205	90	90	9306891
535	461	8	90	90	9306903
1
266	397	81	90	90	9308413
4
1
773	556	0	90	90	9526168
68
571	571	163	90	90	9526693
572	571	281	90	90	9526699
573	571	318	90	90	9526705
574	571	362	90	90	9526712
575	571	394	90	90	9526718
576	571	426	90	90	9526724
578	571	459	90	90	9526730
580	571	479	90	90	9526737
582	571	515	90	90	9526743
584	570	535	90	90	9526749
587	570	555	90	90	9526755
589	570	571	90	90	9526762
592	570	588	90	90	9526768
595	570	600	90	90	9526774
598	570	608	90	90	9526780
601	570	612	90	90	9526787
605	570	616	90	90	9526793
608	570	620	90	90	9526799
612	570	624	90	90	9526805
615	570	628	90	90	9526812
619	570	632	90	90	9526818
623	571	640	90	90	9526824
626	571	644	90	90	9526830
630	571	648	90	90	9526837
634	571	648	90	90	9526843
638	571	652	90	90	9526849
641	571	656	90	90	9526855
645	571	660	90	90	9526862
648	572	664	90	90	9526868
652	572	668	90	90	9526874
656	572	676	90	90	9526880
660	572	680	90	90	9526887
663	572	684	90	90	9526893
667	572	688	90	90	9526899
670	572	692	90	90	9526905
673	572	696	90	90	9526912
676	572	696	90	90	9526918
679	572	696	90	90	9526924
682	572	696	90	90	9526930
685	572	696	90	90	9526937
687	571	696	90	90	9526943
689	571	696	90	90	9526949
691	571	696	90	90	9526955
694	571	700	90	90	9526962
696	570	700	90	90	9526968
697	570	700	90	90	9526974
699	570	700	90	90	9526980
700	570	700	90	90	9526987
701	570	700	90	90	9526993
702	570	702	90	90	9527005
704	570	712	90	90	9527093
703	569	722	90	90	9527105
702	568	728	90	90	9527112
701	566	733	90	90	9527118
701	565	741	90	90	9527124
700	563	749	90	90	9527130
699	561	757	90	90	9527137
698	559	765	90	90	9527143
697	557	773	90	90	9527149
697	555	785	90	90	9527155
696	553	789	90	90	9527162
695	551	797	90	90	9527168
694	550	801	90	90	9527174
693	549	805	90	90	9527180
693	548	797	90	90	9527187
692	547	720	90	90	9527199
692	546	452	90	90	9527212
691	546	91	90	90	9527230
95
569	568	148	90	90	9527799
568	567	338	90	90	9527812
568	566	402	90	90	9527818
567	565	447	90	90	9527824
567	563	487	90	90	9527830
566	562	531	90	90	9527837
566	560	567	90	90	9527843
565	557	604	90	90	9527849
564	555	636	90	90	9527855
564	552	664	90	90	9527862
563	548	688	90	90	9527868
562	544	712	90	90	9527874
561	540	737	90	90	9527880
559	536	753	90	90	9527887
558	532	769	90	90	9527893
557	528	781	90	90	9527899
556	523	793	90	90	9527905
555	518	805	90	90	9527912
554	513	813	90	90	9527918
553	508	821	90	90	9527924
551	502	829	90	90	9527930
550	497	837	90	90	9527937
549	491	845	90	90	9527943
548	486	853	90	90	9527949
547	481	861	90	90	9527955
546	475	865	90	90	9527962
545	470	873	90	90	9527968
544	465	878	90	90	9527974
543	460	882	90	90	9527980
542	456	886	90	90	9527987
541	451	886	90	90	9527993
540	446	890	90	90	9527999
539	441	890	90	90	9528005
538	437	894	90	90	9528012
537	433	894	90	90	9528018
536	429	894	90	90	9528024
535	425	898	90	90	9528030
535	422	898	90	90	9528037
534	419	902	90	90	9528043
534	417	902	90	90	9528049
533	414	906	90	90	9528055
533	413	906	90	90	9528062
532	411	906	90	90	9528068
532	410	910	90	90	9528074
532	409	910	90	90	9528080
531	408	912	90	90	9528093
531	406	915	90	90	9528112
530	405	919	90	90	9528130
529	405	924	90	90	9528143
528	406	926	90	90	9528155
527	407	930	90	90	9528162
526	408	930	90	90	9528168
525	409	930	90	90	9528174
525	410	934	90	90	9528180
524	412	934	90	90	9528187
523	413	934	90	90	9528193
522	415	934	90	90	9528199
521	417	934	90	90	9528205
519	420	934	90	90	9528212
518	423	934	90	90	9528218
517	425	934	90	90	9528224
515	429	934	90	90	9528230
514	432	934	90	90	9528237
513	435	934	90	90	9528243
511	439	938	90	90	9528249
510	442	938	90	90	9528255
509	444	938	90	90	9528262
508	447	942	90	90	9528268
507	449	942	90	90	9528274
506	451	942	90	90	9528280
505	453	946	90	90	9528287
504	454	946	90	90	9528293
503	456	946	90	90	9528299
503	458	946	90	90	9528305
502	460	946	90	90	9528312
501	461	946	90	90	9528318
500	463	946	90	90	9528324
500	465	950	90	90	9528330
499	467	950	90	90	9528337
499	468	950	90	90	9528343
498	469	950	90	90	9528349
498	471	950	90	90	9528355
498	472	950	90	90	9528362
498	473	950	90	90	9528368
498	474	950	90	90	9528374
497	474	952	90	90	9528387
497	476	954	90	90	9528399
497	477	956	90	90	9528418
496	478	960	90	90	9528437
496	479	967	90	90	9528462
496	480	974	90	90	9528524
495	481	978	90	90	9528549
495	482	831	90	90	9528587
494	482	277	90	90	9528599
493	483	0	90	90	9528612
3
263	396	56	90	90	9531845
262	396	341	90	90	9531876
262	397	185	90	90	9531913
3
1
668	553	0	90	90	9763414
80
578	583	336	90	90	9763895
579	583	531	90	90	9763901
580	583	551	90	90	9763907
582	583	567	90	90	9763914
583	583	583	90	90	9763920
585	583	596	90	90	9763926
587	583	608	90	90	9763932
589	583	616	90	90	9763939
592	583	628	90	90	9763945
594	583	636	90	90	9763951
597	583	648	90	90	9763957
600	583	656	90	90	9763964
602	583	660	90	90	9763970
605	583	668	90	90	9763976
608	583	672	90	90	9763982
611	582	680	90	90	9763989
614	582	688	90	90	9763995
617	582	692	90	90	9764001
620	582	700	90	90	9764007
623	582	708	90	90	9764014
626	582	720	90	90	9764020
629	581	724	90	90	9764026
632	581	733	90	90	9764032
635	581	741	90	90	9764039
638	581	745	90	90	9764045
641	581	749	90	90	9764051
645	581	753	90	90	9764057
648	581	757	90	90	9764064
651	581	761	90	90	9764070
655	581	761	90	90	9764076
658	581	765	90	90	9764082
661	581	765	90	90	9764089
664	581	765	90	90	9764095
667	580	765	90	90	9764101
670	580	769	90	90	9764107
673	580	769	90	90	9764114
676	580	769	90	90	9764120
679	580	773	90	90	9764126
682	580	773	90	90	9764132
685	580	777	90	90	9764139
688	580	777	90	90	9764145
691	580	781	90	90	9764151
694	580	781	90	90	9764157
697	580	781	90	90	9764164
700	580	785	90	90	9764170
703	580	785	90	90	9764176
706	580	785	90	90	9764182
708	579	785	90	90	9764189
711	579	785	90	90	9764195
713	579	785	90	90	9764201
715	579	785	90	90	9764207
717	579	785	90	90	9764214
719	579	789	90	90	9764220
720	579	789	90	90	9764226
722	579	789	90	90	9764232
724	579	789	90	90	9764239
725	579	789	90	90	9764245
727	579	793	90	90	9764251
728	579	793	90	90	9764257
729	579	793	90	90	9764264
730	579	793	90	90	9764276
731	579	793	90	90	9764295
732	579	798	90	90	9764376
732	578	811	90	90	9764389
731	577	819	90	90	9764401
729	575	825	90	90	9764407
728	574	829	90	90	9764414
727	573	837	90	90	9764420
726	572	841	90	90	9764426
724	570	845	90	90	9764432
723	569	849	90	90	9764439
722	567	849	90	90	9764445
721	566	853	90	90	9764451
720	565	853	90	90	9764457
719	564	853	90	90	9764470
718	562	829	90	90	9764482
717	562	611	90	90	9764495
715	562	386	90	90	9764501
714	562	229	90	90	9764507
713	563	30	90	90	9764520
111
577	580	141	90	90	9765207
577	581	430	90	90	9765264
577	580	598	90	90	9765276
576	579	638	90	90	9765289
575	577	664	90	90	9765295
575	576	680	90	90	9765301
575	575	696	90	90	9765307
574	574	708	90	90	9765314
574	572	728	90	90	9765320
574	571	741	90	90	9765326
573	569	753	90	90	9765332
573	567	761	90	90	9765339
573	564	773	90	90	9765345
573	562	781	90	90	9765351
572	559	789	90	90	9765357
572	557	797	90	90	9765364
571	554	801	90	90	9765370
571	551	809	90	90	9765376
570	548	813	90	90	9765382
570	545	821	90	90	9765389
569	542	825	90	90	9765395
568	539	829	90	90	9765401
567	536	837	90	90	9765407
567	533	841	90	90	9765414
566	530	845	90	90	9765420
565	527	853	90	90	9765426
564	524	857	90	90	9765432
563	521	861	90	90	9765439
562	518	869	90	90	9765445
561	515	873	90	90	9765451
560	511	878	90	90	9765457
559	508	878	90	90	9765464
559	505	882	90	90	9765470
558	501	886	90	90	9765476
557	498	886	90	90	9765482
556	494	890	90	90	9765489
555	491	894	90	90	9765495
554	488	894	90	90	9765501
554	485	898	90	90	9765507
553	482	902	90	90	9765514
552	478	906	90	90	9765520
551	475	910	90	90	9765526
550	472	910	90	90	9765532
549	469	914	90	90	9765539
548	466	914	90	90	9765545
548	463	918	90	90	9765551
547	460	918	90	90	9765557
546	457	918	90	90	9765564
545	454	922	90	90	9765570
544	451	922	90	90	9765576
543	448	922	90	90	9765582
542	445	926	90	90	9765589
541	443	926	90	90	9765595
540	440	926	90	90	9765601
539	437	926	90	90	9765607
538	434	930	90	90	9765614
537	431	930	90	90	9765620
536	428	930	90	90	9765626
536	426	930	90	90	9765632
535	423	930	90	90	9765639
535	421	930	90	90	9765645
534	419	930	90	90	9765651
534	416	930	90	90	9765657
533	414	934	90	90	9765664
533	413	934	90	90	9765670
533	411	934	90	90	9765676
533	409	934	90	90	9765682
532	408	934	90	90	9765689
532	406	934	90	90	9765695
532	405	934	90	90	9765701
532	404	934	90	90	9765707
531	403	934	90	90	9765720
531	402	939	90	90	9765739
531	401	948	90	90	9765770
530	401	958	90	90	9765782
529	402	962	90	90	9765795
528	403	962	90	90	9765807
527	405	966	90	90	9765814
527	406	966	90	90	9765820
526	407	966	90	90	9765826
526	408	966	90	90	9765832
525	410	966	90	90	9765839
525	411	966	90	90	9765845
524	412	966	90	90	9765851
523	413	966	90	90	9765857
523	415	970	90	90	9765864
522	416	970	90	90	9765870
522	418	970	90	90	9765876
521	419	970	90	90	9765882
520	420	974	90	90	9765889
519	421	974	90	90	9765895
518	423	974	90	90	9765901
517	424	978	90	90	9765907
516	425	978	90	90	9765914
515	426	978	90	90	9765920
514	427	982	90	90	9765926
513	428	982	90	90	9765932
512	429	986	90	90	9765939
511	430	986	90	90	9765945
510	431	990	90	90	9765951
509	432	990	90	90	9765957
508	433	994	90	90	9765964
508	434	994	90	90	9765970
507	435	998	90	90	9765976
506	436	1000	90	90	9765995
505	438	1004	90	90	9766007
504	439	1007	90	90	9766026
503	440	1010	90	90	9766057
502	441	981	90	90	9766120
502	440	461	90	90	9766139
501	439	38	90	90	9766151
