7
1
545	533	0	90	90	7705210
52
475	512	258	90	90	7706066
474	513	550	90	90	7706091
475	513	658	90	90	7706104
477	512	688	90	90	7706110
478	512	708	90	90	7706116
479	512	728	90	90	7706122
481	511	745	90	90	7706129
482	511	761	90	90	7706135
484	511	773	90	90	7706141
486	511	789	90	90	7706147
488	511	801	90	90	7706154
490	511	809	90	90	7706160
492	511	821	90	90	7706166
493	511	833	90	90	7706172
495	511	841	90	90	7706179
497	511	849	90	90	7706185
498	511	857	90	90	7706191
500	511	865	90	90	7706197
501	511	873	90	90	7706204
503	510	878	90	90	7706210
504	510	886	90	90	7706216
506	510	890	90	90	7706222
508	510	894	90	90	7706229
510	510	898	90	90	7706235
512	510	906	90	90	7706241
514	510	906	90	90	7706247
516	509	910	90	90	7706254
518	509	914	90	90	7706260
520	509	918	90	90	7706266
522	509	922	90	90	7706272
524	509	926	90	90	7706279
525	509	930	90	90	7706285
527	509	938	90	90	7706291
529	509	942	90	90	7706297
531	509	946	90	90	7706304
532	509	950	90	90	7706310
534	509	954	90	90	7706316
536	509	958	90	90	7706322
538	509	958	90	90	7706329
540	509	962	90	90	7706335
542	509	962	90	90	7706341
544	510	966	90	90	7706347
546	510	966	90	90	7706354
548	510	970	90	90	7706360
549	510	970	90	90	7706366
550	510	974	90	90	7706372
551	511	974	90	90	7706379
552	511	976	90	90	7706391
553	511	967	90	90	7706410
554	512	779	90	90	7706429
553	512	374	90	90	7706441
552	514	48	90	90	7706454
201
629	555	237	90	90	7707029
628	555	513	90	90	7707041
627	555	604	90	90	7707054
625	556	648	90	90	7707066
624	556	668	90	90	7707072
622	557	680	90	90	7707079
621	557	692	90	90	7707085
620	557	700	90	90	7707091
618	558	712	90	90	7707097
617	558	724	90	90	7707104
615	558	733	90	90	7707110
614	559	741	90	90	7707116
612	559	749	90	90	7707122
611	559	753	90	90	7707129
609	559	761	90	90	7707135
607	560	765	90	90	7707141
606	560	765	90	90	7707147
604	560	769	90	90	7707154
603	560	773	90	90	7707160
601	560	777	90	90	7707166
599	560	781	90	90	7707172
598	560	785	90	90	7707179
596	559	789	90	90	7707185
594	559	793	90	90	7707191
592	559	797	90	90	7707197
590	558	801	90	90	7707204
588	558	805	90	90	7707210
587	557	809	90	90	7707216
585	557	813	90	90	7707222
584	556	813	90	90	7707229
582	556	817	90	90	7707235
581	555	817	90	90	7707241
580	555	821	90	90	7707247
579	554	825	90	90	7707254
578	553	825	90	90	7707260
576	552	829	90	90	7707266
575	551	833	90	90	7707272
574	550	837	90	90	7707279
573	549	841	90	90	7707285
572	548	845	90	90	7707291
570	547	853	90	90	7707297
569	545	857	90	90	7707304
567	544	861	90	90	7707310
566	542	865	90	90	7707316
565	541	869	90	90	7707322
563	539	873	90	90	7707329
562	538	878	90	90	7707335
561	536	882	90	90	7707341
560	534	886	90	90	7707347
559	533	890	90	90	7707354
558	532	898	90	90	7707360
557	530	902	90	90	7707366
556	529	906	90	90	7707372
556	527	910	90	90	7707379
555	526	914	90	90	7707385
554	524	918	90	90	7707391
553	523	922	90	90	7707397
553	521	926	90	90	7707404
552	519	926	90	90	7707410
552	517	930	90	90	7707416
552	515	934	90	90	7707422
551	513	934	90	90	7707429
551	511	938	90	90	7707435
551	509	942	90	90	7707441
552	507	942	90	90	7707447
552	505	946	90	90	7707454
552	503	950	90	90	7707460
552	502	950	90	90	7707466
552	500	954	90	90	7707472
552	499	954	90	90	7707479
552	497	958	90	90	7707485
553	495	958	90	90	7707491
553	493	958	90	90	7707497
553	491	962	90	90	7707504
554	490	962	90	90	7707510
555	488	966	90	90	7707516
556	486	966	90	90	7707522
556	484	966	90	90	7707529
557	483	970	90	90	7707535
558	481	970	90	90	7707541
559	480	970	90	90	7707547
560	478	974	90	90	7707554
561	477	974	90	90	7707560
563	476	974	90	90	7707566
564	474	978	90	90	7707572
565	473	978	90	90	7707579
567	472	978	90	90	7707585
568	471	982	90	90	7707591
570	470	982	90	90	7707597
571	469	982	90	90	7707604
572	468	982	90	90	7707610
574	468	986	90	90	7707616
575	467	986	90	90	7707622
577	466	986	90	90	7707629
578	466	986	90	90	7707635
579	465	990	90	90	7707641
581	465	990	90	90	7707647
583	464	990	90	90	7707654
584	464	990	90	90	7707660
586	464	990	90	90	7707666
588	464	990	90	90	7707672
590	464	994	90	90	7707679
592	464	994	90	90	7707685
594	464	994	90	90	7707691
596	464	994	90	90	7707697
598	464	994	90	90	7707704
600	464	994	90	90	7707710
602	464	998	90	90	7707716
604	464	998	90	90	7707722
605	464	998	90	90	7707729
607	464	998	90	90	7707735
609	465	998	90	90	7707741
610	465	998	90	90	7707747
612	465	1002	90	90	7707754
614	466	1002	90	90	7707760
615	467	1002	90	90	7707766
617	467	1002	90	90	7707772
619	468	1002	90	90	7707779
620	469	1006	90	90	7707785
622	469	1006	90	90	7707791
623	470	1006	90	90	7707797
625	471	1006	90	90	7707804
626	472	1006	90	90	7707810
627	473	1006	90	90	7707816
629	474	1006	90	90	7707822
630	475	1006	90	90	7707829
631	476	1006	90	90	7707835
632	477	1006	90	90	7707841
633	479	1006	90	90	7707847
634	480	1006	90	90	7707854
635	481	1006	90	90	7707860
636	482	1006	90	90	7707866
637	484	1006	90	90	7707872
638	485	1006	90	90	7707879
639	487	1006	90	90	7707885
639	489	1010	90	90	7707891
640	490	1010	90	90	7707897
640	492	1010	90	90	7707904
641	494	1010	90	90	7707910
641	495	1010	90	90	7707916
641	497	1010	90	90	7707922
641	498	1010	90	90	7707929
641	500	1010	90	90	7707935
641	501	1010	90	90	7707941
641	502	1010	90	90	7707947
641	504	1010	90	90	7707954
641	505	1014	90	90	7707960
641	507	1014	90	90	7707966
641	508	1014	90	90	7707972
641	510	1014	90	90	7707979
641	512	1014	90	90	7707985
641	513	1014	90	90	7707991
641	515	1014	90	90	7707997
640	516	1014	90	90	7708004
640	518	1014	90	90	7708010
640	519	1014	90	90	7708016
640	520	1014	90	90	7708022
639	522	1014	90	90	7708029
639	523	1014	90	90	7708035
639	524	1023	90	90	7708041
638	525	1023	90	90	7708047
638	526	1023	90	90	7708054
637	527	1023	90	90	7708060
637	528	1023	90	90	7708066
636	529	1023	90	90	7708072
635	530	1023	90	90	7708085
634	532	1023	90	90	7708091
634	533	1023	90	90	7708097
633	533	1023	90	90	7708104
632	534	1023	90	90	7708110
632	535	1023	90	90	7708116
631	536	1023	90	90	7708122
631	537	1023	90	90	7708129
630	538	1023	90	90	7708135
630	539	1023	90	90	7708141
629	540	1023	90	90	7708147
629	541	1023	90	90	7708154
628	542	1023	90	90	7708172
627	544	1023	90	90	7708185
625	545	1023	90	90	7708191
624	546	1023	90	90	7708197
623	546	1023	90	90	7708204
623	547	1023	90	90	7708210
622	548	1023	90	90	7708216
621	548	1023	90	90	7708222
620	549	1023	90	90	7708229
618	549	1023	90	90	7708235
617	550	1023	90	90	7708241
616	550	1023	90	90	7708247
615	551	1023	90	90	7708254
614	551	1023	90	90	7708260
613	552	1023	90	90	7708279
611	553	1023	90	90	7708291
610	554	1023	90	90	7708304
608	555	1023	90	90	7708322
606	555	1023	90	90	7708335
605	555	1023	90	90	7708347
603	555	1021	90	90	7708379
601	555	966	90	90	7708391
600	554	708	90	90	7708404
600	553	195	90	90	7708429
62
637	505	293	90	90	7709197
638	506	511	90	90	7709204
639	506	539	90	90	7709210
640	506	571	90	90	7709216
642	506	604	90	90	7709222
643	506	628	90	90	7709229
645	506	652	90	90	7709235
647	506	672	90	90	7709241
648	507	692	90	90	7709247
650	507	708	90	90	7709254
652	507	728	90	90	7709260
655	507	745	90	90	7709266
657	507	757	90	90	7709272
659	507	765	90	90	7709279
661	507	777	90	90	7709285
664	507	785	90	90	7709291
666	507	793	90	90	7709297
669	507	797	90	90	7709304
671	507	801	90	90	7709310
674	507	805	90	90	7709316
676	506	809	90	90	7709322
678	506	813	90	90	7709329
681	506	817	90	90	7709335
683	506	821	90	90	7709341
685	506	821	90	90	7709347
688	506	825	90	90	7709354
690	506	829	90	90	7709360
692	506	829	90	90	7709366
695	505	833	90	90	7709372
697	505	837	90	90	7709379
700	505	837	90	90	7709385
702	505	841	90	90	7709391
705	505	841	90	90	7709397
707	505	845	90	90	7709404
709	505	845	90	90	7709410
711	505	845	90	90	7709416
713	505	849	90	90	7709422
715	505	849	90	90	7709429
718	505	849	90	90	7709435
720	505	849	90	90	7709441
722	505	853	90	90	7709447
725	505	853	90	90	7709454
727	505	857	90	90	7709460
729	505	861	90	90	7709466
731	505	861	90	90	7709472
734	505	865	90	90	7709479
736	505	869	90	90	7709485
738	505	869	90	90	7709491
740	505	873	90	90	7709497
741	505	878	90	90	7709504
743	505	882	90	90	7709510
745	505	882	90	90	7709516
746	505	886	90	90	7709522
748	505	890	90	90	7709529
749	505	890	90	90	7709535
751	504	894	90	90	7709541
752	504	894	90	90	7709547
753	504	887	90	90	7709566
754	504	676	90	90	7709585
753	504	366	90	90	7709591
752	504	193	90	90	7709597
751	505	6	90	90	7709610
21
666	553	233	90	90	7710160
667	553	523	90	90	7710166
668	553	567	90	90	7710172
669	553	608	90	90	7710179
671	553	644	90	90	7710185
673	553	684	90	90	7710191
675	553	724	90	90	7710197
678	553	753	90	90	7710204
681	553	769	90	90	7710210
685	553	785	90	90	7710216
688	553	797	90	90	7710222
691	553	809	90	90	7710229
694	553	817	90	90	7710235
697	553	825	90	90	7710241
700	553	825	90	90	7710247
702	553	829	90	90	7710254
704	553	829	90	90	7710260
705	553	829	90	90	7710266
706	553	733	90	90	7710304
705	552	317	90	90	7710316
703	552	44	90	90	7710329
23
689	570	96	90	90	7710572
689	571	387	90	90	7710604
688	570	588	90	90	7710610
688	569	620	90	90	7710616
688	567	652	90	90	7710622
688	566	680	90	90	7710629
688	564	708	90	90	7710635
688	561	737	90	90	7710641
688	559	753	90	90	7710647
688	556	769	90	90	7710654
688	553	785	90	90	7710660
688	550	801	90	90	7710666
688	547	817	90	90	7710672
688	544	829	90	90	7710679
687	541	841	90	90	7710685
687	539	853	90	90	7710691
686	537	865	90	90	7710697
686	535	873	90	90	7710704
685	533	886	90	90	7710710
685	531	890	90	90	7710716
684	530	896	90	90	7710729
684	529	690	90	90	7710785
684	530	12	90	90	7710797
2
264	399	12	90	90	7716563
264	398	245	90	90	7716626
6
1
595	525	0	90	90	7956611
51
497	488	80	90	90	7957298
496	488	425	90	90	7957355
497	488	610	90	90	7957367
498	487	640	90	90	7957373
499	487	660	90	90	7957380
500	487	672	90	90	7957386
501	486	688	90	90	7957392
502	486	700	90	90	7957398
503	486	712	90	90	7957405
505	486	733	90	90	7957411
506	486	745	90	90	7957417
508	486	757	90	90	7957423
509	486	765	90	90	7957430
511	486	777	90	90	7957436
513	486	785	90	90	7957442
515	485	793	90	90	7957448
518	485	801	90	90	7957455
520	485	809	90	90	7957461
522	485	813	90	90	7957467
524	485	821	90	90	7957473
526	485	825	90	90	7957480
528	485	829	90	90	7957486
531	485	833	90	90	7957492
533	485	833	90	90	7957498
535	485	837	90	90	7957505
538	484	841	90	90	7957511
540	484	841	90	90	7957517
543	484	845	90	90	7957523
545	484	845	90	90	7957530
548	484	849	90	90	7957536
550	484	849	90	90	7957542
552	484	853	90	90	7957548
554	484	857	90	90	7957555
556	484	857	90	90	7957561
559	484	861	90	90	7957567
561	484	865	90	90	7957573
563	484	865	90	90	7957580
566	484	869	90	90	7957586
568	484	869	90	90	7957592
571	484	873	90	90	7957598
573	484	878	90	90	7957605
575	484	878	90	90	7957611
577	484	882	90	90	7957617
579	484	882	90	90	7957623
580	484	882	90	90	7957630
581	484	886	90	90	7957636
583	484	886	90	90	7957642
584	484	886	90	90	7957655
585	485	890	90	90	7957667
586	485	758	90	90	7957705
585	485	161	90	90	7957723
237
660	531	72	90	90	7958148
661	532	227	90	90	7958161
660	533	386	90	90	7958173
660	534	495	90	90	7958186
659	535	567	90	90	7958198
658	535	608	90	90	7958211
656	536	634	90	90	7958223
655	537	650	90	90	7958236
654	537	660	90	90	7958242
653	538	664	90	90	7958248
652	538	668	90	90	7958255
651	538	668	90	90	7958261
649	538	672	90	90	7958267
648	538	672	90	90	7958273
646	538	672	90	90	7958280
645	538	672	90	90	7958286
643	538	672	90	90	7958292
642	538	676	90	90	7958298
640	538	676	90	90	7958305
638	538	676	90	90	7958311
637	537	676	90	90	7958317
635	537	680	90	90	7958323
634	537	680	90	90	7958330
632	537	684	90	90	7958336
631	537	684	90	90	7958342
629	537	684	90	90	7958348
628	537	688	90	90	7958355
626	536	688	90	90	7958361
625	536	688	90	90	7958367
623	536	692	90	90	7958373
621	535	692	90	90	7958380
620	535	692	90	90	7958386
618	534	696	90	90	7958392
616	534	696	90	90	7958398
615	534	700	90	90	7958405
613	533	704	90	90	7958411
612	533	708	90	90	7958417
611	532	708	90	90	7958423
609	531	712	90	90	7958430
608	531	720	90	90	7958436
607	530	724	90	90	7958442
606	530	724	90	90	7958448
605	530	728	90	90	7958455
604	529	728	90	90	7958461
602	528	733	90	90	7958467
601	527	733	90	90	7958473
600	526	737	90	90	7958480
599	526	737	90	90	7958486
598	525	741	90	90	7958492
597	523	741	90	90	7958498
596	522	745	90	90	7958505
594	521	749	90	90	7958511
593	520	749	90	90	7958517
592	519	757	90	90	7958523
591	517	761	90	90	7958530
590	516	765	90	90	7958536
589	515	769	90	90	7958542
588	513	773	90	90	7958548
587	512	781	90	90	7958555
586	510	785	90	90	7958561
585	508	789	90	90	7958567
584	507	793	90	90	7958573
583	505	801	90	90	7958580
583	504	805	90	90	7958586
582	502	809	90	90	7958592
581	500	813	90	90	7958598
580	499	821	90	90	7958605
579	497	825	90	90	7958611
579	496	829	90	90	7958617
579	494	837	90	90	7958623
578	492	841	90	90	7958630
578	490	845	90	90	7958636
578	488	849	90	90	7958642
578	486	853	90	90	7958648
578	484	853	90	90	7958655
578	482	857	90	90	7958661
578	480	861	90	90	7958667
578	478	865	90	90	7958673
578	476	873	90	90	7958680
578	474	878	90	90	7958686
578	472	882	90	90	7958692
578	471	886	90	90	7958698
578	469	890	90	90	7958705
578	467	894	90	90	7958711
578	465	898	90	90	7958717
579	463	902	90	90	7958723
579	461	902	90	90	7958730
580	459	906	90	90	7958736
580	457	906	90	90	7958742
581	456	910	90	90	7958748
582	454	914	90	90	7958755
583	453	914	90	90	7958761
584	451	918	90	90	7958767
585	450	922	90	90	7958773
586	448	926	90	90	7958780
587	447	926	90	90	7958786
588	446	930	90	90	7958792
590	444	934	90	90	7958798
591	443	934	90	90	7958805
593	442	934	90	90	7958811
594	441	938	90	90	7958817
596	440	938	90	90	7958823
598	439	938	90	90	7958830
599	438	938	90	90	7958836
601	437	938	90	90	7958842
602	436	942	90	90	7958848
604	435	942	90	90	7958855
605	435	942	90	90	7958861
607	434	942	90	90	7958867
608	433	942	90	90	7958873
610	433	942	90	90	7958880
611	432	942	90	90	7958886
613	432	942	90	90	7958892
615	432	946	90	90	7958898
617	432	946	90	90	7958905
619	432	946	90	90	7958911
621	432	946	90	90	7958917
623	432	946	90	90	7958923
625	432	946	90	90	7958930
626	432	946	90	90	7958936
628	432	946	90	90	7958942
630	432	946	90	90	7958948
631	432	946	90	90	7958955
633	432	950	90	90	7958961
634	433	950	90	90	7958967
636	433	950	90	90	7958973
638	433	950	90	90	7958980
640	434	950	90	90	7958986
641	434	950	90	90	7958992
643	434	950	90	90	7958998
644	435	950	90	90	7959005
646	435	950	90	90	7959011
647	436	950	90	90	7959017
649	436	950	90	90	7959023
650	437	954	90	90	7959030
652	438	954	90	90	7959036
653	439	954	90	90	7959042
654	440	954	90	90	7959048
655	440	954	90	90	7959055
656	441	954	90	90	7959061
657	442	954	90	90	7959067
659	443	954	90	90	7959073
660	444	954	90	90	7959080
661	444	958	90	90	7959086
662	445	958	90	90	7959092
663	446	958	90	90	7959098
664	447	954	90	90	7959105
665	448	954	90	90	7959111
666	449	954	90	90	7959117
667	449	954	90	90	7959123
668	450	950	90	90	7959130
669	451	950	90	90	7959136
670	452	950	90	90	7959142
672	453	950	90	90	7959148
673	454	950	90	90	7959155
674	455	950	90	90	7959161
675	456	950	90	90	7959167
676	458	950	90	90	7959173
676	459	950	90	90	7959180
677	460	950	90	90	7959186
678	462	954	90	90	7959192
679	463	954	90	90	7959198
679	464	954	90	90	7959205
680	466	954	90	90	7959211
680	467	954	90	90	7959217
680	468	954	90	90	7959223
681	469	958	90	90	7959230
681	471	958	90	90	7959236
681	472	958	90	90	7959242
681	473	958	90	90	7959248
682	474	958	90	90	7959255
682	476	958	90	90	7959261
682	477	958	90	90	7959267
682	478	954	90	90	7959273
682	480	954	90	90	7959280
682	481	954	90	90	7959286
683	483	954	90	90	7959292
683	485	958	90	90	7959298
683	486	958	90	90	7959305
683	488	958	90	90	7959311
683	489	958	90	90	7959317
683	491	958	90	90	7959323
683	492	958	90	90	7959330
683	494	962	90	90	7959336
682	495	962	90	90	7959342
682	496	962	90	90	7959348
682	498	962	90	90	7959355
682	499	962	90	90	7959361
682	500	962	90	90	7959367
681	502	962	90	90	7959373
681	503	962	90	90	7959380
681	504	962	90	90	7959386
681	505	962	90	90	7959392
680	506	962	90	90	7959398
680	508	962	90	90	7959405
679	509	962	90	90	7959411
679	510	966	90	90	7959417
678	511	966	90	90	7959423
678	512	966	90	90	7959430
677	514	966	90	90	7959436
677	515	966	90	90	7959442
676	516	966	90	90	7959448
675	517	970	90	90	7959455
675	518	970	90	90	7959461
674	519	970	90	90	7959467
673	520	970	90	90	7959473
672	521	970	90	90	7959480
671	522	974	90	90	7959486
670	522	974	90	90	7959492
669	523	974	90	90	7959498
668	524	974	90	90	7959505
667	525	974	90	90	7959511
666	526	978	90	90	7959517
665	526	978	90	90	7959523
665	527	978	90	90	7959530
664	528	978	90	90	7959536
663	528	978	90	90	7959548
661	530	978	90	90	7959555
660	530	978	90	90	7959567
659	531	980	90	90	7959580
657	533	982	90	90	7959586
656	533	982	90	90	7959592
655	534	982	90	90	7959605
654	535	982	90	90	7959611
653	535	982	90	90	7959617
652	536	982	90	90	7959623
651	536	982	90	90	7959630
650	537	982	90	90	7959642
649	537	982	90	90	7959648
648	537	982	90	90	7959655
647	537	978	90	90	7959661
646	537	970	90	90	7959667
645	537	954	90	90	7959673
644	536	873	90	90	7959686
642	535	676	90	90	7959692
641	534	434	90	90	7959705
640	533	55	90	90	7959723
87
681	481	180	90	90	7960323
681	482	399	90	90	7960348
682	483	495	90	90	7960361
684	483	531	90	90	7960367
685	483	551	90	90	7960373
686	483	571	90	90	7960380
687	483	592	90	90	7960386
688	483	612	90	90	7960392
690	484	628	90	90	7960398
692	484	644	90	90	7960405
694	484	656	90	90	7960411
696	484	668	90	90	7960417
698	484	676	90	90	7960423
701	484	680	90	90	7960430
703	484	688	90	90	7960436
705	484	692	90	90	7960442
707	483	700	90	90	7960448
710	483	704	90	90	7960455
712	483	708	90	90	7960461
714	483	720	90	90	7960467
716	483	724	90	90	7960473
718	483	733	90	90	7960480
721	483	737	90	90	7960486
723	483	741	90	90	7960492
725	483	749	90	90	7960498
728	483	753	90	90	7960505
730	482	757	90	90	7960511
733	482	757	90	90	7960517
735	482	761	90	90	7960523
737	482	765	90	90	7960530
739	482	769	90	90	7960536
741	482	773	90	90	7960542
742	482	773	90	90	7960548
744	482	777	90	90	7960555
746	482	781	90	90	7960561
748	481	785	90	90	7960567
750	481	789	90	90	7960573
753	481	789	90	90	7960580
755	481	793	90	90	7960586
757	481	797	90	90	7960592
758	481	797	90	90	7960598
760	481	801	90	90	7960605
762	481	805	90	90	7960611
763	481	809	90	90	7960617
764	481	813	90	90	7960623
766	481	817	90	90	7960630
767	480	821	90	90	7960636
768	480	825	90	90	7960642
770	480	829	90	90	7960648
772	480	829	90	90	7960655
773	480	833	90	90	7960661
775	480	833	90	90	7960667
777	480	837	90	90	7960673
779	480	837	90	90	7960680
781	480	837	90	90	7960686
782	480	837	90	90	7960692
784	480	837	90	90	7960698
785	480	837	90	90	7960705
787	479	837	90	90	7960711
789	479	841	90	90	7960717
790	479	841	90	90	7960723
792	479	845	90	90	7960730
794	479	845	90	90	7960736
796	479	849	90	90	7960742
797	479	849	90	90	7960748
800	479	853	90	90	7960755
802	479	857	90	90	7960761
804	479	861	90	90	7960767
806	479	861	90	90	7960773
808	479	865	90	90	7960780
809	480	869	90	90	7960786
811	480	873	90	90	7960792
813	480	873	90	90	7960798
815	480	878	90	90	7960805
816	480	882	90	90	7960811
818	480	882	90	90	7960817
819	480	882	90	90	7960823
821	480	886	90	90	7960830
822	480	886	90	90	7960836
823	480	886	90	90	7960842
824	480	886	90	90	7960848
825	479	890	90	90	7960861
826	479	861	90	90	7960892
825	479	640	90	90	7960898
824	479	487	90	90	7960905
823	479	322	90	90	7960911
821	480	74	90	90	7960923
29
708	533	236	90	90	7962909
708	534	455	90	90	7962921
710	534	513	90	90	7962934
711	534	551	90	90	7962940
713	534	575	90	90	7962946
714	534	600	90	90	7962953
715	534	620	90	90	7962959
717	534	636	90	90	7962965
720	534	656	90	90	7962971
722	534	668	90	90	7962978
724	534	680	90	90	7962984
727	534	692	90	90	7962990
729	534	704	90	90	7962996
731	534	712	90	90	7963003
734	534	724	90	90	7963009
736	534	728	90	90	7963015
738	534	737	90	90	7963021
740	534	737	90	90	7963028
742	534	741	90	90	7963034
744	533	741	90	90	7963040
746	533	741	90	90	7963046
747	533	745	90	90	7963053
749	534	745	90	90	7963059
750	534	745	90	90	7963065
752	534	745	90	90	7963071
753	534	747	90	90	7963084
754	534	744	90	90	7963109
755	534	497	90	90	7963140
754	534	46	90	90	7963153
36
736	556	113	90	90	7963521
736	555	253	90	90	7963534
736	554	320	90	90	7963546
736	552	366	90	90	7963553
736	551	394	90	90	7963559
736	550	422	90	90	7963565
736	549	447	90	90	7963571
736	548	467	90	90	7963578
736	546	491	90	90	7963584
736	544	519	90	90	7963590
735	542	535	90	90	7963596
735	540	551	90	90	7963603
735	538	563	90	90	7963609
735	536	575	90	90	7963615
735	534	588	90	90	7963621
735	532	600	90	90	7963628
735	531	608	90	90	7963634
734	529	616	90	90	7963640
734	527	624	90	90	7963646
734	525	632	90	90	7963653
734	523	636	90	90	7963659
734	522	640	90	90	7963665
734	520	644	90	90	7963671
734	518	648	90	90	7963678
734	516	652	90	90	7963684
734	514	656	90	90	7963690
734	513	660	90	90	7963696
734	511	664	90	90	7963703
734	509	672	90	90	7963709
733	508	676	90	90	7963715
733	507	684	90	90	7963721
733	506	690	90	90	7963734
733	505	698	90	90	7963746
733	504	687	90	90	7963821
733	505	313	90	90	7963834
733	506	46	90	90	7963846
7
1
558	473	0	90	90	8211913
53
471	479	93	90	90	8212644
472	478	201	90	90	8212656
473	477	249	90	90	8212669
474	477	281	90	90	8212681
476	477	302	90	90	8212688
477	476	318	90	90	8212694
478	476	334	90	90	8212700
479	476	346	90	90	8212706
481	476	362	90	90	8212713
482	476	374	90	90	8212719
484	476	386	90	90	8212725
486	476	398	90	90	8212731
487	476	414	90	90	8212738
489	476	426	90	90	8212744
491	476	439	90	90	8212750
493	476	451	90	90	8212756
495	476	459	90	90	8212763
496	476	463	90	90	8212769
498	476	471	90	90	8212775
499	476	475	90	90	8212781
501	476	479	90	90	8212788
503	476	479	90	90	8212794
504	476	487	90	90	8212800
506	476	487	90	90	8212806
507	476	491	90	90	8212813
509	476	491	90	90	8212819
510	476	499	90	90	8212825
512	476	499	90	90	8212831
514	476	499	90	90	8212838
515	476	499	90	90	8212844
517	476	503	90	90	8212850
519	476	503	90	90	8212856
520	476	503	90	90	8212863
521	476	503	90	90	8212869
522	476	511	90	90	8212875
524	476	515	90	90	8212881
525	476	519	90	90	8212888
526	476	523	90	90	8212894
528	476	527	90	90	8212900
529	476	531	90	90	8212906
530	476	539	90	90	8212913
532	476	547	90	90	8212919
533	476	551	90	90	8212925
535	476	559	90	90	8212931
536	476	563	90	90	8212938
538	475	567	90	90	8212944
539	475	571	90	90	8212950
541	475	575	90	90	8212956
542	474	575	90	90	8212963
544	474	583	90	90	8212969
545	474	583	90	90	8212975
546	473	571	90	90	8212981
547	473	266	90	90	8213019
232
617	524	24	90	90	8213544
617	525	105	90	90	8213563
616	525	181	90	90	8213575
615	526	223	90	90	8213588
614	527	255	90	90	8213600
613	528	279	90	90	8213613
611	528	294	90	90	8213619
610	529	298	90	90	8213625
609	529	306	90	90	8213631
608	529	318	90	90	8213638
607	529	326	90	90	8213644
606	529	338	90	90	8213650
605	529	346	90	90	8213656
604	529	350	90	90	8213663
603	529	362	90	90	8213669
602	529	366	90	90	8213675
601	529	370	90	90	8213681
600	529	374	90	90	8213688
599	529	378	90	90	8213694
598	529	382	90	90	8213700
596	529	386	90	90	8213706
595	529	390	90	90	8213713
594	529	394	90	90	8213719
592	529	398	90	90	8213725
591	529	398	90	90	8213731
589	529	402	90	90	8213738
588	529	402	90	90	8213744
586	529	402	90	90	8213750
585	529	402	90	90	8213756
584	529	406	90	90	8213763
583	529	406	90	90	8213769
581	529	406	90	90	8213775
580	529	406	90	90	8213781
579	529	406	90	90	8213788
578	529	406	90	90	8213794
577	529	406	90	90	8213800
575	528	406	90	90	8213806
574	528	406	90	90	8213813
573	528	406	90	90	8213819
572	527	402	90	90	8213825
570	527	402	90	90	8213831
569	526	406	90	90	8213838
568	525	406	90	90	8213844
566	525	406	90	90	8213850
565	524	414	90	90	8213856
564	524	414	90	90	8213863
563	523	418	90	90	8213869
562	523	422	90	90	8213875
561	523	424	90	90	8213888
559	522	426	90	90	8213900
558	520	426	90	90	8213913
556	519	426	90	90	8213919
555	518	430	90	90	8213925
555	517	430	90	90	8213931
554	516	430	90	90	8213938
553	515	430	90	90	8213944
552	514	430	90	90	8213950
551	512	439	90	90	8213956
551	511	439	90	90	8213963
550	511	443	90	90	8213969
549	510	449	90	90	8213981
548	508	459	90	90	8213994
547	507	471	90	90	8214006
546	505	493	90	90	8214019
545	503	511	90	90	8214025
544	503	519	90	90	8214031
544	502	523	90	90	8214038
543	501	531	90	90	8214044
543	500	535	90	90	8214050
542	498	543	90	90	8214056
542	497	547	90	90	8214063
541	496	555	90	90	8214069
541	494	563	90	90	8214075
541	493	571	90	90	8214081
540	491	583	90	90	8214088
540	490	592	90	90	8214094
540	488	600	90	90	8214100
540	486	608	90	90	8214106
539	485	612	90	90	8214113
539	483	620	90	90	8214119
539	482	628	90	90	8214125
539	480	636	90	90	8214131
539	479	644	90	90	8214138
538	478	652	90	90	8214144
538	476	656	90	90	8214150
538	475	664	90	90	8214156
538	474	672	90	90	8214163
538	472	680	90	90	8214169
538	471	684	90	90	8214175
538	470	692	90	90	8214181
538	468	696	90	90	8214188
538	466	700	90	90	8214194
538	465	704	90	90	8214200
538	464	708	90	90	8214206
539	462	712	90	90	8214213
539	461	712	90	90	8214219
539	460	720	90	90	8214225
540	458	724	90	90	8214231
540	457	728	90	90	8214238
541	456	728	90	90	8214244
542	455	733	90	90	8214250
542	454	737	90	90	8214256
543	454	743	90	90	8214269
545	452	749	90	90	8214275
546	451	753	90	90	8214281
547	451	753	90	90	8214288
547	450	757	90	90	8214294
548	450	759	90	90	8214306
550	449	761	90	90	8214313
550	448	765	90	90	8214319
551	448	765	90	90	8214325
552	447	769	90	90	8214331
553	447	773	90	90	8214338
554	446	773	90	90	8214344
555	445	773	90	90	8214350
556	445	777	90	90	8214356
558	444	777	90	90	8214363
559	444	777	90	90	8214369
560	443	777	90	90	8214375
561	443	777	90	90	8214381
563	442	781	90	90	8214388
564	442	781	90	90	8214394
566	442	781	90	90	8214400
567	441	781	90	90	8214406
568	441	781	90	90	8214413
570	441	781	90	90	8214419
571	441	781	90	90	8214425
573	440	785	90	90	8214431
574	440	785	90	90	8214438
575	440	785	90	90	8214444
576	440	785	90	90	8214450
577	440	785	90	90	8214456
579	440	789	90	90	8214463
580	440	789	90	90	8214469
581	440	789	90	90	8214475
582	440	789	90	90	8214481
584	441	789	90	90	8214488
585	441	789	90	90	8214494
587	441	793	90	90	8214500
588	441	793	90	90	8214506
590	442	793	90	90	8214513
591	442	793	90	90	8214519
593	442	793	90	90	8214525
594	443	793	90	90	8214531
596	443	793	90	90	8214538
598	444	793	90	90	8214544
599	444	793	90	90	8214550
600	444	793	90	90	8214556
602	445	793	90	90	8214563
603	445	797	90	90	8214569
605	446	797	90	90	8214575
606	447	797	90	90	8214581
607	448	793	90	90	8214588
608	448	793	90	90	8214594
610	449	793	90	90	8214600
611	449	789	90	90	8214606
612	450	789	90	90	8214613
614	451	789	90	90	8214619
615	451	785	90	90	8214625
616	452	785	90	90	8214631
618	452	785	90	90	8214638
619	453	785	90	90	8214644
620	454	785	90	90	8214650
621	455	785	90	90	8214656
622	455	785	90	90	8214663
623	456	785	90	90	8214669
624	457	785	90	90	8214675
625	458	785	90	90	8214681
626	459	785	90	90	8214688
626	460	789	90	90	8214694
627	462	789	90	90	8214700
627	463	789	90	90	8214706
628	464	789	90	90	8214713
628	465	789	90	90	8214719
628	466	793	90	90	8214725
629	467	793	90	90	8214731
629	469	793	90	90	8214738
629	470	793	90	90	8214744
629	471	793	90	90	8214750
630	472	793	90	90	8214756
630	473	793	90	90	8214763
630	474	793	90	90	8214769
630	475	793	90	90	8214775
630	476	789	90	90	8214781
630	478	789	90	90	8214788
630	479	789	90	90	8214800
630	481	789	90	90	8214806
631	482	789	90	90	8214813
631	483	789	90	90	8214819
631	484	789	90	90	8214825
631	486	789	90	90	8214831
631	487	793	90	90	8214838
631	489	793	90	90	8214844
630	490	793	90	90	8214850
630	491	793	90	90	8214856
630	493	793	90	90	8214863
630	494	793	90	90	8214869
630	495	793	90	90	8214875
629	496	797	90	90	8214881
629	497	797	90	90	8214888
628	498	797	90	90	8214894
628	499	797	90	90	8214900
627	500	797	90	90	8214906
627	501	797	90	90	8214913
626	502	797	90	90	8214919
625	502	797	90	90	8214925
625	503	797	90	90	8214931
624	504	797	90	90	8214944
623	506	797	90	90	8214950
623	507	801	90	90	8214956
622	508	801	90	90	8214969
621	509	801	90	90	8214975
621	510	801	90	90	8214981
620	511	805	90	90	8214988
619	512	805	90	90	8214994
619	513	805	90	90	8215000
618	513	805	90	90	8215006
617	514	809	90	90	8215013
617	515	809	90	90	8215025
616	517	813	90	90	8215038
614	518	815	90	90	8215050
613	519	817	90	90	8215063
612	520	821	90	90	8215075
610	521	821	90	90	8215088
609	521	821	90	90	8215100
608	522	821	90	90	8215113
607	523	825	90	90	8215125
606	523	825	90	90	8215138
605	524	825	90	90	8215150
604	524	828	90	90	8215181
603	525	769	90	90	8215244
602	524	146	90	90	8215269
68
629	476	228	90	90	8216063
630	476	422	90	90	8216075
632	476	459	90	90	8216081
633	476	479	90	90	8216088
634	476	511	90	90	8216094
635	476	527	90	90	8216100
637	476	543	90	90	8216106
639	476	559	90	90	8216113
641	476	571	90	90	8216119
643	476	588	90	90	8216125
645	476	596	90	90	8216131
647	476	604	90	90	8216138
649	476	612	90	90	8216144
651	476	620	90	90	8216150
653	476	624	90	90	8216156
656	476	628	90	90	8216163
658	476	636	90	90	8216169
660	476	640	90	90	8216175
662	476	644	90	90	8216181
664	476	648	90	90	8216188
666	476	652	90	90	8216194
668	476	656	90	90	8216200
670	476	660	90	90	8216206
672	476	664	90	90	8216213
674	476	668	90	90	8216219
676	476	672	90	90	8216225
678	476	680	90	90	8216231
680	476	688	90	90	8216238
681	476	692	90	90	8216244
683	476	700	90	90	8216250
685	476	708	90	90	8216256
686	476	720	90	90	8216263
688	476	728	90	90	8216269
690	476	733	90	90	8216275
691	476	737	90	90	8216281
693	476	741	90	90	8216288
695	476	745	90	90	8216294
697	476	749	90	90	8216300
699	476	753	90	90	8216306
700	476	753	90	90	8216313
702	476	757	90	90	8216319
704	476	757	90	90	8216325
705	476	761	90	90	8216331
707	476	765	90	90	8216338
708	476	765	90	90	8216344
710	476	769	90	90	8216350
711	476	773	90	90	8216356
713	476	777	90	90	8216363
714	476	781	90	90	8216369
715	476	785	90	90	8216375
717	475	785	90	90	8216381
718	475	789	90	90	8216388
720	475	793	90	90	8216394
721	475	797	90	90	8216400
723	475	801	90	90	8216406
725	474	805	90	90	8216413
726	474	805	90	90	8216419
728	474	809	90	90	8216425
730	474	813	90	90	8216431
731	474	813	90	90	8216438
732	474	817	90	90	8216444
734	474	817	90	90	8216450
735	474	821	90	90	8216463
736	474	821	90	90	8216481
737	474	733	90	90	8216506
735	473	447	90	90	8216513
734	473	294	90	90	8216519
733	473	66	90	90	8216531
25
650	521	164	90	90	8217131
651	522	326	90	90	8217144
652	522	394	90	90	8217150
653	522	439	90	90	8217156
654	522	475	90	90	8217163
655	522	519	90	90	8217169
656	522	547	90	90	8217175
658	522	571	90	90	8217181
660	522	596	90	90	8217188
662	522	612	90	90	8217194
665	522	628	90	90	8217200
667	522	640	90	90	8217206
670	522	648	90	90	8217213
673	522	656	90	90	8217219
676	522	660	90	90	8217225
678	522	664	90	90	8217231
681	522	664	90	90	8217238
683	523	664	90	90	8217244
685	523	668	90	90	8217250
687	523	668	90	90	8217256
688	523	668	90	90	8217263
690	523	668	90	90	8217269
691	523	668	90	90	8217281
692	523	528	90	90	8217331
691	524	36	90	90	8217344
31
672	546	64	90	90	8217650
672	547	194	90	90	8217688
672	545	310	90	90	8217700
672	543	362	90	90	8217706
672	542	386	90	90	8217713
672	541	414	90	90	8217719
672	539	443	90	90	8217725
671	538	463	90	90	8217731
671	536	491	90	90	8217738
671	534	519	90	90	8217744
670	532	543	90	90	8217750
670	530	563	90	90	8217756
670	528	588	90	90	8217763
669	525	604	90	90	8217769
669	523	620	90	90	8217775
669	521	636	90	90	8217781
668	518	648	90	90	8217788
668	515	660	90	90	8217794
668	513	672	90	90	8217800
668	511	680	90	90	8217806
668	509	688	90	90	8217813
668	507	696	90	90	8217819
668	505	704	90	90	8217825
668	504	712	90	90	8217831
668	502	720	90	90	8217838
668	501	724	90	90	8217844
668	500	730	90	90	8217856
668	499	735	90	90	8217869
668	498	654	90	90	8217913
669	498	208	90	90	8217925
669	499	0	90	90	8217938
3
260	396	48	90	90	8221581
259	397	169	90	90	8221637
260	397	12	90	90	8221649
7
1
638	565	0	90	90	8423443
39
494	508	24	90	90	8424124
493	508	342	90	90	8424187
495	508	513	90	90	8424199
496	508	539	90	90	8424205
497	508	559	90	90	8424212
499	509	575	90	90	8424218
500	509	596	90	90	8424224
502	509	612	90	90	8424230
503	509	628	90	90	8424237
505	509	644	90	90	8424243
507	509	656	90	90	8424249
509	509	664	90	90	8424255
511	509	676	90	90	8424262
513	509	684	90	90	8424268
516	509	692	90	90	8424274
518	509	700	90	90	8424280
520	509	708	90	90	8424287
522	509	720	90	90	8424293
525	509	724	90	90	8424299
527	509	728	90	90	8424305
529	509	733	90	90	8424312
531	509	737	90	90	8424318
533	509	741	90	90	8424324
536	509	745	90	90	8424330
538	509	745	90	90	8424337
540	508	749	90	90	8424343
542	508	753	90	90	8424349
543	508	757	90	90	8424355
545	508	757	90	90	8424362
547	508	761	90	90	8424368
548	508	765	90	90	8424374
549	508	769	90	90	8424380
550	508	773	90	90	8424387
551	508	773	90	90	8424393
552	508	779	90	90	8424405
553	509	779	90	90	8424424
554	509	622	90	90	8424449
553	509	223	90	90	8424462
552	510	0	90	90	8424474
229
637	556	4	90	90	8424918
638	556	130	90	90	8424930
638	557	270	90	90	8424949
637	558	368	90	90	8424962
636	559	422	90	90	8424974
636	560	459	90	90	8424987
634	561	495	90	90	8424999
633	562	523	90	90	8425012
631	563	535	90	90	8425018
630	564	539	90	90	8425024
629	564	543	90	90	8425030
628	565	547	90	90	8425037
627	565	551	90	90	8425043
626	566	559	90	90	8425049
625	566	563	90	90	8425055
624	567	567	90	90	8425062
622	567	571	90	90	8425068
621	567	575	90	90	8425074
619	567	583	90	90	8425080
617	568	588	90	90	8425087
616	568	588	90	90	8425093
614	568	592	90	90	8425099
612	568	596	90	90	8425105
610	568	596	90	90	8425112
609	568	600	90	90	8425118
607	568	600	90	90	8425124
606	568	600	90	90	8425130
604	567	604	90	90	8425137
602	567	604	90	90	8425143
601	567	604	90	90	8425149
599	567	608	90	90	8425155
598	566	608	90	90	8425162
597	566	612	90	90	8425168
595	566	616	90	90	8425174
594	565	620	90	90	8425180
592	565	624	90	90	8425187
590	564	628	90	90	8425193
589	564	632	90	90	8425199
587	563	636	90	90	8425205
586	563	636	90	90	8425212
585	562	640	90	90	8425218
584	562	640	90	90	8425224
583	561	640	90	90	8425230
581	561	640	90	90	8425237
580	560	640	90	90	8425249
579	559	644	90	90	8425255
578	559	644	90	90	8425262
577	558	644	90	90	8425268
576	557	644	90	90	8425274
575	557	644	90	90	8425280
574	556	648	90	90	8425287
573	556	652	90	90	8425293
572	555	656	90	90	8425299
571	554	660	90	90	8425305
570	553	664	90	90	8425312
569	553	672	90	90	8425318
568	552	676	90	90	8425324
567	551	680	90	90	8425330
566	550	684	90	90	8425337
564	550	688	90	90	8425343
563	549	692	90	90	8425349
562	548	696	90	90	8425355
561	547	700	90	90	8425362
560	545	704	90	90	8425368
559	544	708	90	90	8425374
559	543	712	90	90	8425380
558	541	720	90	90	8425387
557	539	724	90	90	8425393
556	538	728	90	90	8425399
555	536	733	90	90	8425405
554	534	737	90	90	8425412
554	533	741	90	90	8425418
553	531	745	90	90	8425424
553	530	749	90	90	8425430
552	528	753	90	90	8425437
552	527	761	90	90	8425443
551	525	765	90	90	8425449
551	523	769	90	90	8425455
551	521	773	90	90	8425462
550	519	773	90	90	8425468
550	517	777	90	90	8425474
550	515	781	90	90	8425480
550	512	785	90	90	8425487
550	510	785	90	90	8425493
550	508	789	90	90	8425499
550	506	793	90	90	8425505
550	504	793	90	90	8425512
550	503	797	90	90	8425518
550	501	801	90	90	8425524
550	499	805	90	90	8425530
550	498	809	90	90	8425537
550	496	813	90	90	8425543
551	494	817	90	90	8425549
551	492	821	90	90	8425555
551	491	825	90	90	8425562
551	489	825	90	90	8425568
552	487	829	90	90	8425574
553	485	833	90	90	8425580
553	484	833	90	90	8425587
554	482	837	90	90	8425593
555	481	841	90	90	8425599
556	480	845	90	90	8425605
557	479	849	90	90	8425612
558	478	849	90	90	8425618
558	476	853	90	90	8425624
559	475	857	90	90	8425630
560	475	857	90	90	8425637
561	474	861	90	90	8425643
563	473	865	90	90	8425649
564	472	865	90	90	8425655
565	471	865	90	90	8425662
567	471	869	90	90	8425668
568	470	869	90	90	8425674
570	469	873	90	90	8425680
571	469	873	90	90	8425687
573	468	878	90	90	8425693
574	467	878	90	90	8425699
575	467	882	90	90	8425705
577	466	882	90	90	8425712
578	466	886	90	90	8425718
580	465	890	90	90	8425724
581	465	890	90	90	8425730
583	465	890	90	90	8425737
584	465	894	90	90	8425743
586	465	894	90	90	8425749
587	464	894	90	90	8425755
589	464	898	90	90	8425762
591	464	898	90	90	8425768
593	464	898	90	90	8425774
595	464	898	90	90	8425780
597	464	902	90	90	8425787
599	464	902	90	90	8425793
600	464	902	90	90	8425799
602	464	902	90	90	8425805
604	464	902	90	90	8425812
605	465	906	90	90	8425818
607	465	906	90	90	8425824
608	465	906	90	90	8425830
610	465	906	90	90	8425837
612	465	906	90	90	8425843
613	466	910	90	90	8425849
615	466	910	90	90	8425855
616	466	910	90	90	8425862
618	467	910	90	90	8425868
620	467	914	90	90	8425874
621	468	914	90	90	8425880
623	468	914	90	90	8425887
624	469	914	90	90	8425893
626	470	914	90	90	8425899
627	470	914	90	90	8425905
629	471	914	90	90	8425912
630	471	918	90	90	8425918
631	472	918	90	90	8425924
633	472	918	90	90	8425930
634	473	918	90	90	8425937
635	474	918	90	90	8425943
636	474	918	90	90	8425949
637	475	918	90	90	8425955
638	476	918	90	90	8425962
639	476	918	90	90	8425968
640	477	918	90	90	8425974
641	478	918	90	90	8425980
643	479	918	90	90	8425987
644	480	918	90	90	8425993
645	482	922	90	90	8425999
646	483	922	90	90	8426005
647	484	922	90	90	8426012
648	486	922	90	90	8426018
648	487	926	90	90	8426024
649	489	926	90	90	8426030
649	490	926	90	90	8426037
650	492	926	90	90	8426043
650	493	930	90	90	8426049
650	495	930	90	90	8426055
651	497	930	90	90	8426062
651	498	930	90	90	8426068
651	500	930	90	90	8426074
652	502	930	90	90	8426080
652	503	930	90	90	8426087
652	505	930	90	90	8426093
652	506	930	90	90	8426099
652	508	930	90	90	8426105
653	509	930	90	90	8426112
653	511	930	90	90	8426118
653	512	930	90	90	8426124
653	514	930	90	90	8426130
653	516	930	90	90	8426137
653	517	934	90	90	8426143
653	519	934	90	90	8426149
653	520	934	90	90	8426155
652	522	934	90	90	8426162
652	523	934	90	90	8426168
652	525	938	90	90	8426174
651	526	938	90	90	8426180
651	527	938	90	90	8426187
651	528	938	90	90	8426193
650	529	938	90	90	8426199
650	530	938	90	90	8426205
649	531	938	90	90	8426212
649	532	938	90	90	8426218
649	533	938	90	90	8426224
648	534	938	90	90	8426230
648	535	938	90	90	8426237
647	536	938	90	90	8426243
646	537	938	90	90	8426249
646	539	938	90	90	8426255
645	540	938	90	90	8426262
644	541	938	90	90	8426268
643	542	938	90	90	8426274
643	543	942	90	90	8426280
642	544	942	90	90	8426287
641	545	942	90	90	8426293
640	546	942	90	90	8426305
639	547	942	90	90	8426312
639	548	942	90	90	8426318
638	549	946	90	90	8426324
638	550	946	90	90	8426337
637	552	946	90	90	8426349
636	553	946	90	90	8426362
635	554	946	90	90	8426374
634	555	946	90	90	8426387
632	555	946	90	90	8426399
631	556	946	90	90	8426412
629	557	942	90	90	8426424
628	557	934	90	90	8426437
627	558	904	90	90	8426449
626	558	752	90	90	8426462
625	558	450	90	90	8426474
624	558	75	90	90	8426493
60
652	506	335	90	90	8427224
654	507	535	90	90	8427230
655	507	559	90	90	8427237
657	507	592	90	90	8427243
658	507	616	90	90	8427249
660	507	640	90	90	8427255
661	507	660	90	90	8427262
664	507	680	90	90	8427268
666	507	696	90	90	8427274
668	507	708	90	90	8427280
671	507	720	90	90	8427287
674	507	728	90	90	8427293
677	506	733	90	90	8427299
680	506	737	90	90	8427305
683	506	737	90	90	8427312
686	506	741	90	90	8427318
689	506	741	90	90	8427324
692	505	745	90	90	8427330
695	505	745	90	90	8427337
698	505	749	90	90	8427343
701	505	753	90	90	8427349
704	504	757	90	90	8427355
707	504	761	90	90	8427362
710	504	765	90	90	8427368
713	504	769	90	90	8427374
715	504	773	90	90	8427380
718	504	777	90	90	8427387
720	504	781	90	90	8427393
723	504	785	90	90	8427399
726	504	789	90	90	8427405
728	503	793	90	90	8427412
731	503	797	90	90	8427418
733	503	797	90	90	8427424
736	503	801	90	90	8427430
738	503	805	90	90	8427437
741	503	809	90	90	8427443
743	503	809	90	90	8427449
746	503	813	90	90	8427455
748	503	817	90	90	8427462
751	503	821	90	90	8427468
754	503	825	90	90	8427474
756	503	833	90	90	8427480
759	503	837	90	90	8427487
762	503	841	90	90	8427493
765	503	845	90	90	8427499
767	503	853	90	90	8427505
770	502	857	90	90	8427512
773	502	861	90	90	8427518
776	502	865	90	90	8427524
778	502	869	90	90	8427530
781	502	873	90	90	8427537
783	502	878	90	90	8427543
786	502	878	90	90	8427549
788	502	882	90	90	8427555
790	502	882	90	90	8427562
791	502	873	90	90	8427568
793	502	865	90	90	8427574
794	501	833	90	90	8427580
795	501	474	90	90	8427605
794	502	30	90	90	8427618
22
674	562	289	90	90	8428174
674	563	555	90	90	8428187
676	564	620	90	90	8428193
677	564	656	90	90	8428199
678	564	684	90	90	8428205
680	564	708	90	90	8428212
682	564	733	90	90	8428218
685	565	749	90	90	8428224
687	565	761	90	90	8428230
690	565	773	90	90	8428237
693	565	781	90	90	8428243
696	565	785	90	90	8428249
699	565	789	90	90	8428255
702	565	793	90	90	8428262
705	565	793	90	90	8428268
707	565	793	90	90	8428274
710	565	789	90	90	8428280
712	565	777	90	90	8428287
713	565	757	90	90	8428293
715	564	720	90	90	8428299
716	564	609	90	90	8428312
717	564	165	90	90	8428343
27
698	581	332	90	90	8428618
699	580	624	90	90	8428624
699	579	656	90	90	8428630
699	578	688	90	90	8428637
699	576	712	90	90	8428643
698	574	737	90	90	8428649
698	571	749	90	90	8428655
698	568	761	90	90	8428662
698	566	773	90	90	8428668
698	563	785	90	90	8428674
697	560	793	90	90	8428680
697	557	801	90	90	8428687
697	554	813	90	90	8428693
696	552	821	90	90	8428699
696	550	829	90	90	8428705
696	548	837	90	90	8428712
696	546	845	90	90	8428718
695	544	849	90	90	8428724
695	542	853	90	90	8428730
695	540	853	90	90	8428737
695	539	857	90	90	8428743
695	538	857	90	90	8428749
695	537	857	90	90	8428762
695	536	841	90	90	8428787
696	536	606	90	90	8428805
697	538	302	90	90	8428812
697	539	70	90	90	8428824
1
264	393	189	90	90	8431348
7
1
640	597	0	90	90	8654689
45
481	524	60	90	90	8655289
481	523	248	90	90	8655307
483	523	372	90	90	8655320
484	522	455	90	90	8655326
486	522	511	90	90	8655332
487	522	547	90	90	8655339
488	522	583	90	90	8655345
490	522	608	90	90	8655351
492	522	624	90	90	8655357
494	523	640	90	90	8655364
496	523	652	90	90	8655370
498	523	660	90	90	8655376
501	523	668	90	90	8655382
503	523	676	90	90	8655389
505	523	680	90	90	8655395
508	522	684	90	90	8655401
511	522	692	90	90	8655407
513	522	696	90	90	8655414
516	522	704	90	90	8655420
518	522	712	90	90	8655426
520	522	724	90	90	8655432
523	522	733	90	90	8655439
525	522	741	90	90	8655445
527	522	749	90	90	8655451
529	522	753	90	90	8655457
531	522	757	90	90	8655464
533	522	761	90	90	8655470
535	522	765	90	90	8655476
537	522	769	90	90	8655482
539	522	773	90	90	8655489
541	522	777	90	90	8655495
543	522	781	90	90	8655501
545	522	789	90	90	8655507
547	522	793	90	90	8655514
549	521	801	90	90	8655520
550	521	805	90	90	8655526
552	521	813	90	90	8655532
553	521	817	90	90	8655539
554	521	821	90	90	8655545
555	521	825	90	90	8655551
556	521	829	90	90	8655557
557	521	829	90	90	8655570
558	521	644	90	90	8655607
558	522	169	90	90	8655614
557	523	2	90	90	8655626
209
627	573	52	90	90	8656089
628	573	381	90	90	8656132
627	574	591	90	90	8656151
626	574	626	90	90	8656164
625	575	640	90	90	8656176
623	575	652	90	90	8656182
622	576	656	90	90	8656189
621	576	660	90	90	8656195
620	576	664	90	90	8656201
619	576	668	90	90	8656207
618	576	668	90	90	8656214
617	576	672	90	90	8656220
616	577	672	90	90	8656226
614	577	676	90	90	8656232
613	577	676	90	90	8656239
612	577	676	90	90	8656245
610	577	676	90	90	8656251
609	577	680	90	90	8656257
608	577	680	90	90	8656264
606	577	680	90	90	8656270
605	577	684	90	90	8656276
603	577	684	90	90	8656282
602	577	684	90	90	8656289
600	577	684	90	90	8656295
599	576	688	90	90	8656301
597	576	688	90	90	8656307
596	576	688	90	90	8656314
594	576	688	90	90	8656320
593	575	688	90	90	8656326
591	575	688	90	90	8656332
590	574	692	90	90	8656339
588	574	692	90	90	8656345
587	573	692	90	90	8656351
586	573	692	90	90	8656357
584	572	692	90	90	8656364
583	571	696	90	90	8656370
582	570	696	90	90	8656376
581	569	700	90	90	8656382
579	568	700	90	90	8656389
578	567	700	90	90	8656395
577	566	704	90	90	8656401
576	565	704	90	90	8656407
574	564	708	90	90	8656414
573	562	708	90	90	8656420
572	561	712	90	90	8656426
570	560	720	90	90	8656432
569	559	724	90	90	8656439
568	557	728	90	90	8656445
566	556	737	90	90	8656451
565	555	741	90	90	8656457
564	554	749	90	90	8656464
563	552	757	90	90	8656470
562	551	761	90	90	8656476
561	550	769	90	90	8656482
560	548	773	90	90	8656489
559	547	781	90	90	8656495
558	545	785	90	90	8656501
557	543	789	90	90	8656507
557	542	793	90	90	8656514
556	540	801	90	90	8656520
556	538	805	90	90	8656526
555	536	809	90	90	8656532
555	534	817	90	90	8656539
555	532	821	90	90	8656545
554	530	829	90	90	8656551
553	528	833	90	90	8656557
553	526	837	90	90	8656564
553	525	845	90	90	8656570
552	523	853	90	90	8656576
552	521	857	90	90	8656582
552	518	865	90	90	8656589
552	517	869	90	90	8656595
552	515	878	90	90	8656601
553	513	882	90	90	8656607
553	511	890	90	90	8656614
554	509	894	90	90	8656620
555	507	894	90	90	8656626
556	506	898	90	90	8656632
556	504	902	90	90	8656639
558	503	902	90	90	8656645
559	501	902	90	90	8656651
560	500	906	90	90	8656657
561	498	906	90	90	8656664
563	497	906	90	90	8656670
564	496	906	90	90	8656676
565	495	910	90	90	8656682
567	493	910	90	90	8656689
569	492	910	90	90	8656695
570	491	914	90	90	8656701
572	490	914	90	90	8656707
573	489	914	90	90	8656714
574	488	918	90	90	8656720
576	487	918	90	90	8656726
577	486	918	90	90	8656732
578	485	922	90	90	8656739
580	484	922	90	90	8656745
581	483	922	90	90	8656751
582	483	922	90	90	8656757
584	482	922	90	90	8656764
585	482	922	90	90	8656770
587	481	922	90	90	8656776
589	481	926	90	90	8656782
590	481	926	90	90	8656789
592	481	926	90	90	8656795
594	480	926	90	90	8656801
596	480	926	90	90	8656807
597	480	926	90	90	8656814
599	480	926	90	90	8656820
601	480	926	90	90	8656826
602	480	926	90	90	8656832
604	481	926	90	90	8656839
606	481	926	90	90	8656845
607	481	926	90	90	8656851
609	481	926	90	90	8656857
610	481	926	90	90	8656864
612	482	926	90	90	8656870
614	482	930	90	90	8656876
615	482	930	90	90	8656882
617	483	930	90	90	8656889
619	484	930	90	90	8656895
620	484	934	90	90	8656901
622	485	934	90	90	8656907
623	486	934	90	90	8656914
625	487	934	90	90	8656920
626	488	934	90	90	8656926
628	489	938	90	90	8656932
629	490	938	90	90	8656939
630	490	938	90	90	8656945
632	491	938	90	90	8656951
633	492	938	90	90	8656957
634	493	938	90	90	8656964
635	494	942	90	90	8656970
636	495	942	90	90	8656976
637	496	942	90	90	8656982
638	497	942	90	90	8656989
639	498	942	90	90	8656995
640	500	942	90	90	8657001
641	501	942	90	90	8657007
641	502	942	90	90	8657014
642	504	942	90	90	8657020
643	505	942	90	90	8657026
644	506	946	90	90	8657032
644	508	946	90	90	8657039
645	510	946	90	90	8657045
645	511	946	90	90	8657051
646	513	946	90	90	8657057
646	515	946	90	90	8657064
647	516	946	90	90	8657070
647	518	950	90	90	8657076
647	520	950	90	90	8657082
648	522	950	90	90	8657089
648	523	950	90	90	8657095
648	525	950	90	90	8657101
649	527	950	90	90	8657107
649	528	954	90	90	8657114
649	530	954	90	90	8657120
649	531	954	90	90	8657126
649	533	954	90	90	8657132
649	534	954	90	90	8657139
649	535	954	90	90	8657145
649	537	954	90	90	8657151
649	538	954	90	90	8657157
649	539	954	90	90	8657164
649	540	958	90	90	8657170
649	542	958	90	90	8657176
649	543	958	90	90	8657182
649	544	962	90	90	8657189
649	545	962	90	90	8657195
649	546	966	90	90	8657201
648	547	966	90	90	8657207
648	548	970	90	90	8657214
648	550	970	90	90	8657220
647	551	974	90	90	8657226
647	552	974	90	90	8657232
646	552	974	90	90	8657239
645	553	978	90	90	8657245
645	554	980	90	90	8657257
643	556	982	90	90	8657270
642	557	986	90	90	8657282
640	559	986	90	90	8657295
639	560	990	90	90	8657301
638	561	990	90	90	8657307
637	562	990	90	90	8657314
636	562	990	90	90	8657320
635	563	990	90	90	8657326
634	564	990	90	90	8657332
633	564	994	90	90	8657339
632	565	994	90	90	8657345
631	566	994	90	90	8657351
630	567	994	90	90	8657357
629	567	994	90	90	8657364
628	568	994	90	90	8657370
627	568	994	90	90	8657376
625	569	998	90	90	8657382
624	569	998	90	90	8657389
623	570	998	90	90	8657395
621	570	998	90	90	8657401
620	570	998	90	90	8657407
619	571	998	90	90	8657414
617	571	998	90	90	8657420
616	571	998	90	90	8657426
614	572	998	90	90	8657432
613	572	998	90	90	8657439
612	572	1002	90	90	8657445
611	572	1002	90	90	8657451
610	572	1002	90	90	8657464
609	573	1002	90	90	8657476
608	573	757	90	90	8657526
608	572	52	90	90	8657539
59
645	518	152	90	90	8658170
646	518	305	90	90	8658182
647	518	370	90	90	8658189
648	518	406	90	90	8658195
650	518	451	90	90	8658201
651	518	491	90	90	8658207
653	518	531	90	90	8658214
655	518	563	90	90	8658220
657	518	596	90	90	8658226
659	518	624	90	90	8658232
661	518	640	90	90	8658239
663	518	656	90	90	8658245
666	518	668	90	90	8658251
669	517	676	90	90	8658257
671	517	684	90	90	8658264
674	517	688	90	90	8658270
677	516	692	90	90	8658276
680	516	696	90	90	8658282
682	516	700	90	90	8658289
685	515	704	90	90	8658295
687	515	708	90	90	8658301
690	514	712	90	90	8658307
692	514	724	90	90	8658314
695	514	728	90	90	8658320
697	513	733	90	90	8658326
700	513	737	90	90	8658332
702	513	745	90	90	8658339
704	513	745	90	90	8658345
707	513	749	90	90	8658351
709	513	753	90	90	8658357
711	512	753	90	90	8658364
713	512	753	90	90	8658370
716	512	753	90	90	8658376
718	512	757	90	90	8658382
720	512	757	90	90	8658389
723	512	761	90	90	8658395
725	512	765	90	90	8658401
727	511	769	90	90	8658407
730	511	773	90	90	8658414
732	511	777	90	90	8658420
734	511	781	90	90	8658426
736	511	785	90	90	8658432
738	511	789	90	90	8658439
739	511	793	90	90	8658445
741	511	797	90	90	8658451
743	510	801	90	90	8658457
745	510	805	90	90	8658464
747	510	809	90	90	8658470
749	510	813	90	90	8658476
750	510	813	90	90	8658482
752	509	817	90	90	8658489
753	509	821	90	90	8658495
755	509	825	90	90	8658501
756	509	825	90	90	8658507
757	509	829	90	90	8658520
758	509	827	90	90	8658532
759	509	635	90	90	8658557
757	509	277	90	90	8658564
756	509	54	90	90	8658576
23
683	562	292	90	90	8659407
683	563	593	90	90	8659420
684	563	686	90	90	8659432
686	563	737	90	90	8659439
687	563	761	90	90	8659445
688	563	781	90	90	8659451
690	563	797	90	90	8659457
692	563	809	90	90	8659464
695	563	821	90	90	8659470
697	563	829	90	90	8659476
700	562	837	90	90	8659482
702	562	841	90	90	8659489
705	562	849	90	90	8659495
708	562	849	90	90	8659501
710	562	853	90	90	8659507
712	562	853	90	90	8659514
714	562	857	90	90	8659520
715	562	857	90	90	8659526
716	562	857	90	90	8659539
717	562	835	90	90	8659576
716	561	619	90	90	8659589
715	562	327	90	90	8659601
713	563	46	90	90	8659614
24
704	579	172	90	90	8659832
704	580	496	90	90	8659864
703	579	628	90	90	8659876
703	577	668	90	90	8659882
703	576	696	90	90	8659889
703	574	720	90	90	8659895
703	572	745	90	90	8659901
702	570	761	90	90	8659907
702	567	781	90	90	8659914
701	565	797	90	90	8659920
701	561	809	90	90	8659926
701	558	821	90	90	8659932
700	555	829	90	90	8659939
700	552	837	90	90	8659945
700	550	845	90	90	8659951
699	547	853	90	90	8659957
699	545	857	90	90	8659964
699	544	865	90	90	8659970
699	542	869	90	90	8659976
699	541	873	90	90	8659982
699	540	875	90	90	8659995
699	539	804	90	90	8660045
698	540	289	90	90	8660057
698	541	16	90	90	8660070
2
268	395	36	90	90	8663326
269	395	137	90	90	8663370
7
1
786	573	0	90	90	8902876
34
496	528	76	90	90	8903676
495	528	392	90	90	8903726
497	528	616	90	90	8903738
498	528	660	90	90	8903744
499	528	684	90	90	8903751
501	528	708	90	90	8903757
503	528	728	90	90	8903763
504	528	749	90	90	8903769
507	528	761	90	90	8903776
509	528	777	90	90	8903782
512	528	789	90	90	8903788
515	528	801	90	90	8903794
517	528	813	90	90	8903801
520	528	825	90	90	8903807
523	528	837	90	90	8903813
526	528	845	90	90	8903819
529	528	853	90	90	8903826
532	528	861	90	90	8903832
535	528	865	90	90	8903838
539	528	873	90	90	8903844
542	528	873	90	90	8903851
545	529	878	90	90	8903857
548	529	882	90	90	8903863
551	529	882	90	90	8903869
554	529	886	90	90	8903876
556	528	886	90	90	8903882
558	528	890	90	90	8903888
559	528	890	90	90	8903894
561	528	894	90	90	8903901
562	528	894	90	90	8903907
563	528	898	90	90	8903913
564	528	900	90	90	8903926
565	528	671	90	90	8903969
564	529	52	90	90	8903982
201
630	561	310	90	90	8904994
629	563	533	90	90	8905007
628	563	571	90	90	8905019
626	564	596	90	90	8905026
625	564	608	90	90	8905032
624	565	620	90	90	8905038
623	565	628	90	90	8905044
622	565	636	90	90	8905051
621	565	644	90	90	8905057
620	566	652	90	90	8905063
619	566	660	90	90	8905069
617	566	668	90	90	8905076
616	566	676	90	90	8905082
615	566	680	90	90	8905088
614	566	688	90	90	8905094
613	566	696	90	90	8905101
612	566	700	90	90	8905107
611	566	704	90	90	8905113
610	566	708	90	90	8905119
608	566	712	90	90	8905126
607	566	720	90	90	8905132
606	566	724	90	90	8905138
605	566	724	90	90	8905144
604	566	728	90	90	8905151
603	566	728	90	90	8905157
602	566	733	90	90	8905163
601	566	733	90	90	8905169
601	565	737	90	90	8905176
600	565	737	90	90	8905182
599	565	741	90	90	8905188
598	565	741	90	90	8905194
596	564	745	90	90	8905201
595	564	749	90	90	8905207
594	564	753	90	90	8905213
593	563	753	90	90	8905219
592	563	757	90	90	8905226
591	562	757	90	90	8905232
589	562	757	90	90	8905238
588	561	757	90	90	8905244
587	561	761	90	90	8905251
586	560	761	90	90	8905257
585	559	761	90	90	8905263
584	559	761	90	90	8905269
583	558	765	90	90	8905276
583	557	769	90	90	8905282
581	557	769	90	90	8905288
581	556	773	90	90	8905294
580	556	779	90	90	8905307
578	554	787	90	90	8905319
576	553	791	90	90	8905332
575	551	797	90	90	8905338
574	550	801	90	90	8905344
574	549	805	90	90	8905351
573	548	809	90	90	8905357
572	547	813	90	90	8905363
571	546	821	90	90	8905369
571	545	825	90	90	8905376
570	544	829	90	90	8905382
569	543	833	90	90	8905388
569	541	837	90	90	8905394
568	540	845	90	90	8905401
567	539	849	90	90	8905407
567	537	853	90	90	8905413
566	536	857	90	90	8905419
566	535	865	90	90	8905426
565	533	869	90	90	8905432
565	532	873	90	90	8905438
565	531	878	90	90	8905444
564	530	886	90	90	8905451
564	529	890	90	90	8905457
564	528	894	90	90	8905463
564	526	898	90	90	8905469
564	525	902	90	90	8905476
564	524	906	90	90	8905482
564	523	910	90	90	8905488
564	522	910	90	90	8905494
565	521	914	90	90	8905501
565	520	918	90	90	8905507
565	519	922	90	90	8905513
566	517	922	90	90	8905519
567	516	926	90	90	8905526
567	515	926	90	90	8905532
568	514	930	90	90	8905538
569	513	934	90	90	8905544
570	511	934	90	90	8905551
570	510	934	90	90	8905557
571	509	938	90	90	8905563
572	508	938	90	90	8905569
573	507	942	90	90	8905576
573	506	942	90	90	8905582
574	505	944	90	90	8905594
575	504	946	90	90	8905607
576	503	946	90	90	8905619
577	501	950	90	90	8905632
579	500	950	90	90	8905644
580	499	952	90	90	8905657
581	497	954	90	90	8905663
582	497	954	90	90	8905669
583	497	954	90	90	8905682
585	496	958	90	90	8905688
586	496	958	90	90	8905694
587	496	958	90	90	8905701
588	495	958	90	90	8905707
589	495	962	90	90	8905713
590	495	962	90	90	8905719
591	495	962	90	90	8905726
592	494	962	90	90	8905732
594	494	962	90	90	8905738
595	494	962	90	90	8905744
596	494	966	90	90	8905751
598	494	966	90	90	8905757
599	494	966	90	90	8905763
600	494	966	90	90	8905769
601	493	966	90	90	8905776
603	493	966	90	90	8905782
604	493	966	90	90	8905788
605	493	966	90	90	8905794
606	493	966	90	90	8905801
607	493	966	90	90	8905807
608	493	970	90	90	8905813
609	493	970	90	90	8905819
610	493	970	90	90	8905826
611	493	970	90	90	8905832
612	494	970	90	90	8905838
613	494	974	90	90	8905844
615	494	974	90	90	8905851
616	494	974	90	90	8905857
617	495	974	90	90	8905863
618	495	974	90	90	8905869
619	495	974	90	90	8905876
621	496	978	90	90	8905882
622	496	978	90	90	8905888
623	497	978	90	90	8905894
624	497	978	90	90	8905901
625	498	982	90	90	8905907
626	498	982	90	90	8905913
627	499	982	90	90	8905926
629	500	986	90	90	8905938
630	501	986	90	90	8905951
631	503	986	90	90	8905957
632	504	986	90	90	8905969
634	505	986	90	90	8905976
634	506	986	90	90	8905982
635	507	986	90	90	8905988
636	508	986	90	90	8905994
636	510	986	90	90	8906001
636	511	990	90	90	8906007
637	512	990	90	90	8906013
637	513	990	90	90	8906019
637	515	990	90	90	8906026
638	516	990	90	90	8906032
638	517	990	90	90	8906038
638	519	990	90	90	8906044
638	520	990	90	90	8906051
638	521	990	90	90	8906057
639	523	994	90	90	8906063
639	524	994	90	90	8906069
639	525	994	90	90	8906076
639	526	994	90	90	8906082
639	527	994	90	90	8906088
639	528	994	90	90	8906094
639	529	994	90	90	8906101
640	530	994	90	90	8906107
640	531	994	90	90	8906113
639	532	994	90	90	8906119
639	533	994	90	90	8906126
639	534	994	90	90	8906138
639	536	994	90	90	8906144
639	537	994	90	90	8906151
639	538	994	90	90	8906157
639	539	994	90	90	8906163
638	540	994	90	90	8906169
638	541	994	90	90	8906176
638	542	994	90	90	8906182
638	543	994	90	90	8906188
637	544	994	90	90	8906201
636	545	994	90	90	8906207
636	546	994	90	90	8906219
635	548	994	90	90	8906232
635	549	994	90	90	8906244
634	550	996	90	90	8906257
633	551	998	90	90	8906269
632	553	998	90	90	8906282
631	554	1002	90	90	8906294
630	555	1002	90	90	8906313
629	556	1002	90	90	8906326
628	556	1002	90	90	8906338
627	557	1002	90	90	8906351
626	557	1002	90	90	8906363
624	558	1002	90	90	8906369
623	558	1002	90	90	8906376
622	558	1002	90	90	8906388
621	558	1002	90	90	8906394
620	558	1002	90	90	8906401
619	559	1002	90	90	8906407
618	559	1002	90	90	8906419
617	559	1002	90	90	8906432
616	560	1000	90	90	8906451
615	560	840	90	90	8906488
616	559	297	90	90	8906501
617	559	16	90	90	8906513
53
636	525	132	90	90	8907001
635	525	481	90	90	8907038
637	525	604	90	90	8907044
638	524	624	90	90	8907051
639	524	648	90	90	8907057
640	524	672	90	90	8907063
642	524	692	90	90	8907069
644	524	712	90	90	8907076
647	524	733	90	90	8907082
649	524	749	90	90	8907088
652	524	765	90	90	8907094
655	524	773	90	90	8907101
658	524	785	90	90	8907107
661	524	789	90	90	8907113
664	524	797	90	90	8907119
667	524	801	90	90	8907126
670	523	809	90	90	8907132
674	523	813	90	90	8907138
677	523	817	90	90	8907144
680	523	821	90	90	8907151
684	523	825	90	90	8907157
687	523	829	90	90	8907163
691	523	833	90	90	8907169
694	523	833	90	90	8907176
697	523	837	90	90	8907182
701	522	841	90	90	8907188
704	522	841	90	90	8907194
707	522	845	90	90	8907201
710	521	849	90	90	8907207
712	521	853	90	90	8907213
715	521	857	90	90	8907219
718	521	865	90	90	8907226
721	520	869	90	90	8907232
723	520	873	90	90	8907238
726	520	882	90	90	8907244
729	520	886	90	90	8907251
731	520	890	90	90	8907257
734	519	894	90	90	8907263
736	519	898	90	90	8907269
739	519	902	90	90	8907276
741	519	906	90	90	8907282
743	519	910	90	90	8907288
746	519	914	90	90	8907294
748	519	918	90	90	8907301
750	518	922	90	90	8907307
751	518	922	90	90	8907313
753	518	926	90	90	8907319
754	518	926	90	90	8907326
755	518	926	90	90	8907332
756	518	908	90	90	8907344
757	518	648	90	90	8907363
755	519	322	90	90	8907369
754	519	70	90	90	8907382
23
658	563	56	90	90	8908257
657	563	277	90	90	8908276
658	564	509	90	90	8908288
659	564	608	90	90	8908294
660	565	652	90	90	8908301
662	565	692	90	90	8908307
663	565	728	90	90	8908313
665	565	757	90	90	8908319
667	565	781	90	90	8908326
670	565	797	90	90	8908332
672	565	813	90	90	8908338
675	565	825	90	90	8908344
677	565	837	90	90	8908351
680	565	845	90	90	8908357
682	565	849	90	90	8908363
684	565	857	90	90	8908369
685	565	861	90	90	8908376
687	565	865	90	90	8908382
688	565	867	90	90	8908394
689	565	844	90	90	8908451
688	565	595	90	90	8908463
687	565	305	90	90	8908476
685	566	40	90	90	8908488
25
677	579	92	90	90	8908632
677	580	336	90	90	8908657
676	581	602	90	90	8908676
675	580	710	90	90	8908688
675	578	757	90	90	8908694
675	577	781	90	90	8908701
675	575	801	90	90	8908707
675	572	821	90	90	8908713
675	570	837	90	90	8908719
675	567	849	90	90	8908726
674	564	861	90	90	8908732
674	561	869	90	90	8908738
674	558	878	90	90	8908744
674	555	886	90	90	8908751
674	552	894	90	90	8908757
673	550	898	90	90	8908763
673	548	902	90	90	8908769
673	547	906	90	90	8908776
673	545	910	90	90	8908782
673	544	914	90	90	8908788
672	543	918	90	90	8908794
672	542	920	90	90	8908807
672	540	818	90	90	8908869
673	542	261	90	90	8908876
673	543	38	90	90	8908888
1
269	397	174	90	90	8911291
7
1
597	494	0	90	90	9128691
53
476	516	220	90	90	9129303
476	515	387	90	90	9129322
477	514	449	90	90	9129334
479	514	479	90	90	9129341
480	513	499	90	90	9129347
481	513	515	90	90	9129353
482	513	527	90	90	9129359
484	513	539	90	90	9129366
485	513	551	90	90	9129372
487	513	559	90	90	9129378
489	512	567	90	90	9129384
491	512	575	90	90	9129391
493	512	583	90	90	9129397
495	512	588	90	90	9129403
496	512	592	90	90	9129409
498	511	596	90	90	9129416
500	511	604	90	90	9129422
502	511	608	90	90	9129428
504	511	612	90	90	9129434
506	511	620	90	90	9129441
509	511	624	90	90	9129447
511	511	628	90	90	9129453
513	511	632	90	90	9129459
515	510	636	90	90	9129466
517	510	644	90	90	9129472
519	510	644	90	90	9129478
521	510	648	90	90	9129484
523	510	652	90	90	9129491
525	509	656	90	90	9129497
527	509	656	90	90	9129503
528	509	660	90	90	9129509
530	509	664	90	90	9129516
532	509	668	90	90	9129522
534	509	676	90	90	9129528
536	509	680	90	90	9129534
538	509	684	90	90	9129541
540	509	688	90	90	9129547
541	509	696	90	90	9129553
543	509	700	90	90	9129559
545	509	708	90	90	9129566
547	509	720	90	90	9129572
549	509	724	90	90	9129578
550	509	733	90	90	9129584
552	509	741	90	90	9129591
553	509	745	90	90	9129597
555	509	753	90	90	9129603
556	509	757	90	90	9129609
558	509	757	90	90	9129616
559	509	757	90	90	9129622
560	509	749	90	90	9129628
561	509	724	90	90	9129634
562	510	426	90	90	9129659
562	511	30	90	90	9129672
216
623	553	78	90	90	9130334
622	554	183	90	90	9130347
621	555	249	90	90	9130353
620	555	281	90	90	9130359
619	555	306	90	90	9130366
618	555	322	90	90	9130372
617	555	342	90	90	9130378
616	555	350	90	90	9130384
615	555	366	90	90	9130391
614	556	374	90	90	9130397
613	556	382	90	90	9130403
612	556	390	90	90	9130409
611	556	394	90	90	9130416
610	556	402	90	90	9130422
609	556	406	90	90	9130428
608	556	414	90	90	9130434
607	557	418	90	90	9130441
606	557	422	90	90	9130447
605	557	426	90	90	9130453
603	557	426	90	90	9130459
602	556	430	90	90	9130466
601	556	439	90	90	9130472
600	556	443	90	90	9130478
599	556	447	90	90	9130484
597	556	455	90	90	9130491
596	556	463	90	90	9130497
595	555	467	90	90	9130503
593	555	475	90	90	9130509
592	555	479	90	90	9130516
591	555	491	90	90	9130522
589	555	491	90	90	9130528
588	555	499	90	90	9130534
587	554	499	90	90	9130541
586	554	499	90	90	9130547
585	554	503	90	90	9130553
584	553	511	90	90	9130559
583	553	515	90	90	9130566
581	552	519	90	90	9130572
581	551	523	90	90	9130578
580	551	531	90	90	9130584
579	551	539	90	90	9130597
577	550	549	90	90	9130609
576	548	555	90	90	9130622
575	547	559	90	90	9130634
573	546	563	90	90	9130641
572	545	563	90	90	9130647
572	544	567	90	90	9130653
571	543	571	90	90	9130659
570	542	575	90	90	9130666
569	541	583	90	90	9130672
569	540	592	90	90	9130678
568	539	596	90	90	9130684
567	539	604	90	90	9130691
567	538	612	90	90	9130697
566	537	616	90	90	9130703
565	536	624	90	90	9130709
565	535	628	90	90	9130716
564	534	632	90	90	9130722
563	533	636	90	90	9130728
563	532	640	90	90	9130734
562	531	644	90	90	9130741
562	530	652	90	90	9130747
561	529	656	90	90	9130753
561	528	664	90	90	9130759
560	527	672	90	90	9130766
560	526	680	90	90	9130772
559	525	688	90	90	9130778
559	524	696	90	90	9130784
559	523	708	90	90	9130791
559	522	712	90	90	9130797
558	521	724	90	90	9130803
558	520	733	90	90	9130809
558	519	741	90	90	9130816
558	518	745	90	90	9130822
557	516	753	90	90	9130828
557	515	757	90	90	9130834
557	514	761	90	90	9130841
557	512	769	90	90	9130847
557	511	773	90	90	9130853
557	510	777	90	90	9130859
557	509	781	90	90	9130866
557	508	785	90	90	9130872
557	507	793	90	90	9130878
557	506	797	90	90	9130884
557	505	803	90	90	9130897
557	504	809	90	90	9130903
557	503	813	90	90	9130909
558	502	813	90	90	9130916
558	501	817	90	90	9130922
558	500	821	90	90	9130928
558	499	821	90	90	9130934
559	498	825	90	90	9130941
559	497	825	90	90	9130947
560	496	825	90	90	9130953
560	495	829	90	90	9130959
561	494	829	90	90	9130966
561	493	833	90	90	9130972
562	492	833	90	90	9130978
563	491	833	90	90	9130984
563	490	837	90	90	9130991
564	489	837	90	90	9130997
564	488	837	90	90	9131003
565	487	837	90	90	9131009
566	487	841	90	90	9131016
566	486	841	90	90	9131022
567	485	841	90	90	9131028
568	484	841	90	90	9131034
569	483	845	90	90	9131041
570	483	845	90	90	9131047
571	482	845	90	90	9131053
573	481	845	90	90	9131059
574	481	849	90	90	9131066
575	480	849	90	90	9131072
576	479	849	90	90	9131078
577	479	849	90	90	9131084
579	478	849	90	90	9131091
580	478	853	90	90	9131097
581	477	853	90	90	9131103
583	477	853	90	90	9131109
584	476	853	90	90	9131116
585	476	853	90	90	9131122
587	476	857	90	90	9131128
588	476	857	90	90	9131134
590	476	861	90	90	9131141
592	476	861	90	90	9131147
593	476	865	90	90	9131153
595	476	865	90	90	9131159
597	476	865	90	90	9131166
599	476	869	90	90	9131172
600	476	869	90	90	9131178
602	476	865	90	90	9131184
603	476	865	90	90	9131191
605	476	865	90	90	9131197
606	476	865	90	90	9131203
608	476	865	90	90	9131209
609	476	861	90	90	9131216
611	476	861	90	90	9131222
612	476	861	90	90	9131228
614	477	861	90	90	9131234
616	477	861	90	90	9131241
617	477	861	90	90	9131247
619	478	865	90	90	9131253
621	479	865	90	90	9131259
622	479	865	90	90	9131266
624	480	865	90	90	9131272
625	481	865	90	90	9131278
626	482	865	90	90	9131284
628	483	869	90	90	9131291
629	484	869	90	90	9131297
630	485	869	90	90	9131303
630	486	869	90	90	9131309
631	487	869	90	90	9131316
632	489	873	90	90	9131322
633	490	873	90	90	9131328
634	491	873	90	90	9131334
635	493	873	90	90	9131341
635	494	873	90	90	9131347
636	495	873	90	90	9131353
637	497	878	90	90	9131359
637	498	878	90	90	9131366
638	499	878	90	90	9131372
638	501	873	90	90	9131378
638	502	873	90	90	9131384
639	503	873	90	90	9131391
639	505	873	90	90	9131397
639	506	873	90	90	9131403
640	508	873	90	90	9131409
640	509	873	90	90	9131416
640	511	873	90	90	9131422
641	512	873	90	90	9131428
641	514	878	90	90	9131434
641	516	878	90	90	9131441
641	517	878	90	90	9131447
641	518	878	90	90	9131453
640	520	878	90	90	9131459
640	521	878	90	90	9131466
640	522	878	90	90	9131472
639	524	878	90	90	9131478
639	525	878	90	90	9131484
638	526	878	90	90	9131491
638	527	878	90	90	9131497
637	528	878	90	90	9131503
637	530	878	90	90	9131509
636	531	878	90	90	9131516
636	532	878	90	90	9131522
635	533	878	90	90	9131528
635	534	878	90	90	9131534
634	534	878	90	90	9131541
634	536	878	90	90	9131547
633	537	878	90	90	9131553
633	538	882	90	90	9131559
632	539	882	90	90	9131566
631	540	882	90	90	9131572
631	541	882	90	90	9131578
630	542	886	90	90	9131584
630	543	886	90	90	9131591
630	544	888	90	90	9131603
629	546	890	90	90	9131616
627	547	894	90	90	9131628
626	548	894	90	90	9131641
624	549	898	90	90	9131647
623	549	898	90	90	9131659
622	550	898	90	90	9131672
620	551	902	90	90	9131678
619	551	902	90	90	9131684
618	551	902	90	90	9131691
617	551	902	90	90	9131703
616	551	902	90	90	9131709
615	551	902	90	90	9131716
614	551	902	90	90	9131722
613	551	902	90	90	9131728
612	551	896	90	90	9131741
610	551	857	90	90	9131753
609	551	625	90	90	9131766
608	551	311	90	90	9131778
607	551	26	90	90	9131791
75
636	505	117	90	90	9132491
637	505	265	90	90	9132503
638	505	310	90	90	9132509
639	505	346	90	90	9132516
640	505	374	90	90	9132522
641	505	398	90	90	9132528
643	505	422	90	90	9132534
644	505	447	90	90	9132541
646	505	463	90	90	9132547
647	506	479	90	90	9132553
649	506	499	90	90	9132559
651	506	519	90	90	9132566
653	506	531	90	90	9132572
655	507	539	90	90	9132578
657	507	547	90	90	9132584
660	507	555	90	90	9132591
662	507	559	90	90	9132597
665	507	563	90	90	9132603
667	507	567	90	90	9132609
670	507	571	90	90	9132616
672	507	575	90	90	9132622
675	507	583	90	90	9132628
677	507	588	90	90	9132634
680	507	592	90	90	9132641
682	507	596	90	90	9132647
684	507	600	90	90	9132653
686	507	604	90	90	9132659
688	507	604	90	90	9132666
690	507	608	90	90	9132672
692	507	608	90	90	9132678
694	507	608	90	90	9132684
696	507	608	90	90	9132691
697	506	608	90	90	9132697
699	506	612	90	90	9132703
701	506	612	90	90	9132709
703	506	612	90	90	9132716
704	506	612	90	90	9132722
706	506	612	90	90	9132728
708	506	612	90	90	9132734
709	506	612	90	90	9132741
711	506	612	90	90	9132747
712	506	612	90	90	9132753
714	505	616	90	90	9132759
716	505	616	90	90	9132766
717	505	616	90	90	9132772
719	505	620	90	90	9132778
721	505	624	90	90	9132784
722	505	628	90	90	9132791
724	505	632	90	90	9132797
726	505	640	90	90	9132803
728	505	648	90	90	9132809
730	505	656	90	90	9132816
731	505	668	90	90	9132822
733	505	676	90	90	9132828
735	505	688	90	90	9132834
736	506	700	90	90	9132841
738	506	708	90	90	9132847
739	506	724	90	90	9132853
741	506	733	90	90	9132859
743	506	741	90	90	9132866
744	506	749	90	90	9132872
746	506	753	90	90	9132878
748	506	761	90	90	9132884
749	507	765	90	90	9132891
751	507	769	90	90	9132897
752	507	773	90	90	9132903
754	507	777	90	90	9132909
755	507	781	90	90	9132916
756	507	785	90	90	9132922
757	507	787	90	90	9132934
758	507	785	90	90	9132947
759	506	601	90	90	9132966
758	507	318	90	90	9132972
757	507	161	90	90	9132978
755	508	0	90	90	9132991
26
665	549	127	90	90	9133716
665	550	370	90	90	9133741
666	550	471	90	90	9133747
667	550	511	90	90	9133753
668	550	539	90	90	9133759
670	550	563	90	90	9133766
671	550	596	90	90	9133772
673	550	616	90	90	9133778
676	550	640	90	90	9133784
678	550	656	90	90	9133791
680	550	676	90	90	9133797
683	550	692	90	90	9133803
685	550	704	90	90	9133809
688	550	720	90	90	9133816
690	550	728	90	90	9133822
693	550	737	90	90	9133828
695	550	745	90	90	9133834
698	550	749	90	90	9133841
700	550	753	90	90	9133847
702	550	757	90	90	9133853
705	550	757	90	90	9133859
706	550	757	90	90	9133866
707	550	761	90	90	9133872
709	550	761	90	90	9133884
710	550	674	90	90	9133947
709	550	87	90	90	9133966
24
686	573	217	90	90	9134291
686	572	402	90	90	9134297
685	570	439	90	90	9134303
685	569	471	90	90	9134309
685	567	511	90	90	9134316
684	565	543	90	90	9134322
684	562	571	90	90	9134328
684	559	604	90	90	9134334
683	556	624	90	90	9134341
683	553	640	90	90	9134347
683	549	656	90	90	9134353
683	546	672	90	90	9134359
683	543	688	90	90	9134366
683	539	704	90	90	9134372
683	536	720	90	90	9134378
683	533	733	90	90	9134384
682	530	741	90	90	9134391
682	528	753	90	90	9134397
682	526	761	90	90	9134403
682	524	769	90	90	9134409
682	523	773	90	90	9134416
682	522	777	90	90	9134428
682	521	734	90	90	9134478
682	522	204	90	90	9134503
2
272	397	16	90	90	9137458
273	396	175	90	90	9137527
7
1
674	543	0	90	90	9352489
69
507	504	101	90	90	9354433
508	503	260	90	90	9354451
509	502	336	90	90	9354464
510	502	386	90	90	9354476
511	502	432	90	90	9354489
513	502	463	90	90	9354495
514	502	475	90	90	9354501
515	501	491	90	90	9354508
516	501	511	90	90	9354514
517	501	519	90	90	9354520
518	500	527	90	90	9354526
519	500	535	90	90	9354533
520	500	539	90	90	9354539
521	500	547	90	90	9354545
522	500	555	90	90	9354551
523	499	559	90	90	9354558
524	499	567	90	90	9354564
526	499	575	90	90	9354570
527	499	588	90	90	9354576
529	500	596	90	90	9354583
530	500	600	90	90	9354589
532	500	608	90	90	9354595
534	500	612	90	90	9354601
536	500	616	90	90	9354608
537	500	620	90	90	9354614
539	500	624	90	90	9354620
541	500	624	90	90	9354626
543	500	628	90	90	9354633
544	500	628	90	90	9354639
546	499	632	90	90	9354645
547	499	632	90	90	9354651
549	499	636	90	90	9354658
550	499	636	90	90	9354664
552	499	640	90	90	9354670
553	499	644	90	90	9354676
555	499	648	90	90	9354683
556	499	652	90	90	9354689
557	499	656	90	90	9354695
559	499	660	90	90	9354701
560	499	660	90	90	9354708
562	499	664	90	90	9354714
563	499	668	90	90	9354720
565	499	668	90	90	9354726
566	499	672	90	90	9354733
568	499	672	90	90	9354739
570	499	676	90	90	9354745
571	499	676	90	90	9354751
573	499	680	90	90	9354758
574	498	684	90	90	9354764
576	498	684	90	90	9354770
577	498	688	90	90	9354776
579	498	692	90	90	9354783
580	498	696	90	90	9354789
581	498	700	90	90	9354795
583	498	704	90	90	9354801
584	498	708	90	90	9354808
586	498	712	90	90	9354814
587	498	712	90	90	9354820
589	498	720	90	90	9354826
590	498	724	90	90	9354833
592	498	724	90	90	9354839
593	498	724	90	90	9354845
594	498	728	90	90	9354851
595	498	728	90	90	9354858
596	498	730	90	90	9354870
598	498	735	90	90	9354883
599	498	670	90	90	9354933
598	499	285	90	90	9354939
597	499	70	90	90	9354951
201
652	538	32	90	90	9355945
652	539	102	90	90	9355964
651	540	179	90	90	9355976
651	541	259	90	90	9355989
650	542	324	90	90	9356001
648	543	376	90	90	9356014
647	543	406	90	90	9356020
646	543	426	90	90	9356026
645	544	447	90	90	9356033
644	544	459	90	90	9356039
643	544	467	90	90	9356045
642	544	479	90	90	9356051
641	544	491	90	90	9356058
640	544	509	90	90	9356070
639	544	519	90	90	9356076
638	544	527	90	90	9356083
637	544	531	90	90	9356089
636	544	539	90	90	9356095
635	544	543	90	90	9356101
634	544	547	90	90	9356108
633	544	557	90	90	9356120
631	544	565	90	90	9356133
630	543	573	90	90	9356145
629	543	585	90	90	9356158
627	542	592	90	90	9356164
626	542	596	90	90	9356170
625	541	598	90	90	9356183
624	541	604	90	90	9356189
623	540	608	90	90	9356195
622	540	612	90	90	9356201
621	539	616	90	90	9356208
620	539	620	90	90	9356214
619	538	628	90	90	9356220
618	537	637	90	90	9356239
616	536	648	90	90	9356245
615	535	652	90	90	9356251
614	534	656	90	90	9356258
613	533	662	90	90	9356270
612	532	670	90	90	9356283
610	530	678	90	90	9356295
609	529	686	90	90	9356308
608	528	698	90	90	9356320
606	526	706	90	90	9356333
605	525	712	90	90	9356339
605	524	720	90	90	9356345
604	523	724	90	90	9356351
604	522	728	90	90	9356358
603	520	728	90	90	9356364
603	519	733	90	90	9356370
602	518	733	90	90	9356376
602	516	737	90	90	9356383
601	515	737	90	90	9356389
600	513	741	90	90	9356395
600	512	745	90	90	9356401
600	510	749	90	90	9356408
599	509	753	90	90	9356414
599	508	757	90	90	9356420
598	507	761	90	90	9356426
598	505	765	90	90	9356433
598	504	773	90	90	9356439
597	503	777	90	90	9356445
597	502	781	90	90	9356451
597	501	785	90	90	9356458
597	500	789	90	90	9356464
597	498	793	90	90	9356470
597	497	797	90	90	9356476
597	496	801	90	90	9356483
597	494	805	90	90	9356489
597	493	809	90	90	9356495
597	492	809	90	90	9356501
597	490	813	90	90	9356508
597	489	813	90	90	9356514
598	487	817	90	90	9356520
598	486	817	90	90	9356526
599	484	817	90	90	9356533
599	483	821	90	90	9356539
600	482	821	90	90	9356545
600	481	821	90	90	9356551
601	480	825	90	90	9356558
601	479	827	90	90	9356570
602	477	829	90	90	9356576
603	476	833	90	90	9356583
603	475	837	90	90	9356595
605	474	841	90	90	9356608
606	472	845	90	90	9356620
608	471	845	90	90	9356626
609	471	845	90	90	9356633
610	470	845	90	90	9356639
611	470	849	90	90	9356645
612	469	849	90	90	9356651
613	469	849	90	90	9356658
615	468	849	90	90	9356664
616	468	849	90	90	9356670
617	468	849	90	90	9356676
619	467	849	90	90	9356683
620	467	849	90	90	9356689
622	466	849	90	90	9356695
623	466	849	90	90	9356701
625	465	849	90	90	9356708
626	465	849	90	90	9356714
628	465	853	90	90	9356720
629	464	853	90	90	9356726
630	464	853	90	90	9356733
631	464	853	90	90	9356739
633	464	853	90	90	9356745
634	464	853	90	90	9356751
635	464	853	90	90	9356758
636	464	853	90	90	9356764
637	464	857	90	90	9356770
639	464	857	90	90	9356776
640	465	857	90	90	9356783
641	465	857	90	90	9356789
642	465	857	90	90	9356795
644	465	857	90	90	9356801
645	466	857	90	90	9356808
646	466	861	90	90	9356814
647	467	861	90	90	9356820
649	467	861	90	90	9356826
650	468	861	90	90	9356833
651	468	861	90	90	9356839
652	469	861	90	90	9356845
653	469	865	90	90	9356851
654	470	865	90	90	9356858
655	471	865	90	90	9356864
656	471	865	90	90	9356870
657	472	865	90	90	9356876
658	473	865	90	90	9356883
659	473	865	90	90	9356895
660	475	865	90	90	9356901
661	475	865	90	90	9356908
662	476	861	90	90	9356920
664	477	861	90	90	9356926
664	478	861	90	90	9356939
666	480	861	90	90	9356945
667	481	861	90	90	9356951
668	482	861	90	90	9356958
668	483	861	90	90	9356964
669	483	861	90	90	9356970
670	484	865	90	90	9356976
670	486	865	90	90	9356983
671	487	865	90	90	9356989
672	488	865	90	90	9356995
672	489	865	90	90	9357001
673	490	865	90	90	9357008
673	491	865	90	90	9357014
673	493	869	90	90	9357020
674	494	869	90	90	9357026
674	495	869	90	90	9357033
674	496	869	90	90	9357039
675	497	869	90	90	9357045
675	498	873	90	90	9357051
675	499	873	90	90	9357058
675	500	873	90	90	9357064
675	501	871	90	90	9357076
675	502	869	90	90	9357083
675	503	869	90	90	9357089
675	504	869	90	90	9357101
675	506	869	90	90	9357108
675	507	869	90	90	9357114
675	508	869	90	90	9357120
675	509	869	90	90	9357126
675	510	869	90	90	9357133
674	511	869	90	90	9357139
674	512	873	90	90	9357145
674	513	873	90	90	9357151
673	514	873	90	90	9357158
673	515	873	90	90	9357164
673	516	873	90	90	9357170
672	517	873	90	90	9357176
672	518	873	90	90	9357183
671	519	873	90	90	9357189
671	520	878	90	90	9357201
670	521	878	90	90	9357214
668	523	878	90	90	9357226
667	524	880	90	90	9357239
666	525	882	90	90	9357251
665	527	882	90	90	9357264
664	528	882	90	90	9357276
663	528	882	90	90	9357289
662	529	882	90	90	9357301
661	529	882	90	90	9357314
660	530	886	90	90	9357326
659	531	886	90	90	9357339
658	531	886	90	90	9357351
657	532	888	90	90	9357364
656	532	890	90	90	9357376
655	533	890	90	90	9357389
654	533	890	90	90	9357401
653	533	890	90	90	9357414
652	534	894	90	90	9357426
650	534	894	90	90	9357439
649	535	894	90	90	9357451
648	535	898	90	90	9357464
646	535	898	90	90	9357476
645	536	898	90	90	9357489
644	536	898	90	90	9357501
643	536	898	90	90	9357514
642	536	898	90	90	9357526
641	536	898	90	90	9357539
640	536	900	90	90	9357558
639	536	522	90	90	9357620
55
672	497	24	90	90	9358333
673	498	78	90	90	9358345
674	498	150	90	90	9358358
676	498	209	90	90	9358364
677	498	249	90	90	9358370
678	498	285	90	90	9358376
679	498	326	90	90	9358383
681	498	366	90	90	9358389
683	498	394	90	90	9358395
685	498	426	90	90	9358401
688	498	451	90	90	9358408
690	498	471	90	90	9358414
693	498	487	90	90	9358420
697	499	503	90	90	9358426
700	499	519	90	90	9358433
703	499	527	90	90	9358439
706	499	535	90	90	9358445
710	499	543	90	90	9358451
713	499	551	90	90	9358458
716	499	563	90	90	9358464
719	498	571	90	90	9358470
722	498	588	90	90	9358476
725	498	596	90	90	9358483
728	498	608	90	90	9358489
730	498	612	90	90	9358495
733	498	620	90	90	9358501
736	498	624	90	90	9358508
738	498	628	90	90	9358514
741	498	636	90	90	9358520
743	498	640	90	90	9358526
746	498	648	90	90	9358533
748	498	652	90	90	9358539
751	498	660	90	90	9358545
753	497	668	90	90	9358551
755	497	680	90	90	9358558
758	497	688	90	90	9358564
760	497	696	90	90	9358570
762	497	708	90	90	9358576
764	497	720	90	90	9358583
767	497	728	90	90	9358589
769	497	737	90	90	9358595
772	497	741	90	90	9358601
774	497	749	90	90	9358608
776	497	753	90	90	9358614
779	497	757	90	90	9358620
781	497	761	90	90	9358626
783	497	761	90	90	9358633
785	497	765	90	90	9358639
786	497	769	90	90	9358645
787	497	769	90	90	9358651
789	497	774	90	90	9358670
791	497	767	90	90	9358683
792	497	559	90	90	9358701
790	498	273	90	90	9358708
789	498	54	90	90	9358720
25
686	539	127	90	90	9359308
688	538	263	90	90	9359320
689	538	342	90	90	9359326
690	538	386	90	90	9359333
691	538	426	90	90	9359339
693	538	459	90	90	9359345
695	539	491	90	90	9359351
697	539	519	90	90	9359358
699	539	539	90	90	9359364
701	539	559	90	90	9359370
704	539	571	90	90	9359376
706	539	588	90	90	9359383
709	539	596	90	90	9359389
711	539	604	90	90	9359395
713	539	616	90	90	9359401
716	539	624	90	90	9359408
718	539	628	90	90	9359414
720	539	632	90	90	9359420
722	539	636	90	90	9359426
724	540	640	90	90	9359433
725	540	640	90	90	9359439
726	540	644	90	90	9359445
727	540	646	90	90	9359458
728	540	547	90	90	9359501
727	540	76	90	90	9359520
28
710	558	107	90	90	9359814
710	557	229	90	90	9359826
710	556	316	90	90	9359839
710	555	378	90	90	9359845
710	553	414	90	90	9359851
710	552	447	90	90	9359858
709	551	475	90	90	9359864
709	549	515	90	90	9359870
709	547	535	90	90	9359876
709	544	559	90	90	9359883
709	542	575	90	90	9359889
708	540	596	90	90	9359895
708	537	608	90	90	9359901
708	535	620	90	90	9359908
708	533	636	90	90	9359914
708	531	648	90	90	9359920
708	529	660	90	90	9359926
708	527	672	90	90	9359933
708	526	680	90	90	9359939
708	524	688	90	90	9359945
708	523	696	90	90	9359951
708	522	704	90	90	9359958
708	521	710	90	90	9359970
708	520	716	90	90	9359983
708	519	703	90	90	9360058
708	520	390	90	90	9360064
708	521	249	90	90	9360070
708	522	46	90	90	9360083
2
266	396	40	90	90	9362955
266	395	150	90	90	9363005
7
1
552	534	0	90	90	9605593
43
491	524	407	90	90	9606012
492	524	708	90	90	9606018
493	524	749	90	90	9606024
494	524	777	90	90	9606030
496	524	797	90	90	9606037
497	524	813	90	90	9606043
499	524	829	90	90	9606049
501	524	837	90	90	9606055
503	524	849	90	90	9606062
505	524	861	90	90	9606068
507	524	869	90	90	9606074
510	524	878	90	90	9606080
512	524	890	90	90	9606087
514	524	898	90	90	9606093
517	524	906	90	90	9606099
520	524	914	90	90	9606105
522	524	918	90	90	9606112
525	524	926	90	90	9606118
527	524	930	90	90	9606124
530	524	938	90	90	9606130
533	524	942	90	90	9606137
536	525	950	90	90	9606143
539	525	954	90	90	9606149
541	525	962	90	90	9606155
544	525	966	90	90	9606162
546	525	970	90	90	9606168
549	525	974	90	90	9606174
551	525	978	90	90	9606180
553	525	978	90	90	9606187
555	525	982	90	90	9606193
557	525	982	90	90	9606199
559	525	982	90	90	9606205
561	525	986	90	90	9606212
563	525	986	90	90	9606218
564	524	986	90	90	9606224
566	524	986	90	90	9606230
568	524	986	90	90	9606237
569	524	990	90	90	9606243
570	524	990	90	90	9606249
571	524	990	90	90	9606262
572	525	878	90	90	9606299
571	525	362	90	90	9606312
570	526	40	90	90	9606324
211
633	565	24	90	90	9606774
634	564	390	90	90	9606812
633	565	665	90	90	9606830
632	566	732	90	90	9606843
631	567	763	90	90	9606855
630	568	783	90	90	9606868
628	568	801	90	90	9606880
627	569	813	90	90	9606887
626	569	817	90	90	9606893
625	569	825	90	90	9606899
623	569	833	90	90	9606905
622	569	837	90	90	9606912
621	569	845	90	90	9606918
619	569	849	90	90	9606924
618	569	853	90	90	9606930
617	569	857	90	90	9606937
615	569	861	90	90	9606943
614	569	865	90	90	9606949
612	569	869	90	90	9606955
611	569	869	90	90	9606962
610	569	873	90	90	9606968
609	569	878	90	90	9606974
607	568	878	90	90	9606980
606	568	878	90	90	9606987
605	568	882	90	90	9606993
604	568	882	90	90	9606999
602	567	886	90	90	9607005
601	567	890	90	90	9607012
600	567	890	90	90	9607018
599	566	894	90	90	9607024
598	566	894	90	90	9607030
597	565	898	90	90	9607037
596	565	898	90	90	9607043
595	564	902	90	90	9607049
594	564	902	90	90	9607055
593	563	902	90	90	9607062
592	563	906	90	90	9607068
591	562	906	90	90	9607074
590	561	906	90	90	9607080
589	560	906	90	90	9607087
588	560	910	90	90	9607093
587	559	910	90	90	9607099
586	558	910	90	90	9607105
585	557	916	90	90	9607118
584	556	920	90	90	9607130
582	555	926	90	90	9607137
581	554	930	90	90	9607143
581	553	930	90	90	9607149
580	552	934	90	90	9607155
579	551	938	90	90	9607162
579	550	938	90	90	9607168
578	549	942	90	90	9607174
578	548	942	90	90	9607180
577	547	942	90	90	9607187
577	546	946	90	90	9607193
576	545	946	90	90	9607199
576	543	950	90	90	9607205
575	542	954	90	90	9607212
575	541	958	90	90	9607218
574	539	958	90	90	9607224
574	538	962	90	90	9607230
574	536	966	90	90	9607237
573	535	970	90	90	9607243
573	534	970	90	90	9607249
572	532	974	90	90	9607255
572	531	978	90	90	9607262
572	530	978	90	90	9607268
572	529	982	90	90	9607274
571	528	986	90	90	9607280
571	527	990	90	90	9607287
571	526	990	90	90	9607293
571	525	994	90	90	9607299
571	523	998	90	90	9607305
571	522	998	90	90	9607312
571	521	1002	90	90	9607318
571	520	1002	90	90	9607324
571	518	1006	90	90	9607330
571	517	1006	90	90	9607337
571	515	1006	90	90	9607343
572	514	1010	90	90	9607349
572	512	1010	90	90	9607355
572	511	1014	90	90	9607362
572	510	1014	90	90	9607368
573	508	1014	90	90	9607374
573	507	1023	90	90	9607380
574	506	1023	90	90	9607399
576	504	1023	90	90	9607412
577	503	1023	90	90	9607424
578	501	1023	90	90	9607437
579	500	1023	90	90	9607449
581	499	1023	90	90	9607455
582	498	1023	90	90	9607462
583	497	1023	90	90	9607468
584	497	1023	90	90	9607474
585	496	1023	90	90	9607480
586	496	1023	90	90	9607487
587	495	1023	90	90	9607493
588	495	1023	90	90	9607499
589	494	1023	90	90	9607505
590	494	1023	90	90	9607512
591	493	1023	90	90	9607518
592	493	1023	90	90	9607524
593	493	1023	90	90	9607530
594	492	1023	90	90	9607537
595	492	1023	90	90	9607543
596	492	1023	90	90	9607549
597	491	1023	90	90	9607555
598	491	1023	90	90	9607562
599	491	1023	90	90	9607568
600	490	1023	90	90	9607574
601	490	1023	90	90	9607580
602	490	1023	90	90	9607593
604	490	1023	90	90	9607599
605	489	1023	90	90	9607605
606	489	1023	90	90	9607612
607	489	1023	90	90	9607618
608	489	1023	90	90	9607624
609	489	1023	90	90	9607630
610	489	1023	90	90	9607637
611	489	1023	90	90	9607643
612	490	1023	90	90	9607649
613	490	1023	90	90	9607655
615	490	1023	90	90	9607662
616	490	1023	90	90	9607668
617	490	1023	90	90	9607674
619	491	1023	90	90	9607680
620	491	1023	90	90	9607687
621	491	1023	90	90	9607693
623	491	1023	90	90	9607699
624	491	1023	90	90	9607705
625	491	1023	90	90	9607712
626	492	1023	90	90	9607718
627	492	1023	90	90	9607724
628	492	1023	90	90	9607730
629	493	1023	90	90	9607737
630	493	1023	90	90	9607743
631	494	1023	90	90	9607755
632	495	1023	90	90	9607768
634	496	1023	90	90	9607774
635	496	1023	90	90	9607787
636	498	1023	90	90	9607793
637	499	1023	90	90	9607805
639	500	1023	90	90	9607812
639	501	1023	90	90	9607818
640	502	1023	90	90	9607830
642	503	1023	90	90	9607837
643	504	1023	90	90	9607849
644	506	1023	90	90	9607855
645	507	1023	90	90	9607862
645	508	1023	90	90	9607868
646	509	1023	90	90	9607874
647	510	1023	90	90	9607880
647	511	1023	90	90	9607887
648	512	1023	90	90	9607893
648	513	1023	90	90	9607899
648	514	1023	90	90	9607905
649	515	1023	90	90	9607912
649	516	1023	90	90	9607918
649	518	1023	90	90	9607924
649	519	1023	90	90	9607930
649	520	1023	90	90	9607937
649	521	1023	90	90	9607943
650	522	1023	90	90	9607949
650	523	1023	90	90	9607955
650	524	1023	90	90	9607962
650	525	1023	90	90	9607968
650	526	1023	90	90	9607974
649	526	1023	90	90	9607987
649	528	1023	90	90	9607993
649	529	1023	90	90	9607999
649	530	1023	90	90	9608005
649	531	1023	90	90	9608018
648	532	1023	90	90	9608024
648	533	1023	90	90	9608030
648	534	1023	90	90	9608037
648	535	1023	90	90	9608043
647	536	1023	90	90	9608055
647	537	1023	90	90	9608062
647	538	1023	90	90	9608068
646	539	1023	90	90	9608074
646	540	1023	90	90	9608080
645	541	1023	90	90	9608087
645	542	1023	90	90	9608093
644	542	1023	90	90	9608099
644	543	1023	90	90	9608105
643	544	1023	90	90	9608118
642	546	1023	90	90	9608130
642	547	1023	90	90	9608143
641	548	1023	90	90	9608155
640	549	1023	90	90	9608168
639	550	1023	90	90	9608180
639	551	1023	90	90	9608193
638	552	1023	90	90	9608205
637	553	1023	90	90	9608218
637	554	1023	90	90	9608237
635	555	1023	90	90	9608268
633	556	1023	90	90	9608280
632	556	1023	90	90	9608293
631	557	1023	90	90	9608305
630	558	1023	90	90	9608318
629	558	1023	90	90	9608330
628	558	1023	90	90	9608343
627	559	1023	90	90	9608355
626	559	1023	90	90	9608368
625	560	1023	90	90	9608380
624	560	1023	90	90	9608393
623	560	1023	90	90	9608405
622	561	1023	90	90	9608424
621	561	901	90	90	9608462
622	560	350	90	90	9608474
623	560	32	90	90	9608487
53
651	522	58	90	90	9609012
650	522	460	90	90	9609068
651	523	648	90	90	9609074
652	523	676	90	90	9609080
653	523	700	90	90	9609087
654	523	728	90	90	9609093
656	523	749	90	90	9609099
658	523	769	90	90	9609105
659	523	785	90	90	9609112
662	523	801	90	90	9609118
664	523	813	90	90	9609124
667	523	825	90	90	9609130
670	523	833	90	90	9609137
673	523	841	90	90	9609143
676	523	849	90	90	9609149
679	523	857	90	90	9609155
683	523	861	90	90	9609162
686	523	869	90	90	9609168
690	523	873	90	90	9609174
693	523	873	90	90	9609180
697	523	878	90	90	9609187
700	523	882	90	90	9609193
704	523	886	90	90	9609199
707	523	886	90	90	9609205
710	523	890	90	90	9609212
714	522	894	90	90	9609218
717	522	898	90	90	9609224
720	522	898	90	90	9609230
724	522	902	90	90	9609237
727	522	906	90	90	9609243
730	522	910	90	90	9609249
733	522	914	90	90	9609255
736	522	922	90	90	9609262
739	522	926	90	90	9609268
743	522	930	90	90	9609274
746	522	934	90	90	9609280
749	522	942	90	90	9609287
752	522	946	90	90	9609293
755	522	950	90	90	9609299
758	522	954	90	90	9609305
761	522	954	90	90	9609312
764	522	958	90	90	9609318
766	522	962	90	90	9609324
769	522	962	90	90	9609330
771	522	966	90	90	9609337
773	521	966	90	90	9609343
775	521	966	90	90	9609349
777	521	966	90	90	9609355
778	521	966	90	90	9609362
780	521	962	90	90	9609368
781	521	788	90	90	9609399
779	521	354	90	90	9609405
777	521	84	90	90	9609418
21
673	560	40	90	90	9610055
671	560	429	90	90	9610093
671	561	680	90	90	9610105
673	561	724	90	90	9610112
674	561	741	90	90	9610118
676	561	761	90	90	9610124
678	561	781	90	90	9610130
680	561	797	90	90	9610137
683	561	813	90	90	9610143
685	561	829	90	90	9610149
688	561	841	90	90	9610155
691	561	853	90	90	9610162
694	561	861	90	90	9610168
696	561	869	90	90	9610174
699	561	873	90	90	9610180
701	562	878	90	90	9610187
703	562	882	90	90	9610193
704	562	882	90	90	9610199
706	562	882	90	90	9610218
707	562	722	90	90	9610262
706	562	117	90	90	9610280
24
691	580	320	90	90	9610530
691	579	609	90	90	9610543
690	578	676	90	90	9610549
690	576	720	90	90	9610555
690	574	749	90	90	9610562
690	572	773	90	90	9610568
690	570	797	90	90	9610574
690	567	813	90	90	9610580
689	564	833	90	90	9610587
689	560	845	90	90	9610593
689	557	857	90	90	9610599
688	553	869	90	90	9610605
688	550	878	90	90	9610612
688	547	886	90	90	9610618
687	544	894	90	90	9610624
687	541	898	90	90	9610630
687	539	906	90	90	9610637
687	538	910	90	90	9610643
687	537	914	90	90	9610649
687	536	920	90	90	9610668
687	535	871	90	90	9610699
687	536	505	90	90	9610712
687	537	253	90	90	9610718
687	539	36	90	90	9610730
10
275	396	8	90	90	9613044
275	394	120	90	90	9613051
275	394	225	90	90	9613057
275	393	318	90	90	9613063
275	393	402	90	90	9613069
275	393	390	90	90	9613076
275	393	298	90	90	9613082
274	393	197	90	90	9613088
274	393	92	90	90	9613094
274	393	0	90	90	9613101
6
1
609	529	0	90	90	9809920
43
489	502	72	90	90	9810382
488	503	222	90	90	9810401
487	503	408	90	90	9810445
488	502	525	90	90	9810457
490	502	559	90	90	9810463
491	502	583	90	90	9810470
493	502	600	90	90	9810476
494	502	612	90	90	9810482
495	502	628	90	90	9810488
497	502	636	90	90	9810495
499	501	648	90	90	9810501
501	501	660	90	90	9810507
503	501	668	90	90	9810513
505	500	676	90	90	9810520
507	500	684	90	90	9810526
510	500	692	90	90	9810532
512	499	700	90	90	9810538
515	499	704	90	90	9810545
517	499	712	90	90	9810551
520	499	720	90	90	9810557
522	499	728	90	90	9810563
524	499	737	90	90	9810570
527	499	745	90	90	9810576
529	499	753	90	90	9810582
531	499	761	90	90	9810588
534	499	765	90	90	9810595
536	499	773	90	90	9810601
539	499	777	90	90	9810607
541	499	781	90	90	9810613
543	498	785	90	90	9810620
545	498	789	90	90	9810626
548	498	793	90	90	9810632
550	498	797	90	90	9810638
551	498	801	90	90	9810645
553	498	801	90	90	9810651
555	498	805	90	90	9810657
556	498	809	90	90	9810663
557	498	813	90	90	9810670
558	499	815	90	90	9810682
559	499	814	90	90	9810701
560	499	616	90	90	9810720
560	500	247	90	90	9810732
558	502	2	90	90	9810745
202
639	553	48	90	90	9811720
639	554	136	90	90	9811732
638	555	288	90	90	9811751
637	555	414	90	90	9811763
636	556	493	90	90	9811776
634	556	539	90	90	9811782
634	557	575	90	90	9811795
632	557	604	90	90	9811801
631	557	616	90	90	9811807
630	558	624	90	90	9811813
629	558	636	90	90	9811820
628	558	644	90	90	9811826
627	558	652	90	90	9811832
626	559	660	90	90	9811838
625	559	668	90	90	9811845
623	559	680	90	90	9811851
622	559	688	90	90	9811857
621	559	696	90	90	9811863
619	559	700	90	90	9811870
618	559	708	90	90	9811876
616	559	712	90	90	9811882
614	559	720	90	90	9811888
613	559	724	90	90	9811895
611	558	728	90	90	9811901
610	558	728	90	90	9811907
608	558	733	90	90	9811913
607	558	737	90	90	9811920
606	557	741	90	90	9811926
604	557	745	90	90	9811932
603	557	749	90	90	9811938
601	556	753	90	90	9811945
600	556	757	90	90	9811951
599	556	761	90	90	9811957
597	555	765	90	90	9811963
596	555	765	90	90	9811970
594	554	769	90	90	9811976
593	554	773	90	90	9811982
592	553	773	90	90	9811988
590	553	777	90	90	9811995
589	552	781	90	90	9812001
588	551	781	90	90	9812007
586	550	785	90	90	9812013
585	549	785	90	90	9812020
584	548	791	90	90	9812032
582	547	797	90	90	9812038
581	546	801	90	90	9812045
580	544	805	90	90	9812051
580	543	809	90	90	9812057
579	542	809	90	90	9812063
578	541	813	90	90	9812070
577	539	817	90	90	9812076
576	538	817	90	90	9812082
576	536	821	90	90	9812088
575	535	821	90	90	9812095
574	533	825	90	90	9812101
573	532	829	90	90	9812107
572	531	833	90	90	9812113
572	530	833	90	90	9812120
571	528	837	90	90	9812126
570	527	841	90	90	9812132
569	526	845	90	90	9812138
568	524	849	90	90	9812145
567	523	853	90	90	9812151
566	521	857	90	90	9812157
565	520	857	90	90	9812163
564	518	861	90	90	9812170
563	516	865	90	90	9812176
562	515	865	90	90	9812182
562	513	869	90	90	9812188
561	511	869	90	90	9812195
561	509	873	90	90	9812201
560	508	878	90	90	9812207
560	506	878	90	90	9812213
560	505	882	90	90	9812220
560	503	882	90	90	9812226
560	502	886	90	90	9812232
560	500	886	90	90	9812238
560	499	890	90	90	9812245
560	497	890	90	90	9812251
560	496	894	90	90	9812257
561	494	894	90	90	9812263
561	492	898	90	90	9812270
562	491	902	90	90	9812276
562	489	902	90	90	9812282
563	487	902	90	90	9812288
564	486	902	90	90	9812295
565	484	906	90	90	9812301
566	482	906	90	90	9812307
567	481	906	90	90	9812313
568	480	910	90	90	9812320
569	479	910	90	90	9812326
571	477	914	90	90	9812332
572	476	914	90	90	9812338
573	475	918	90	90	9812345
574	475	922	90	90	9812351
575	474	922	90	90	9812357
576	473	926	90	90	9812363
577	472	930	90	90	9812370
578	471	930	90	90	9812376
580	470	930	90	90	9812382
581	470	934	90	90	9812388
582	469	934	90	90	9812395
584	469	934	90	90	9812401
585	468	934	90	90	9812407
587	468	938	90	90	9812413
589	468	938	90	90	9812420
591	467	938	90	90	9812426
593	467	938	90	90	9812432
595	467	938	90	90	9812438
597	467	942	90	90	9812445
599	467	942	90	90	9812451
601	467	942	90	90	9812457
603	466	942	90	90	9812463
604	466	942	90	90	9812470
606	466	942	90	90	9812476
608	466	942	90	90	9812482
610	466	942	90	90	9812488
612	466	942	90	90	9812495
614	467	946	90	90	9812501
615	467	946	90	90	9812507
617	467	946	90	90	9812513
619	468	946	90	90	9812520
621	468	946	90	90	9812526
623	469	946	90	90	9812532
625	470	950	90	90	9812538
627	470	950	90	90	9812545
629	471	950	90	90	9812551
631	471	950	90	90	9812557
632	472	950	90	90	9812563
634	473	950	90	90	9812570
635	474	950	90	90	9812576
636	474	950	90	90	9812582
638	475	950	90	90	9812588
639	476	950	90	90	9812595
640	477	950	90	90	9812601
641	478	950	90	90	9812607
643	479	950	90	90	9812613
644	480	950	90	90	9812620
645	481	950	90	90	9812626
647	483	950	90	90	9812632
648	484	950	90	90	9812638
650	486	954	90	90	9812645
651	487	954	90	90	9812651
652	489	954	90	90	9812657
653	490	954	90	90	9812663
653	492	954	90	90	9812670
654	493	958	90	90	9812676
655	494	958	90	90	9812682
655	496	958	90	90	9812688
656	497	958	90	90	9812695
656	498	958	90	90	9812701
656	499	962	90	90	9812707
656	501	962	90	90	9812713
657	502	962	90	90	9812720
657	504	962	90	90	9812726
657	505	962	90	90	9812732
657	507	962	90	90	9812738
657	508	962	90	90	9812745
657	509	962	90	90	9812751
657	511	962	90	90	9812757
657	512	962	90	90	9812763
657	514	962	90	90	9812770
657	515	962	90	90	9812776
657	516	962	90	90	9812782
657	517	966	90	90	9812788
657	519	966	90	90	9812795
657	520	966	90	90	9812801
657	521	966	90	90	9812807
656	522	966	90	90	9812813
656	524	966	90	90	9812820
656	525	966	90	90	9812826
655	526	970	90	90	9812832
655	527	970	90	90	9812838
655	528	970	90	90	9812845
654	528	970	90	90	9812851
654	529	970	90	90	9812857
653	530	968	90	90	9812870
652	532	966	90	90	9812876
651	532	966	90	90	9812882
651	533	970	90	90	9812888
650	534	970	90	90	9812895
649	535	970	90	90	9812901
649	536	970	90	90	9812907
648	537	970	90	90	9812913
647	538	970	90	90	9812920
647	539	970	90	90	9812926
646	540	970	90	90	9812932
645	541	972	90	90	9812945
644	542	974	90	90	9812951
643	543	974	90	90	9812963
642	545	978	90	90	9812976
640	546	978	90	90	9812988
639	547	982	90	90	9813001
637	548	982	90	90	9813013
636	549	984	90	90	9813026
635	549	986	90	90	9813032
634	550	986	90	90	9813045
633	550	986	90	90	9813057
632	551	990	90	90	9813070
631	552	990	90	90	9813095
630	552	883	90	90	9813151
630	551	142	90	90	9813176
55
656	502	96	90	90	9813651
655	502	288	90	90	9813695
656	502	382	90	90	9813701
657	502	406	90	90	9813707
658	502	447	90	90	9813713
659	502	479	90	90	9813720
661	502	527	90	90	9813726
663	502	559	90	90	9813732
665	502	596	90	90	9813738
668	502	624	90	90	9813745
670	502	652	90	90	9813751
673	502	672	90	90	9813757
676	502	688	90	90	9813763
679	502	700	90	90	9813770
682	502	712	90	90	9813776
686	502	724	90	90	9813782
689	502	733	90	90	9813788
692	502	741	90	90	9813795
696	502	749	90	90	9813801
699	502	757	90	90	9813807
703	501	761	90	90	9813813
706	501	765	90	90	9813820
710	501	769	90	90	9813826
713	500	769	90	90	9813832
716	500	773	90	90	9813838
719	499	773	90	90	9813845
722	499	777	90	90	9813851
725	499	785	90	90	9813857
728	499	789	90	90	9813863
731	499	793	90	90	9813870
734	499	797	90	90	9813876
737	498	805	90	90	9813882
740	498	813	90	90	9813888
743	498	817	90	90	9813895
746	498	821	90	90	9813901
749	497	825	90	90	9813907
752	497	829	90	90	9813913
754	497	829	90	90	9813920
757	497	833	90	90	9813926
760	496	833	90	90	9813932
762	496	837	90	90	9813938
765	496	837	90	90	9813945
767	496	837	90	90	9813951
769	495	837	90	90	9813957
771	495	841	90	90	9813963
774	495	841	90	90	9813970
776	495	841	90	90	9813976
778	495	845	90	90	9813982
779	495	845	90	90	9813988
781	495	845	90	90	9813995
782	495	841	90	90	9814001
783	495	687	90	90	9814026
782	495	338	90	90	9814032
780	495	169	90	90	9814038
778	496	0	90	90	9814051
24
680	549	233	90	90	9814495
681	549	451	90	90	9814501
682	549	511	90	90	9814507
684	549	555	90	90	9814513
685	549	600	90	90	9814520
687	550	632	90	90	9814526
690	550	660	90	90	9814532
692	550	680	90	90	9814538
695	550	696	90	90	9814545
698	550	712	90	90	9814551
701	550	728	90	90	9814557
704	550	737	90	90	9814563
707	550	749	90	90	9814570
709	551	753	90	90	9814576
712	551	761	90	90	9814582
714	551	765	90	90	9814588
715	551	769	90	90	9814595
717	551	773	90	90	9814601
718	551	777	90	90	9814607
719	551	783	90	90	9814620
720	551	758	90	90	9814657
719	551	559	90	90	9814670
718	552	301	90	90	9814682
717	553	48	90	90	9814695
32
705	572	16	90	90	9814870
705	573	92	90	90	9814876
705	574	242	90	90	9814895
705	575	460	90	90	9814926
705	574	581	90	90	9814938
705	572	620	90	90	9814945
705	570	644	90	90	9814951
705	569	668	90	90	9814957
704	566	688	90	90	9814963
704	564	704	90	90	9814970
703	561	724	90	90	9814976
703	557	737	90	90	9814982
702	554	749	90	90	9814988
702	550	757	90	90	9814995
701	546	769	90	90	9815001
701	542	777	90	90	9815007
701	539	789	90	90	9815013
700	535	801	90	90	9815020
700	532	809	90	90	9815026
699	529	821	90	90	9815032
699	526	833	90	90	9815038
699	524	845	90	90	9815045
698	522	853	90	90	9815051
698	520	861	90	90	9815057
697	519	865	90	90	9815063
697	518	873	90	90	9815070
697	517	880	90	90	9815082
696	516	888	90	90	9815120
696	517	776	90	90	9815138
697	518	436	90	90	9815151
697	519	177	90	90	9815157
696	520	2	90	90	9815170
