4
1
319	407	0	90	90	2520097
58
511	450	64	90	90	2520603
513	450	120	90	90	2520609
515	450	173	90	90	2520615
517	450	229	90	90	2520622
518	450	273	90	90	2520628
520	450	306	90	90	2520634
522	450	346	90	90	2520640
524	450	374	90	90	2520647
526	450	398	90	90	2520653
529	450	426	90	90	2520659
531	450	451	90	90	2520665
534	450	467	90	90	2520672
537	450	487	90	90	2520678
540	451	503	90	90	2520684
544	451	519	90	90	2520690
547	451	531	90	90	2520697
551	451	543	90	90	2520703
556	451	555	90	90	2520709
560	452	567	90	90	2520715
564	452	583	90	90	2520722
568	452	600	90	90	2520728
572	453	612	90	90	2520734
576	453	624	90	90	2520740
580	453	636	90	90	2520747
585	453	644	90	90	2520753
590	454	652	90	90	2520759
595	454	656	90	90	2520765
600	454	656	90	90	2520772
605	454	660	90	90	2520778
610	454	660	90	90	2520784
616	454	660	90	90	2520790
621	454	660	90	90	2520797
625	454	660	90	90	2520803
630	454	664	90	90	2520809
635	454	664	90	90	2520815
639	454	664	90	90	2520822
643	454	664	90	90	2520828
647	454	664	90	90	2520834
651	454	664	90	90	2520840
655	454	664	90	90	2520847
660	454	664	90	90	2520853
663	454	664	90	90	2520859
667	454	664	90	90	2520865
670	454	664	90	90	2520872
673	454	664	90	90	2520878
676	454	664	90	90	2520884
679	454	664	90	90	2520890
682	454	664	90	90	2520897
684	454	668	90	90	2520903
686	455	668	90	90	2520909
688	455	664	90	90	2520915
690	455	660	90	90	2520922
692	455	652	90	90	2520928
694	455	632	90	90	2520934
696	455	592	90	90	2520940
698	456	463	90	90	2520947
699	456	338	90	90	2520953
700	456	87	90	90	2520972
38
576	453	28	90	90	2521447
577	453	130	90	90	2521459
577	452	257	90	90	2521472
578	451	342	90	90	2521478
578	449	390	90	90	2521484
578	447	430	90	90	2521490
578	445	467	90	90	2521497
578	442	499	90	90	2521503
578	439	527	90	90	2521509
578	435	547	90	90	2521515
578	432	559	90	90	2521522
578	427	575	90	90	2521528
578	423	592	90	90	2521534
578	418	600	90	90	2521540
578	413	612	90	90	2521547
578	408	620	90	90	2521553
578	403	628	90	90	2521559
578	398	632	90	90	2521565
578	393	640	90	90	2521572
579	388	644	90	90	2521578
579	383	648	90	90	2521584
580	378	652	90	90	2521590
580	374	656	90	90	2521597
580	369	656	90	90	2521603
580	364	656	90	90	2521609
580	360	656	90	90	2521615
580	356	656	90	90	2521622
580	352	656	90	90	2521628
580	348	656	90	90	2521634
580	345	656	90	90	2521640
580	342	656	90	90	2521647
580	339	656	90	90	2521653
580	337	656	90	90	2521659
580	335	652	90	90	2521665
580	333	644	90	90	2521672
580	332	620	90	90	2521678
580	331	381	90	90	2521703
580	332	28	90	90	2521715
45
634	455	16	90	90	2522053
634	453	120	90	90	2522059
634	452	213	90	90	2522065
634	451	289	90	90	2522072
634	450	346	90	90	2522078
634	448	390	90	90	2522084
634	446	430	90	90	2522090
634	443	463	90	90	2522097
634	440	499	90	90	2522103
634	437	527	90	90	2522109
634	434	551	90	90	2522115
634	431	575	90	90	2522122
634	428	596	90	90	2522128
634	424	616	90	90	2522134
634	421	628	90	90	2522140
634	417	640	90	90	2522147
634	413	648	90	90	2522153
634	409	656	90	90	2522159
634	405	660	90	90	2522165
634	401	664	90	90	2522172
634	397	672	90	90	2522178
634	393	676	90	90	2522184
634	389	680	90	90	2522190
634	385	688	90	90	2522197
634	382	696	90	90	2522203
634	378	700	90	90	2522209
634	375	708	90	90	2522215
634	371	720	90	90	2522222
634	368	724	90	90	2522228
634	365	728	90	90	2522234
634	362	733	90	90	2522240
635	359	737	90	90	2522247
635	356	737	90	90	2522253
635	353	737	90	90	2522259
635	351	741	90	90	2522265
635	348	741	90	90	2522272
635	346	745	90	90	2522278
635	344	745	90	90	2522284
635	342	745	90	90	2522290
635	340	745	90	90	2522297
635	339	741	90	90	2522303
635	338	728	90	90	2522309
635	336	696	90	90	2522315
636	336	573	90	90	2522328
636	334	168	90	90	2522353
4
1
320	411	0	90	90	2638115
45
526	464	60	90	90	2638559
529	464	96	90	90	2638565
531	464	149	90	90	2638571
533	464	197	90	90	2638577
536	465	249	90	90	2638584
538	465	294	90	90	2638590
541	465	334	90	90	2638596
545	465	366	90	90	2638602
548	466	394	90	90	2638609
552	466	422	90	90	2638615
556	466	451	90	90	2638621
559	467	475	90	90	2638627
563	467	503	90	90	2638634
568	467	523	90	90	2638640
572	468	539	90	90	2638646
577	468	551	90	90	2638652
582	468	563	90	90	2638659
587	469	575	90	90	2638665
592	469	588	90	90	2638671
597	470	596	90	90	2638677
603	470	604	90	90	2638684
608	470	608	90	90	2638690
614	471	612	90	90	2638696
619	471	612	90	90	2638702
624	471	616	90	90	2638709
630	471	616	90	90	2638715
635	471	620	90	90	2638721
640	472	620	90	90	2638727
645	472	624	90	90	2638734
650	472	628	90	90	2638740
654	472	628	90	90	2638746
659	472	632	90	90	2638752
663	473	636	90	90	2638759
668	473	640	90	90	2638765
671	473	644	90	90	2638771
675	473	648	90	90	2638777
678	473	652	90	90	2638784
682	474	652	90	90	2638790
685	474	656	90	90	2638796
687	474	652	90	90	2638802
690	474	644	90	90	2638809
692	474	620	90	90	2638815
694	474	567	90	90	2638821
695	474	443	90	90	2638827
696	474	130	90	90	2638852
36
585	469	162	90	90	2639240
585	468	332	90	90	2639252
584	466	402	90	90	2639259
584	465	447	90	90	2639265
584	463	487	90	90	2639271
584	460	523	90	90	2639277
584	458	547	90	90	2639284
583	454	567	90	90	2639290
583	451	588	90	90	2639296
583	447	600	90	90	2639302
583	443	612	90	90	2639309
584	439	624	90	90	2639315
584	434	632	90	90	2639321
584	429	640	90	90	2639327
584	424	644	90	90	2639334
584	419	648	90	90	2639340
585	413	656	90	90	2639346
585	408	660	90	90	2639352
585	403	668	90	90	2639359
586	398	672	90	90	2639365
586	392	672	90	90	2639371
586	388	676	90	90	2639377
587	383	684	90	90	2639384
588	379	688	90	90	2639390
588	375	688	90	90	2639396
589	372	692	90	90	2639402
589	369	692	90	90	2639409
590	366	692	90	90	2639415
590	364	692	90	90	2639421
591	362	692	90	90	2639427
591	360	688	90	90	2639434
592	358	672	90	90	2639440
592	357	648	90	90	2639446
593	356	539	90	90	2639459
593	355	285	90	90	2639471
595	356	40	90	90	2639484
41
643	469	16	90	90	2639771
642	467	124	90	90	2639777
642	465	229	90	90	2639784
642	463	310	90	90	2639790
642	460	378	90	90	2639796
641	458	443	90	90	2639802
641	455	491	90	90	2639809
641	452	539	90	90	2639815
641	449	571	90	90	2639821
641	446	604	90	90	2639827
641	442	628	90	90	2639834
641	439	644	90	90	2639840
641	435	660	90	90	2639846
641	431	672	90	90	2639852
641	428	680	90	90	2639859
642	423	688	90	90	2639865
642	419	692	90	90	2639871
642	415	700	90	90	2639877
642	411	708	90	90	2639884
643	407	720	90	90	2639890
643	403	728	90	90	2639896
643	399	737	90	90	2639902
644	396	745	90	90	2639909
644	392	749	90	90	2639915
644	388	757	90	90	2639921
644	385	761	90	90	2639927
644	382	765	90	90	2639934
644	378	769	90	90	2639940
644	376	773	90	90	2639946
644	373	773	90	90	2639952
644	370	777	90	90	2639959
644	368	777	90	90	2639965
644	366	781	90	90	2639971
644	364	781	90	90	2639977
644	363	781	90	90	2639984
644	361	781	90	90	2639990
644	360	781	90	90	2639996
644	358	777	90	90	2640002
645	357	765	90	90	2640009
645	356	515	90	90	2640040
645	357	44	90	90	2640052
4
1
326	426	0	90	90	2781316
50
515	469	72	90	90	2781841
516	468	132	90	90	2781848
517	468	187	90	90	2781860
519	468	253	90	90	2781866
520	468	285	90	90	2781873
521	468	318	90	90	2781879
522	468	350	90	90	2781885
524	468	374	90	90	2781891
526	468	394	90	90	2781898
528	467	414	90	90	2781904
530	467	430	90	90	2781910
533	467	443	90	90	2781916
536	467	451	90	90	2781923
539	467	459	90	90	2781929
542	467	463	90	90	2781935
545	467	463	90	90	2781941
548	467	467	90	90	2781948
552	467	467	90	90	2781954
556	467	471	90	90	2781960
560	467	471	90	90	2781966
563	467	471	90	90	2781973
567	468	475	90	90	2781979
572	468	475	90	90	2781985
576	468	487	90	90	2781991
580	468	491	90	90	2781998
585	469	503	90	90	2782004
589	469	519	90	90	2782010
594	469	531	90	90	2782016
598	469	547	90	90	2782023
603	469	559	90	90	2782029
608	469	571	90	90	2782035
613	469	588	90	90	2782041
618	469	600	90	90	2782048
623	469	604	90	90	2782054
628	469	608	90	90	2782060
633	470	612	90	90	2782066
638	470	616	90	90	2782073
642	470	620	90	90	2782079
647	470	624	90	90	2782085
651	470	628	90	90	2782091
655	470	632	90	90	2782098
659	470	636	90	90	2782104
662	470	640	90	90	2782110
665	470	644	90	90	2782116
668	470	648	90	90	2782123
671	470	644	90	90	2782129
674	470	612	90	90	2782135
676	470	491	90	90	2782141
677	470	366	90	90	2782148
678	470	108	90	90	2782166
35
572	466	227	90	90	2782735
572	465	398	90	90	2782741
572	464	426	90	90	2782748
571	463	455	90	90	2782754
571	461	475	90	90	2782760
571	459	499	90	90	2782766
571	457	523	90	90	2782773
571	455	535	90	90	2782779
571	452	547	90	90	2782785
571	449	559	90	90	2782791
571	445	567	90	90	2782798
571	442	583	90	90	2782804
570	438	588	90	90	2782810
570	433	596	90	90	2782816
570	429	600	90	90	2782823
570	424	604	90	90	2782829
570	420	608	90	90	2782835
571	415	612	90	90	2782841
571	411	616	90	90	2782848
571	406	620	90	90	2782854
571	402	624	90	90	2782860
571	398	628	90	90	2782866
571	394	628	90	90	2782873
571	390	632	90	90	2782879
571	386	636	90	90	2782885
571	383	636	90	90	2782891
571	380	640	90	90	2782898
572	377	640	90	90	2782904
572	374	644	90	90	2782910
572	372	644	90	90	2782916
572	370	644	90	90	2782923
572	368	644	90	90	2782929
572	367	632	90	90	2782935
572	365	541	90	90	2782948
573	365	177	90	90	2782973
41
630	470	32	90	90	2783360
629	467	120	90	90	2783366
629	466	197	90	90	2783373
629	464	261	90	90	2783379
629	461	310	90	90	2783385
629	459	354	90	90	2783391
629	457	390	90	90	2783398
628	454	426	90	90	2783404
628	451	455	90	90	2783410
628	448	479	90	90	2783416
628	445	515	90	90	2783423
628	442	535	90	90	2783429
628	439	551	90	90	2783435
628	435	563	90	90	2783441
628	432	571	90	90	2783448
629	429	583	90	90	2783454
629	425	588	90	90	2783460
629	422	592	90	90	2783466
629	419	592	90	90	2783473
629	416	596	90	90	2783479
629	413	600	90	90	2783485
629	411	604	90	90	2783491
629	408	604	90	90	2783498
629	405	608	90	90	2783504
629	403	616	90	90	2783510
629	400	620	90	90	2783516
630	398	624	90	90	2783523
630	396	632	90	90	2783529
630	394	636	90	90	2783535
630	392	640	90	90	2783541
630	390	644	90	90	2783548
630	388	648	90	90	2783554
630	386	652	90	90	2783560
630	385	652	90	90	2783566
630	383	652	90	90	2783573
630	382	652	90	90	2783579
630	381	652	90	90	2783585
630	380	652	90	90	2783591
630	379	652	90	90	2783604
630	378	652	90	90	2783616
630	377	386	90	90	2783666
4
1
324	422	0	90	90	2893216
44
505	451	24	90	90	2893678
507	450	88	90	90	2893684
509	450	120	90	90	2893691
510	450	149	90	90	2893697
513	451	177	90	90	2893703
515	451	209	90	90	2893709
518	451	241	90	90	2893716
521	451	265	90	90	2893722
524	451	294	90	90	2893728
527	451	322	90	90	2893734
531	452	342	90	90	2893741
534	452	366	90	90	2893747
538	452	378	90	90	2893753
542	452	394	90	90	2893759
546	453	406	90	90	2893766
550	453	422	90	90	2893772
555	453	439	90	90	2893778
560	453	447	90	90	2893784
564	454	455	90	90	2893791
569	454	459	90	90	2893797
574	454	467	90	90	2893803
579	455	471	90	90	2893809
584	455	479	90	90	2893816
589	455	487	90	90	2893822
594	456	499	90	90	2893828
599	456	511	90	90	2893834
604	456	519	90	90	2893841
609	457	527	90	90	2893847
613	457	539	90	90	2893853
618	458	551	90	90	2893859
622	458	567	90	90	2893866
626	458	583	90	90	2893872
630	459	596	90	90	2893878
634	459	612	90	90	2893884
638	459	620	90	90	2893891
642	460	628	90	90	2893897
645	460	632	90	90	2893903
648	460	628	90	90	2893909
651	460	624	90	90	2893916
654	460	608	90	90	2893922
656	460	575	90	90	2893928
658	460	499	90	90	2893934
659	460	374	90	90	2893941
660	460	92	90	90	2893966
39
564	453	60	90	90	2894334
563	454	247	90	90	2894372
563	453	422	90	90	2894384
563	452	487	90	90	2894391
562	450	531	90	90	2894397
562	448	563	90	90	2894403
562	446	592	90	90	2894409
562	444	612	90	90	2894416
561	441	632	90	90	2894422
561	438	644	90	90	2894428
561	434	656	90	90	2894434
561	430	668	90	90	2894441
561	426	676	90	90	2894447
561	422	684	90	90	2894453
561	418	692	90	90	2894459
561	413	696	90	90	2894466
561	409	704	90	90	2894472
561	404	712	90	90	2894478
561	400	720	90	90	2894484
561	395	724	90	90	2894491
561	390	728	90	90	2894497
562	385	733	90	90	2894503
562	381	737	90	90	2894509
562	377	741	90	90	2894516
563	372	741	90	90	2894522
563	368	745	90	90	2894528
563	364	745	90	90	2894534
564	360	745	90	90	2894541
564	356	749	90	90	2894547
564	352	749	90	90	2894553
564	349	753	90	90	2894559
564	346	753	90	90	2894566
564	343	753	90	90	2894572
565	341	749	90	90	2894578
565	340	741	90	90	2894584
565	338	708	90	90	2894591
565	337	539	90	90	2894609
567	338	273	90	90	2894616
567	339	66	90	90	2894628
45
609	457	114	90	90	2894941
609	456	265	90	90	2894947
609	455	334	90	90	2894953
609	454	382	90	90	2894959
609	453	430	90	90	2894966
609	452	475	90	90	2894972
609	450	523	90	90	2894978
609	448	555	90	90	2894984
609	446	588	90	90	2894991
609	443	616	90	90	2894997
609	441	640	90	90	2895003
609	438	664	90	90	2895009
609	435	680	90	90	2895016
609	432	696	90	90	2895022
610	429	708	90	90	2895028
610	426	724	90	90	2895034
610	422	733	90	90	2895041
610	419	737	90	90	2895047
610	415	741	90	90	2895053
610	412	749	90	90	2895059
611	409	753	90	90	2895066
611	405	757	90	90	2895072
611	402	761	90	90	2895078
611	398	769	90	90	2895084
612	395	773	90	90	2895091
612	392	777	90	90	2895097
612	389	781	90	90	2895103
612	385	785	90	90	2895109
612	382	789	90	90	2895116
612	379	793	90	90	2895122
612	376	793	90	90	2895128
612	374	797	90	90	2895134
612	371	801	90	90	2895141
612	368	801	90	90	2895147
612	366	805	90	90	2895153
612	364	805	90	90	2895159
613	361	809	90	90	2895166
613	359	809	90	90	2895172
613	357	809	90	90	2895178
613	355	809	90	90	2895184
613	353	809	90	90	2895191
613	352	805	90	90	2895197
613	351	805	90	90	2895203
613	350	801	90	90	2895216
614	348	437	90	90	2895272
4
1
325	415	0	90	90	3030576
36
583	502	60	90	90	3034102
582	501	247	90	90	3034133
583	500	378	90	90	3034139
584	500	418	90	90	3034145
586	500	451	90	90	3034152
588	500	475	90	90	3034158
590	500	503	90	90	3034164
592	499	523	90	90	3034170
595	499	539	90	90	3034177
599	499	551	90	90	3034183
603	499	559	90	90	3034189
607	499	571	90	90	3034195
612	499	588	90	90	3034202
617	499	596	90	90	3034208
623	499	604	90	90	3034214
629	499	612	90	90	3034220
636	498	620	90	90	3034227
642	498	628	90	90	3034233
649	498	632	90	90	3034239
656	498	640	90	90	3034245
663	498	644	90	90	3034252
670	498	652	90	90	3034258
677	498	656	90	90	3034264
684	498	664	90	90	3034270
691	498	668	90	90	3034277
698	498	672	90	90	3034283
705	498	676	90	90	3034289
711	498	680	90	90	3034295
717	498	680	90	90	3034302
723	497	680	90	90	3034308
728	497	676	90	90	3034314
732	497	664	90	90	3034320
736	496	624	90	90	3034327
739	496	503	90	90	3034333
740	496	370	90	90	3034339
741	495	103	90	90	3034358
30
638	495	204	90	90	3034733
638	494	398	90	90	3034739
638	493	451	90	90	3034745
637	492	499	90	90	3034752
637	490	539	90	90	3034758
637	488	567	90	90	3034764
637	485	600	90	90	3034770
637	481	624	90	90	3034777
636	477	640	90	90	3034783
636	473	656	90	90	3034789
636	468	672	90	90	3034795
636	463	684	90	90	3034802
637	458	692	90	90	3034808
637	452	704	90	90	3034814
637	447	708	90	90	3034820
638	441	712	90	90	3034827
638	436	720	90	90	3034833
638	431	724	90	90	3034839
639	425	728	90	90	3034845
639	420	728	90	90	3034852
639	416	728	90	90	3034858
639	411	728	90	90	3034864
640	407	728	90	90	3034870
640	404	724	90	90	3034877
640	400	720	90	90	3034883
640	397	712	90	90	3034889
640	395	696	90	90	3034895
640	393	664	90	90	3034902
641	391	571	90	90	3034908
641	390	183	90	90	3034939
34
686	497	40	90	90	3035170
686	495	157	90	90	3035177
686	494	277	90	90	3035183
686	492	394	90	90	3035189
686	490	463	90	90	3035195
686	487	527	90	90	3035202
686	484	567	90	90	3035208
686	481	608	90	90	3035214
686	478	636	90	90	3035220
686	474	660	90	90	3035227
686	470	684	90	90	3035233
686	466	704	90	90	3035239
686	462	728	90	90	3035245
686	458	745	90	90	3035252
686	453	757	90	90	3035258
686	448	765	90	90	3035264
686	443	773	90	90	3035270
686	438	781	90	90	3035277
687	433	785	90	90	3035283
687	428	793	90	90	3035289
687	423	793	90	90	3035295
687	419	797	90	90	3035302
687	414	801	90	90	3035308
687	410	809	90	90	3035314
687	406	813	90	90	3035320
687	403	817	90	90	3035327
687	400	821	90	90	3035333
687	397	829	90	90	3035339
687	395	829	90	90	3035345
688	393	833	90	90	3035352
688	391	837	90	90	3035358
688	390	833	90	90	3035364
688	389	825	90	90	3035370
688	388	379	90	90	3035414
4
1
318	416	0	90	90	3123028
37
530	468	32	90	90	3123540
532	468	120	90	90	3123547
534	468	173	90	90	3123553
536	468	217	90	90	3123559
538	468	261	90	90	3123565
540	467	298	90	90	3123572
542	467	338	90	90	3123578
545	467	366	90	90	3123584
548	466	386	90	90	3123590
550	466	406	90	90	3123597
554	465	426	90	90	3123603
557	465	447	90	90	3123609
561	465	459	90	90	3123615
566	465	475	90	90	3123622
570	465	487	90	90	3123628
575	465	499	90	90	3123634
580	465	511	90	90	3123640
586	465	519	90	90	3123647
591	465	523	90	90	3123653
597	465	531	90	90	3123659
603	466	539	90	90	3123665
609	466	551	90	90	3123672
614	466	559	90	90	3123678
620	467	571	90	90	3123684
626	467	583	90	90	3123690
632	468	596	90	90	3123697
638	468	604	90	90	3123703
643	469	612	90	90	3123709
648	469	616	90	90	3123715
653	470	620	90	90	3123722
658	470	620	90	90	3123728
662	471	620	90	90	3123734
666	471	608	90	90	3123740
669	471	575	90	90	3123747
672	471	491	90	90	3123753
674	471	374	90	90	3123759
675	471	92	90	90	3123784
27
583	468	68	90	90	3124034
583	467	169	90	90	3124040
583	466	257	90	90	3124047
583	464	322	90	90	3124053
582	463	382	90	90	3124059
582	460	439	90	90	3124065
582	458	479	90	90	3124072
582	455	527	90	90	3124078
582	451	559	90	90	3124084
582	447	592	90	90	3124090
582	442	620	90	90	3124097
582	438	644	90	90	3124103
582	432	660	90	90	3124109
582	427	676	90	90	3124115
582	421	688	90	90	3124122
582	416	696	90	90	3124128
582	410	704	90	90	3124134
583	405	712	90	90	3124140
583	400	720	90	90	3124147
583	396	720	90	90	3124153
584	392	720	90	90	3124159
584	388	720	90	90	3124165
584	385	720	90	90	3124172
585	383	704	90	90	3124178
585	381	680	90	90	3124184
586	379	519	90	90	3124203
587	378	127	90	90	3124222
35
628	468	76	90	90	3124459
629	466	181	90	90	3124465
629	465	273	90	90	3124472
629	464	342	90	90	3124478
628	462	402	90	90	3124484
628	460	459	90	90	3124490
628	458	515	90	90	3124497
628	456	555	90	90	3124503
628	454	600	90	90	3124509
628	451	632	90	90	3124515
627	447	660	90	90	3124522
627	443	684	90	90	3124528
627	439	704	90	90	3124534
627	435	724	90	90	3124540
626	430	737	90	90	3124547
626	426	745	90	90	3124553
626	421	749	90	90	3124559
626	416	753	90	90	3124565
626	412	757	90	90	3124572
626	408	761	90	90	3124578
627	403	765	90	90	3124584
627	399	769	90	90	3124590
627	396	769	90	90	3124597
627	392	773	90	90	3124603
627	389	773	90	90	3124609
627	385	773	90	90	3124615
627	383	777	90	90	3124622
627	380	777	90	90	3124628
627	378	777	90	90	3124634
627	376	773	90	90	3124640
627	375	769	90	90	3124647
627	374	730	90	90	3124659
627	373	444	90	90	3124678
627	374	153	90	90	3124684
626	375	0	90	90	3124697
4
1
328	420	0	90	90	3230983
47
518	446	16	90	90	3231452
520	445	108	90	90	3231458
521	445	161	90	90	3231464
522	446	213	90	90	3231470
524	446	273	90	90	3231477
526	446	322	90	90	3231483
529	446	370	90	90	3231489
531	446	402	90	90	3231495
534	446	443	90	90	3231502
537	447	471	90	90	3231508
541	447	511	90	90	3231514
545	447	531	90	90	3231520
549	447	547	90	90	3231527
553	447	563	90	90	3231533
558	447	583	90	90	3231539
563	447	596	90	90	3231545
567	447	608	90	90	3231552
572	448	620	90	90	3231558
577	448	628	90	90	3231564
583	448	636	90	90	3231570
588	449	644	90	90	3231577
593	449	652	90	90	3231583
599	449	660	90	90	3231589
605	450	664	90	90	3231595
610	450	668	90	90	3231602
616	450	672	90	90	3231608
622	450	676	90	90	3231614
628	450	680	90	90	3231620
634	450	684	90	90	3231627
640	450	688	90	90	3231633
646	451	688	90	90	3231639
651	451	692	90	90	3231645
656	451	692	90	90	3231652
661	451	692	90	90	3231658
666	451	696	90	90	3231664
671	451	696	90	90	3231670
676	452	696	90	90	3231677
680	452	700	90	90	3231683
685	452	700	90	90	3231689
690	452	700	90	90	3231695
694	452	700	90	90	3231702
698	452	700	90	90	3231708
702	452	684	90	90	3231714
705	452	608	90	90	3231720
708	451	479	90	90	3231727
710	451	350	90	90	3231733
711	451	91	90	90	3231752
33
586	447	285	90	90	3232145
586	445	511	90	90	3232152
586	444	543	90	90	3232158
587	441	571	90	90	3232164
587	438	600	90	90	3232170
587	435	620	90	90	3232177
587	431	632	90	90	3232183
587	427	644	90	90	3232189
587	422	648	90	90	3232195
587	417	656	90	90	3232202
587	412	664	90	90	3232208
588	407	668	90	90	3232214
588	402	676	90	90	3232220
588	397	684	90	90	3232227
588	392	688	90	90	3232233
589	386	696	90	90	3232239
589	381	704	90	90	3232245
589	376	708	90	90	3232252
589	371	708	90	90	3232258
589	366	708	90	90	3232264
589	361	708	90	90	3232270
589	357	712	90	90	3232277
590	353	720	90	90	3232283
590	349	720	90	90	3232289
590	345	720	90	90	3232295
590	341	720	90	90	3232302
590	338	712	90	90	3232308
590	335	712	90	90	3232314
590	332	712	90	90	3232320
590	330	708	90	90	3232327
590	328	696	90	90	3232333
590	326	668	90	90	3232339
590	325	269	90	90	3232377
35
645	448	177	90	90	3232783
646	447	390	90	90	3232802
645	446	487	90	90	3232808
645	445	531	90	90	3232814
645	443	559	90	90	3232820
645	441	588	90	90	3232827
645	438	604	90	90	3232833
644	435	620	90	90	3232839
644	432	632	90	90	3232845
644	428	640	90	90	3232852
643	424	648	90	90	3232858
643	420	652	90	90	3232864
643	415	656	90	90	3232870
643	410	656	90	90	3232877
643	405	660	90	90	3232883
643	400	664	90	90	3232889
643	394	664	90	90	3232895
643	388	664	90	90	3232902
642	382	664	90	90	3232908
642	376	664	90	90	3232914
642	371	664	90	90	3232920
642	366	664	90	90	3232927
642	361	664	90	90	3232933
642	356	664	90	90	3232939
643	352	664	90	90	3232945
643	348	664	90	90	3232952
644	345	660	90	90	3232958
645	342	656	90	90	3232964
646	339	652	90	90	3232970
647	336	644	90	90	3232977
647	334	628	90	90	3232983
648	332	588	90	90	3232989
648	331	475	90	90	3232995
648	330	291	90	90	3233008
648	329	48	90	90	3233020
4
1
324	419	0	90	90	3319581
39
516	444	16	90	90	3320131
520	444	64	90	90	3320137
523	444	104	90	90	3320143
526	444	153	90	90	3320149
529	445	205	90	90	3320156
533	445	253	90	90	3320162
536	445	302	90	90	3320168
540	445	350	90	90	3320174
544	446	394	90	90	3320181
549	446	443	90	90	3320187
554	446	475	90	90	3320193
559	447	511	90	90	3320199
564	447	531	90	90	3320206
569	448	547	90	90	3320212
575	448	559	90	90	3320218
581	449	571	90	90	3320224
587	449	588	90	90	3320231
592	449	600	90	90	3320237
598	449	608	90	90	3320243
604	450	620	90	90	3320249
610	450	632	90	90	3320256
616	450	640	90	90	3320262
621	450	644	90	90	3320268
627	450	652	90	90	3320274
633	450	656	90	90	3320281
638	450	660	90	90	3320287
643	451	664	90	90	3320293
648	451	664	90	90	3320299
652	451	668	90	90	3320306
656	451	668	90	90	3320312
660	451	668	90	90	3320318
663	452	668	90	90	3320324
666	452	668	90	90	3320331
668	452	664	90	90	3320337
671	452	648	90	90	3320343
673	452	620	90	90	3320349
675	452	555	90	90	3320356
676	452	430	90	90	3320362
677	452	128	90	90	3320387
26
584	446	213	90	90	3320656
583	444	394	90	90	3320662
583	443	439	90	90	3320668
583	440	475	90	90	3320674
583	437	523	90	90	3320681
583	433	555	90	90	3320687
582	429	588	90	90	3320693
582	424	604	90	90	3320699
582	418	620	90	90	3320706
582	412	632	90	90	3320712
582	405	636	90	90	3320718
582	399	644	90	90	3320724
582	392	648	90	90	3320731
582	386	652	90	90	3320737
582	380	656	90	90	3320743
582	375	660	90	90	3320749
582	370	660	90	90	3320756
582	365	660	90	90	3320762
582	362	660	90	90	3320768
582	359	656	90	90	3320774
582	356	648	90	90	3320781
583	354	620	90	90	3320787
583	353	503	90	90	3320799
584	353	310	90	90	3320806
585	354	181	90	90	3320812
585	355	26	90	90	3320824
33
628	450	36	90	90	3321006
629	450	261	90	90	3321037
630	449	414	90	90	3321043
629	448	455	90	90	3321049
629	446	491	90	90	3321056
629	444	531	90	90	3321062
628	442	563	90	90	3321068
628	439	596	90	90	3321074
627	435	620	90	90	3321081
627	431	644	90	90	3321087
626	427	660	90	90	3321093
626	422	676	90	90	3321099
625	417	688	90	90	3321106
625	412	696	90	90	3321112
624	406	704	90	90	3321118
624	401	712	90	90	3321124
624	396	720	90	90	3321131
624	390	724	90	90	3321137
624	385	733	90	90	3321143
624	381	737	90	90	3321149
624	376	745	90	90	3321156
624	372	749	90	90	3321162
624	368	753	90	90	3321168
624	365	757	90	90	3321174
624	362	757	90	90	3321181
624	359	761	90	90	3321187
624	356	761	90	90	3321193
624	354	757	90	90	3321199
624	352	753	90	90	3321206
624	350	741	90	90	3321212
624	349	674	90	90	3321224
624	348	372	90	90	3321243
624	349	36	90	90	3321256
4
1
349	427	0	90	90	3430304
39
499	445	40	90	90	3430742
507	445	88	90	90	3430748
511	445	144	90	90	3430754
516	445	189	90	90	3430760
521	446	233	90	90	3430767
526	446	273	90	90	3430773
531	446	298	90	90	3430779
536	446	322	90	90	3430785
542	446	346	90	90	3430792
547	445	366	90	90	3430798
553	445	378	90	90	3430804
559	445	394	90	90	3430810
565	445	414	90	90	3430817
572	445	426	90	90	3430823
578	444	447	90	90	3430829
584	444	459	90	90	3430835
591	444	471	90	90	3430842
598	444	487	90	90	3430848
604	444	499	90	90	3430854
611	444	511	90	90	3430860
618	444	519	90	90	3430867
624	444	527	90	90	3430873
630	444	535	90	90	3430879
636	444	547	90	90	3430885
642	444	559	90	90	3430892
647	444	567	90	90	3430898
652	444	583	90	90	3430904
656	444	592	90	90	3430910
661	444	600	90	90	3430917
665	444	604	90	90	3430923
669	444	608	90	90	3430929
672	445	608	90	90	3430935
675	445	604	90	90	3430942
678	445	592	90	90	3430948
681	445	559	90	90	3430954
683	445	475	90	90	3430960
685	446	362	90	90	3430967
687	446	233	90	90	3430973
688	446	52	90	90	3430985
32
576	446	106	90	90	3431379
577	446	235	90	90	3431392
577	445	318	90	90	3431398
577	444	370	90	90	3431404
576	442	414	90	90	3431410
576	439	459	90	90	3431417
576	436	499	90	90	3431423
575	433	531	90	90	3431429
575	429	551	90	90	3431435
575	424	567	90	90	3431442
575	419	583	90	90	3431448
574	413	596	90	90	3431454
574	407	604	90	90	3431460
574	401	608	90	90	3431467
574	394	612	90	90	3431473
574	387	620	90	90	3431479
574	381	624	90	90	3431485
575	375	628	90	90	3431492
575	368	628	90	90	3431498
575	363	632	90	90	3431504
575	357	636	90	90	3431510
576	352	636	90	90	3431517
576	347	636	90	90	3431523
577	343	636	90	90	3431529
577	338	636	90	90	3431535
577	335	632	90	90	3431542
577	331	628	90	90	3431548
577	328	616	90	90	3431554
577	326	592	90	90	3431560
577	324	519	90	90	3431567
577	323	337	90	90	3431579
577	322	60	90	90	3431598
34
630	450	12	90	90	3431904
631	447	96	90	90	3431910
631	446	189	90	90	3431917
630	444	261	90	90	3431923
630	441	310	90	90	3431929
630	438	362	90	90	3431935
630	434	398	90	90	3431942
630	431	439	90	90	3431948
630	427	471	90	90	3431954
629	422	511	90	90	3431960
629	418	539	90	90	3431967
629	413	567	90	90	3431973
629	409	596	90	90	3431979
629	404	616	90	90	3431985
629	399	628	90	90	3431992
629	393	640	90	90	3431998
630	388	648	90	90	3432004
630	383	652	90	90	3432010
630	377	656	90	90	3432017
630	372	660	90	90	3432023
630	367	660	90	90	3432029
630	362	660	90	90	3432035
630	358	660	90	90	3432042
630	354	664	90	90	3432048
630	351	664	90	90	3432054
630	347	668	90	90	3432060
630	345	668	90	90	3432067
630	342	660	90	90	3432073
630	340	648	90	90	3432079
630	338	624	90	90	3432085
630	336	559	90	90	3432092
630	335	439	90	90	3432098
630	334	241	90	90	3432110
630	333	24	90	90	3432123
4
1
328	426	0	90	90	3529341
35
521	444	8	90	90	3529834
525	444	56	90	90	3529841
527	444	104	90	90	3529847
529	444	153	90	90	3529853
531	444	197	90	90	3529859
534	444	245	90	90	3529866
537	444	281	90	90	3529872
540	444	310	90	90	3529878
543	444	342	90	90	3529884
547	444	366	90	90	3529891
551	444	382	90	90	3529897
555	444	398	90	90	3529903
559	444	406	90	90	3529909
563	444	422	90	90	3529916
568	444	443	90	90	3529922
572	445	455	90	90	3529928
577	445	467	90	90	3529934
581	446	479	90	90	3529941
586	446	499	90	90	3529947
590	447	515	90	90	3529953
595	448	527	90	90	3529959
599	448	531	90	90	3529966
604	449	535	90	90	3529972
609	449	535	90	90	3529978
613	450	535	90	90	3529984
617	450	535	90	90	3529991
621	450	535	90	90	3529997
624	450	531	90	90	3530003
628	451	527	90	90	3530009
631	451	519	90	90	3530016
633	451	499	90	90	3530022
635	451	443	90	90	3530028
637	451	338	90	90	3530034
639	451	225	90	90	3530041
640	451	36	90	90	3530059
27
565	443	147	90	90	3530516
565	442	295	90	90	3530528
565	440	362	90	90	3530534
565	438	398	90	90	3530541
565	436	439	90	90	3530547
565	434	467	90	90	3530553
566	431	499	90	90	3530559
566	427	523	90	90	3530566
566	423	539	90	90	3530572
567	418	551	90	90	3530578
567	413	563	90	90	3530584
568	408	571	90	90	3530591
568	402	575	90	90	3530597
569	397	583	90	90	3530603
569	391	588	90	90	3530609
570	386	592	90	90	3530616
570	380	596	90	90	3530622
570	376	600	90	90	3530628
571	371	600	90	90	3530634
571	367	604	90	90	3530641
571	363	604	90	90	3530647
572	359	604	90	90	3530653
572	356	604	90	90	3530659
572	354	600	90	90	3530666
572	352	588	90	90	3530672
573	350	559	90	90	3530678
573	349	219	90	90	3530716
23
608	448	52	90	90	3531003
608	444	153	90	90	3531009
608	440	257	90	90	3531016
608	436	338	90	90	3531022
608	432	398	90	90	3531028
608	427	455	90	90	3531034
608	421	499	90	90	3531041
608	415	539	90	90	3531047
608	409	571	90	90	3531053
608	403	600	90	90	3531059
608	396	624	90	90	3531066
608	390	640	90	90	3531072
609	385	652	90	90	3531078
609	380	664	90	90	3531084
609	375	672	90	90	3531091
609	371	676	90	90	3531097
609	367	676	90	90	3531103
609	364	676	90	90	3531109
609	361	660	90	90	3531116
609	359	612	90	90	3531122
609	357	487	90	90	3531128
609	356	295	90	90	3531141
609	355	44	90	90	3531153
