6
1
596	565	0	90	90	3445637
55
577	607	60	90	90	3445831
577	608	163	90	90	3445850
578	606	217	90	90	3445856
579	605	241	90	90	3445862
579	603	261	90	90	3445869
580	601	281	90	90	3445875
581	598	298	90	90	3445881
581	595	310	90	90	3445887
582	591	322	90	90	3445894
583	586	322	90	90	3445900
583	582	326	90	90	3445906
584	576	334	90	90	3445912
584	570	342	90	90	3445919
584	564	354	90	90	3445925
585	558	374	90	90	3445931
585	551	394	90	90	3445937
585	543	418	90	90	3445944
585	536	447	90	90	3445950
586	528	471	90	90	3445956
586	520	499	90	90	3445962
586	511	519	90	90	3445969
587	503	539	90	90	3445975
587	494	551	90	90	3445981
587	484	563	90	90	3445987
588	474	575	90	90	3445994
588	464	588	90	90	3446000
588	454	596	90	90	3446006
588	443	608	90	90	3446012
588	432	620	90	90	3446019
588	421	628	90	90	3446025
587	410	640	90	90	3446031
587	399	652	90	90	3446037
587	388	664	90	90	3446044
587	377	680	90	90	3446050
587	366	692	90	90	3446056
587	356	700	90	90	3446062
587	345	708	90	90	3446069
587	335	724	90	90	3446075
587	325	728	90	90	3446081
587	315	733	90	90	3446087
587	306	737	90	90	3446094
587	297	737	90	90	3446100
587	288	741	90	90	3446106
587	280	745	90	90	3446112
588	273	745	90	90	3446119
588	266	745	90	90	3446125
588	260	745	90	90	3446131
588	255	745	90	90	3446137
588	250	741	90	90	3446144
588	245	733	90	90	3446150
588	242	712	90	90	3446156
589	239	688	90	90	3446162
589	236	640	90	90	3446169
589	234	551	90	90	3446175
590	233	200	90	90	3446200
148
586	495	308	90	90	3446900
587	495	471	90	90	3446912
589	494	487	90	90	3446919
590	494	499	90	90	3446925
591	494	515	90	90	3446931
593	493	523	90	90	3446937
595	493	527	90	90	3446944
598	493	535	90	90	3446950
601	493	543	90	90	3446956
605	493	551	90	90	3446962
609	493	555	90	90	3446969
613	494	559	90	90	3446975
618	494	563	90	90	3446981
623	494	563	90	90	3446987
629	494	567	90	90	3446994
636	494	567	90	90	3447000
642	495	567	90	90	3447006
649	495	567	90	90	3447012
657	495	567	90	90	3447019
664	496	567	90	90	3447025
672	496	567	90	90	3447031
680	496	567	90	90	3447037
688	497	567	90	90	3447044
697	497	567	90	90	3447050
705	497	567	90	90	3447056
713	497	567	90	90	3447062
721	497	567	90	90	3447069
730	497	567	90	90	3447075
737	497	567	90	90	3447081
745	496	567	90	90	3447087
753	496	563	90	90	3447094
760	496	563	90	90	3447100
767	496	563	90	90	3447106
773	496	567	90	90	3447112
779	496	567	90	90	3447119
785	496	567	90	90	3447125
790	496	571	90	90	3447131
795	496	571	90	90	3447137
799	496	575	90	90	3447144
803	496	583	90	90	3447150
806	497	592	90	90	3447156
808	497	596	90	90	3447162
811	497	604	90	90	3447169
813	498	608	90	90	3447175
814	498	612	90	90	3447181
815	499	616	90	90	3447187
816	499	622	90	90	3447200
817	499	632	90	90	3447244
816	498	640	90	90	3447250
815	497	640	90	90	3447256
815	496	644	90	90	3447262
814	494	652	90	90	3447269
813	493	656	90	90	3447275
813	491	664	90	90	3447281
812	488	668	90	90	3447287
812	486	676	90	90	3447294
811	483	684	90	90	3447300
811	480	688	90	90	3447306
810	477	696	90	90	3447312
810	474	700	90	90	3447319
810	470	704	90	90	3447325
810	466	708	90	90	3447331
810	463	720	90	90	3447337
810	459	724	90	90	3447344
810	454	728	90	90	3447350
810	450	737	90	90	3447356
809	445	741	90	90	3447362
809	440	745	90	90	3447369
809	436	753	90	90	3447375
809	431	757	90	90	3447381
809	427	761	90	90	3447387
808	422	761	90	90	3447394
808	417	765	90	90	3447400
807	413	765	90	90	3447406
807	409	769	90	90	3447412
806	405	773	90	90	3447419
806	401	773	90	90	3447425
805	397	773	90	90	3447431
805	393	773	90	90	3447437
804	390	773	90	90	3447444
804	387	773	90	90	3447450
803	384	773	90	90	3447456
802	381	773	90	90	3447462
802	379	773	90	90	3447469
801	377	773	90	90	3447475
800	375	773	90	90	3447481
799	373	773	90	90	3447487
799	372	773	90	90	3447494
798	371	777	90	90	3447506
797	370	779	90	90	3447519
795	370	781	90	90	3447525
794	370	781	90	90	3447531
793	370	781	90	90	3447537
792	370	777	90	90	3447544
790	370	773	90	90	3447550
789	371	773	90	90	3447556
787	371	769	90	90	3447562
785	371	765	90	90	3447569
783	372	765	90	90	3447575
780	372	765	90	90	3447581
777	372	765	90	90	3447587
774	372	765	90	90	3447594
771	373	765	90	90	3447600
767	373	765	90	90	3447606
763	373	765	90	90	3447612
759	373	765	90	90	3447619
755	373	765	90	90	3447625
750	372	761	90	90	3447631
746	372	761	90	90	3447637
741	372	761	90	90	3447644
736	372	761	90	90	3447650
730	371	761	90	90	3447656
725	371	765	90	90	3447662
720	371	765	90	90	3447669
714	371	765	90	90	3447675
708	370	769	90	90	3447681
703	370	769	90	90	3447687
697	370	773	90	90	3447694
691	369	773	90	90	3447700
686	369	773	90	90	3447706
680	368	773	90	90	3447712
674	368	773	90	90	3447719
669	367	773	90	90	3447725
664	367	773	90	90	3447731
658	366	773	90	90	3447737
653	366	773	90	90	3447744
648	365	773	90	90	3447750
643	364	773	90	90	3447756
638	364	773	90	90	3447762
634	363	773	90	90	3447769
629	362	773	90	90	3447775
625	362	773	90	90	3447781
621	361	773	90	90	3447787
617	361	769	90	90	3447794
614	360	769	90	90	3447800
611	360	769	90	90	3447806
608	359	769	90	90	3447812
606	359	769	90	90	3447819
604	358	765	90	90	3447825
602	358	761	90	90	3447831
601	357	757	90	90	3447837
599	357	749	90	90	3447844
598	356	741	90	90	3447850
597	355	716	90	90	3447862
596	354	664	90	90	3447875
596	353	563	90	90	3447887
596	352	325	90	90	3447900
596	351	41	90	90	3447919
33
474	487	80	90	90	3449928
477	489	165	90	90	3449935
479	490	225	90	90	3449941
481	492	253	90	90	3449947
483	493	273	90	90	3449953
486	494	285	90	90	3449960
489	496	302	90	90	3449966
492	497	322	90	90	3449972
495	499	346	90	90	3449978
499	500	370	90	90	3449985
503	502	390	90	90	3449991
507	504	414	90	90	3449997
512	506	439	90	90	3450003
516	509	459	90	90	3450010
521	511	475	90	90	3450016
526	514	499	90	90	3450022
531	517	519	90	90	3450028
536	520	539	90	90	3450035
541	523	555	90	90	3450041
545	527	575	90	90	3450047
550	530	596	90	90	3450053
555	533	612	90	90	3450060
559	536	624	90	90	3450066
563	539	636	90	90	3450072
567	541	644	90	90	3450078
571	544	648	90	90	3450085
574	547	652	90	90	3450091
577	549	652	90	90	3450097
580	551	640	90	90	3450103
583	552	559	90	90	3450110
585	553	439	90	90	3450116
587	554	310	90	90	3450122
588	555	65	90	90	3450141
31
500	376	52	90	90	3450847
502	376	149	90	90	3450853
503	377	245	90	90	3450859
505	378	298	90	90	3450866
508	379	338	90	90	3450872
511	380	362	90	90	3450878
514	382	378	90	90	3450884
517	384	390	90	90	3450891
521	386	402	90	90	3450897
525	388	414	90	90	3450903
529	390	422	90	90	3450909
533	392	439	90	90	3450916
537	394	447	90	90	3450922
541	396	459	90	90	3450928
545	398	471	90	90	3450934
549	401	491	90	90	3450941
552	403	515	90	90	3450947
556	405	531	90	90	3450953
559	407	547	90	90	3450959
562	410	563	90	90	3450966
565	412	583	90	90	3450972
568	413	596	90	90	3450978
571	415	604	90	90	3450984
573	416	608	90	90	3450991
576	418	612	90	90	3450997
578	419	612	90	90	3451003
579	419	612	90	90	3451009
581	420	616	90	90	3451016
582	421	612	90	90	3451022
583	421	596	90	90	3451028
584	421	240	90	90	3451066
29
507	265	24	90	90	3451752
506	265	109	90	90	3451770
507	265	205	90	90	3451777
509	266	261	90	90	3451783
510	266	322	90	90	3451789
512	267	378	90	90	3451795
515	268	430	90	90	3451802
518	270	475	90	90	3451808
521	271	527	90	90	3451814
525	274	555	90	90	3451820
529	276	575	90	90	3451827
533	278	596	90	90	3451833
538	281	608	90	90	3451839
543	283	612	90	90	3451845
548	286	616	90	90	3451852
553	288	620	90	90	3451858
558	290	624	90	90	3451864
562	292	624	90	90	3451870
567	294	628	90	90	3451877
571	296	628	90	90	3451883
575	297	632	90	90	3451889
578	299	632	90	90	3451895
581	300	632	90	90	3451902
584	302	628	90	90	3451908
587	303	600	90	90	3451914
589	304	479	90	90	3451920
590	304	362	90	90	3451927
591	305	229	90	90	3451933
592	306	44	90	90	3451945
6
1
620	571	0	90	90	3598601
46
592	632	16	90	90	3598807
592	627	92	90	90	3598814
591	624	173	90	90	3598820
591	621	217	90	90	3598826
591	616	253	90	90	3598832
591	612	285	90	90	3598839
591	606	306	90	90	3598845
592	600	326	90	90	3598851
592	594	338	90	90	3598857
592	587	350	90	90	3598864
591	580	362	90	90	3598870
591	572	366	90	90	3598876
591	564	370	90	90	3598882
590	555	374	90	90	3598889
589	546	382	90	90	3598895
589	536	390	90	90	3598901
588	525	406	90	90	3598907
587	515	426	90	90	3598914
586	504	447	90	90	3598920
585	492	467	90	90	3598926
584	481	491	90	90	3598932
584	469	523	90	90	3598939
583	458	543	90	90	3598945
582	446	559	90	90	3598951
581	434	575	90	90	3598957
581	423	592	90	90	3598964
580	411	604	90	90	3598970
580	400	616	90	90	3598976
579	388	624	90	90	3598982
579	377	636	90	90	3598989
578	367	640	90	90	3598995
578	356	648	90	90	3599001
577	347	656	90	90	3599007
577	337	660	90	90	3599014
576	328	668	90	90	3599020
576	319	672	90	90	3599026
575	311	676	90	90	3599032
575	304	680	90	90	3599039
574	297	680	90	90	3599045
573	291	680	90	90	3599051
573	285	676	90	90	3599057
573	281	660	90	90	3599064
572	277	628	90	90	3599070
572	274	547	90	90	3599076
572	271	418	90	90	3599082
572	270	109	90	90	3599107
122
581	504	94	90	90	3599745
582	504	165	90	90	3599751
583	504	189	90	90	3599757
584	504	209	90	90	3599764
586	504	217	90	90	3599770
588	504	229	90	90	3599776
590	504	233	90	90	3599782
593	505	241	90	90	3599789
596	505	249	90	90	3599795
599	505	261	90	90	3599801
603	506	281	90	90	3599807
607	506	298	90	90	3599814
612	507	322	90	90	3599820
617	507	342	90	90	3599826
623	508	366	90	90	3599832
629	509	382	90	90	3599839
636	509	394	90	90	3599845
643	510	402	90	90	3599851
651	510	406	90	90	3599857
658	511	414	90	90	3599864
667	512	414	90	90	3599870
675	512	414	90	90	3599876
684	513	418	90	90	3599882
693	513	422	90	90	3599889
702	514	439	90	90	3599895
711	515	451	90	90	3599901
721	515	463	90	90	3599907
730	516	479	90	90	3599914
739	516	503	90	90	3599920
749	517	527	90	90	3599926
758	517	547	90	90	3599932
767	518	559	90	90	3599939
776	518	571	90	90	3599945
785	518	583	90	90	3599951
793	519	596	90	90	3599957
801	519	604	90	90	3599964
808	519	608	90	90	3599970
815	519	612	90	90	3599976
821	519	616	90	90	3599982
827	518	620	90	90	3599989
832	518	620	90	90	3599995
836	517	620	90	90	3600001
839	517	620	90	90	3600007
842	516	620	90	90	3600014
844	515	624	90	90	3600020
846	514	624	90	90	3600026
847	513	628	90	90	3600032
848	512	632	90	90	3600039
848	511	640	90	90	3600045
848	509	644	90	90	3600051
848	508	652	90	90	3600057
848	506	664	90	90	3600064
847	505	672	90	90	3600070
846	503	680	90	90	3600076
845	501	688	90	90	3600082
844	498	688	90	90	3600089
843	495	692	90	90	3600095
842	492	692	90	90	3600101
840	489	696	90	90	3600107
839	485	696	90	90	3600114
838	481	696	90	90	3600120
836	477	696	90	90	3600126
835	473	696	90	90	3600132
833	468	696	90	90	3600139
832	463	700	90	90	3600145
830	459	704	90	90	3600151
829	454	712	90	90	3600157
827	448	720	90	90	3600164
826	443	724	90	90	3600170
825	438	733	90	90	3600176
823	433	741	90	90	3600182
822	429	745	90	90	3600189
821	424	749	90	90	3600195
820	419	753	90	90	3600201
819	415	757	90	90	3600207
818	411	757	90	90	3600214
816	407	761	90	90	3600220
815	404	765	90	90	3600226
813	401	765	90	90	3600232
810	398	765	90	90	3600239
808	396	769	90	90	3600245
805	395	769	90	90	3600251
802	394	773	90	90	3600257
798	393	773	90	90	3600264
795	392	773	90	90	3600270
791	392	773	90	90	3600276
787	392	773	90	90	3600282
783	393	773	90	90	3600289
779	393	773	90	90	3600295
775	394	769	90	90	3600301
770	395	769	90	90	3600307
765	396	769	90	90	3600314
760	397	765	90	90	3600320
754	397	765	90	90	3600326
748	398	761	90	90	3600332
742	399	761	90	90	3600339
735	399	761	90	90	3600345
728	400	757	90	90	3600351
721	400	757	90	90	3600357
713	400	757	90	90	3600364
705	400	757	90	90	3600370
697	400	757	90	90	3600376
689	400	757	90	90	3600382
680	400	757	90	90	3600389
671	400	757	90	90	3600395
663	400	761	90	90	3600401
654	400	761	90	90	3600407
646	399	761	90	90	3600414
637	399	765	90	90	3600420
629	398	769	90	90	3600426
621	398	773	90	90	3600432
613	397	773	90	90	3600439
606	397	777	90	90	3600445
600	396	781	90	90	3600451
594	396	777	90	90	3600457
589	395	773	90	90	3600464
585	395	761	90	90	3600470
581	394	724	90	90	3600476
578	394	596	90	90	3600482
576	394	451	90	90	3600489
574	395	298	90	90	3600495
573	395	72	90	90	3600507
25
477	502	48	90	90	3601039
483	505	149	90	90	3601045
487	507	253	90	90	3601051
491	509	310	90	90	3601057
496	512	366	90	90	3601064
501	515	402	90	90	3601070
507	518	430	90	90	3601076
514	521	459	90	90	3601082
520	524	475	90	90	3601089
527	528	499	90	90	3601095
534	532	515	90	90	3601101
541	535	523	90	90	3601107
548	539	531	90	90	3601114
554	543	535	90	90	3601120
561	546	539	90	90	3601126
567	549	539	90	90	3601132
573	552	539	90	90	3601139
578	554	539	90	90	3601145
583	557	539	90	90	3601151
588	558	531	90	90	3601157
592	560	499	90	90	3601164
595	561	394	90	90	3601170
598	562	285	90	90	3601176
601	563	169	90	90	3601182
602	563	28	90	90	3601195
21
513	421	8	90	90	3601551
520	424	120	90	90	3601557
524	426	233	90	90	3601564
528	428	346	90	90	3601570
532	430	402	90	90	3601576
536	432	447	90	90	3601582
540	435	471	90	90	3601589
545	437	491	90	90	3601595
549	439	511	90	90	3601601
554	441	523	90	90	3601607
558	443	527	90	90	3601614
562	445	535	90	90	3601620
566	447	535	90	90	3601626
570	448	531	90	90	3601632
573	450	523	90	90	3601639
576	451	503	90	90	3601645
579	452	451	90	90	3601651
581	452	342	90	90	3601657
583	453	229	90	90	3601664
584	453	108	90	90	3601670
585	454	0	90	90	3601682
20
510	316	48	90	90	3602107
514	317	169	90	90	3602114
516	318	298	90	90	3602120
518	319	422	90	90	3602126
521	321	503	90	90	3602132
525	323	551	90	90	3602139
529	325	583	90	90	3602145
533	327	608	90	90	3602151
537	330	624	90	90	3602157
541	332	636	90	90	3602164
546	334	644	90	90	3602170
550	337	648	90	90	3602176
554	339	648	90	90	3602182
558	340	644	90	90	3602189
562	341	632	90	90	3602195
565	342	600	90	90	3602201
568	343	511	90	90	3602207
571	344	378	90	90	3602214
573	344	249	90	90	3602220
575	345	54	90	90	3602232
6
1
540	539	0	90	90	3737441
39
567	638	80	90	90	3737772
565	627	189	90	90	3737779
565	620	289	90	90	3737785
564	614	390	90	90	3737791
563	607	414	90	90	3737797
562	599	426	90	90	3737804
562	590	443	90	90	3737810
562	581	451	90	90	3737816
563	571	459	90	90	3737822
563	560	467	90	90	3737829
563	548	475	90	90	3737835
563	536	479	90	90	3737841
564	523	479	90	90	3737847
564	509	491	90	90	3737854
564	495	503	90	90	3737860
563	481	515	90	90	3737866
563	467	527	90	90	3737872
562	452	539	90	90	3737879
561	437	555	90	90	3737885
561	423	571	90	90	3737891
560	408	592	90	90	3737897
559	395	608	90	90	3737904
557	381	620	90	90	3737910
556	366	632	90	90	3737916
555	352	644	90	90	3737922
553	339	652	90	90	3737929
552	326	660	90	90	3737935
551	313	668	90	90	3737941
549	301	676	90	90	3737947
548	290	684	90	90	3737954
547	279	684	90	90	3737960
546	270	688	90	90	3737966
545	261	692	90	90	3737972
544	254	688	90	90	3737979
544	248	676	90	90	3737985
544	242	652	90	90	3737991
544	238	592	90	90	3737997
544	235	455	90	90	3738004
544	234	132	90	90	3738029
120
560	509	12	90	90	3738354
560	511	92	90	90	3738360
560	513	177	90	90	3738366
560	514	229	90	90	3738372
560	515	265	90	90	3738379
561	515	312	90	90	3738391
563	516	354	90	90	3738397
564	517	382	90	90	3738404
566	517	406	90	90	3738410
568	516	430	90	90	3738416
570	516	451	90	90	3738422
573	516	463	90	90	3738429
576	516	475	90	90	3738435
580	516	487	90	90	3738441
585	516	499	90	90	3738447
590	516	503	90	90	3738454
596	517	503	90	90	3738460
602	518	511	90	90	3738466
609	518	515	90	90	3738472
617	519	515	90	90	3738479
625	520	519	90	90	3738485
634	521	519	90	90	3738491
643	522	519	90	90	3738497
653	522	519	90	90	3738504
663	523	519	90	90	3738510
673	524	519	90	90	3738516
684	525	519	90	90	3738522
694	526	519	90	90	3738529
705	526	519	90	90	3738535
716	527	519	90	90	3738541
726	528	519	90	90	3738547
737	529	519	90	90	3738554
747	529	519	90	90	3738560
756	530	523	90	90	3738566
766	531	523	90	90	3738572
775	531	523	90	90	3738579
784	531	527	90	90	3738585
792	532	527	90	90	3738591
800	532	531	90	90	3738597
808	532	531	90	90	3738604
814	532	531	90	90	3738610
820	532	535	90	90	3738616
826	531	535	90	90	3738622
830	531	535	90	90	3738629
834	530	535	90	90	3738635
837	529	535	90	90	3738641
840	527	539	90	90	3738647
842	526	543	90	90	3738654
843	523	547	90	90	3738660
844	521	555	90	90	3738666
845	518	563	90	90	3738672
845	515	583	90	90	3738679
845	511	596	90	90	3738685
845	507	608	90	90	3738691
845	503	620	90	90	3738697
845	498	632	90	90	3738704
844	493	644	90	90	3738710
844	488	656	90	90	3738716
843	482	664	90	90	3738722
842	476	672	90	90	3738729
842	470	680	90	90	3738735
842	464	692	90	90	3738741
841	458	700	90	90	3738747
841	452	708	90	90	3738754
841	446	720	90	90	3738760
841	439	724	90	90	3738766
841	433	733	90	90	3738772
841	428	741	90	90	3738779
841	422	745	90	90	3738785
841	416	749	90	90	3738791
841	411	753	90	90	3738797
841	407	757	90	90	3738804
842	403	757	90	90	3738810
842	399	761	90	90	3738816
842	395	761	90	90	3738822
842	392	761	90	90	3738829
842	389	757	90	90	3738835
841	386	753	90	90	3738841
841	384	749	90	90	3738847
840	382	745	90	90	3738854
838	381	737	90	90	3738860
836	380	733	90	90	3738866
834	379	728	90	90	3738872
831	378	724	90	90	3738879
828	378	724	90	90	3738885
824	378	720	90	90	3738891
819	378	720	90	90	3738897
814	378	720	90	90	3738904
809	379	720	90	90	3738910
803	380	720	90	90	3738916
797	381	720	90	90	3738922
790	382	724	90	90	3738929
783	383	724	90	90	3738935
775	384	724	90	90	3738941
767	385	728	90	90	3738947
759	386	728	90	90	3738954
749	387	728	90	90	3738960
740	387	733	90	90	3738966
730	388	733	90	90	3738972
720	388	733	90	90	3738979
709	388	733	90	90	3738985
698	388	733	90	90	3738991
687	388	733	90	90	3738997
676	388	737	90	90	3739004
665	388	737	90	90	3739010
653	388	741	90	90	3739016
643	388	745	90	90	3739022
632	388	745	90	90	3739029
622	388	749	90	90	3739035
613	388	749	90	90	3739041
603	388	753	90	90	3739047
595	388	753	90	90	3739054
587	388	749	90	90	3739060
580	388	745	90	90	3739066
574	388	728	90	90	3739072
568	388	684	90	90	3739079
564	388	563	90	90	3739085
560	388	422	90	90	3739091
557	388	277	90	90	3739097
555	389	62	90	90	3739110
34
438	476	52	90	90	3739391
432	479	153	90	90	3739397
429	480	249	90	90	3739404
427	481	342	90	90	3739410
424	482	350	90	90	3739416
423	483	354	90	90	3739422
423	485	366	90	90	3739429
423	486	370	90	90	3739435
424	487	378	90	90	3739441
425	489	386	90	90	3739447
428	491	398	90	90	3739454
432	493	406	90	90	3739460
436	495	422	90	90	3739466
441	498	443	90	90	3739472
447	501	459	90	90	3739479
454	504	475	90	90	3739485
462	508	503	90	90	3739491
469	512	527	90	90	3739497
477	516	543	90	90	3739504
486	520	567	90	90	3739510
495	525	592	90	90	3739516
503	530	612	90	90	3739522
512	535	628	90	90	3739529
520	540	644	90	90	3739535
528	544	656	90	90	3739541
536	549	664	90	90	3739547
543	553	668	90	90	3739554
549	556	668	90	90	3739560
555	559	648	90	90	3739566
560	561	592	90	90	3739572
565	563	463	90	90	3739579
568	564	338	90	90	3739585
571	564	205	90	90	3739591
573	564	30	90	90	3739604
15
495	413	12	90	90	3739916
508	421	144	90	90	3739922
514	425	265	90	90	3739929
519	428	386	90	90	3739935
525	432	511	90	90	3739941
530	435	531	90	90	3739947
534	438	543	90	90	3739954
539	441	551	90	90	3739960
543	443	551	90	90	3739966
547	445	535	90	90	3739972
551	447	499	90	90	3739979
554	448	414	90	90	3739985
556	449	302	90	90	3739991
558	450	181	90	90	3739997
560	451	32	90	90	3740010
24
459	305	64	90	90	3740454
461	304	173	90	90	3740460
463	305	289	90	90	3740466
466	305	398	90	90	3740472
468	307	443	90	90	3740479
472	308	467	90	90	3740485
477	310	499	90	90	3740491
482	312	519	90	90	3740497
487	315	535	90	90	3740504
493	317	547	90	90	3740510
499	320	559	90	90	3740516
505	323	563	90	90	3740522
511	326	571	90	90	3740529
517	328	575	90	90	3740535
522	331	588	90	90	3740541
527	333	592	90	90	3740547
532	335	596	90	90	3740554
535	336	600	90	90	3740560
539	338	596	90	90	3740566
542	338	563	90	90	3740572
544	339	451	90	90	3740579
546	339	326	90	90	3740585
548	340	197	90	90	3740591
549	340	32	90	90	3740604
6
1
528	511	0	90	90	3880144
67
550	634	32	90	90	3880450
549	633	124	90	90	3880456
548	633	209	90	90	3880462
546	632	298	90	90	3880469
545	631	322	90	90	3880475
544	630	342	90	90	3880481
543	628	362	90	90	3880487
543	625	370	90	90	3880494
542	621	386	90	90	3880500
541	617	398	90	90	3880506
540	612	418	90	90	3880512
539	606	430	90	90	3880519
539	600	443	90	90	3880525
538	594	451	90	90	3880531
537	587	459	90	90	3880537
537	580	463	90	90	3880544
536	573	463	90	90	3880550
536	565	467	90	90	3880556
536	557	471	90	90	3880562
535	550	475	90	90	3880569
535	541	479	90	90	3880575
536	533	491	90	90	3880581
536	525	503	90	90	3880587
536	516	515	90	90	3880594
536	507	527	90	90	3880600
537	498	535	90	90	3880606
537	489	543	90	90	3880612
537	480	555	90	90	3880619
538	470	567	90	90	3880625
538	460	583	90	90	3880631
538	451	596	90	90	3880637
538	441	608	90	90	3880644
538	430	620	90	90	3880650
538	420	632	90	90	3880656
538	410	644	90	90	3880662
538	399	656	90	90	3880669
538	389	668	90	90	3880675
538	378	676	90	90	3880681
538	367	688	90	90	3880687
537	357	696	90	90	3880694
537	346	704	90	90	3880700
537	336	712	90	90	3880706
537	326	724	90	90	3880712
538	316	728	90	90	3880719
538	306	733	90	90	3880725
539	297	737	90	90	3880731
539	288	737	90	90	3880737
540	279	741	90	90	3880744
540	270	741	90	90	3880750
541	262	745	90	90	3880756
541	254	745	90	90	3880762
542	246	741	90	90	3880769
542	239	741	90	90	3880775
543	233	741	90	90	3880781
543	226	741	90	90	3880787
544	221	737	90	90	3880794
544	216	737	90	90	3880800
544	211	737	90	90	3880806
544	206	733	90	90	3880812
545	203	733	90	90	3880819
545	199	724	90	90	3880825
545	197	720	90	90	3880831
545	194	700	90	90	3880837
546	192	680	90	90	3880844
546	191	648	90	90	3880850
546	190	395	90	90	3880875
547	191	24	90	90	3880887
176
535	500	16	90	90	3882019
536	501	167	90	90	3882056
538	501	308	90	90	3882069
539	501	346	90	90	3882075
540	501	366	90	90	3882081
541	501	382	90	90	3882087
543	502	394	90	90	3882094
545	502	406	90	90	3882100
547	502	418	90	90	3882106
550	503	426	90	90	3882112
553	503	439	90	90	3882119
556	504	447	90	90	3882125
560	504	455	90	90	3882131
564	505	459	90	90	3882137
568	506	467	90	90	3882144
573	506	471	90	90	3882150
579	507	475	90	90	3882156
584	508	479	90	90	3882162
590	509	479	90	90	3882169
597	510	487	90	90	3882175
603	511	487	90	90	3882181
610	512	491	90	90	3882187
617	513	491	90	90	3882194
625	514	499	90	90	3882200
632	515	499	90	90	3882206
640	516	499	90	90	3882212
648	517	499	90	90	3882219
656	518	503	90	90	3882225
663	518	503	90	90	3882231
671	519	499	90	90	3882237
679	519	499	90	90	3882244
686	519	499	90	90	3882250
694	519	499	90	90	3882256
701	519	499	90	90	3882262
708	519	499	90	90	3882269
716	519	499	90	90	3882275
723	519	499	90	90	3882281
730	519	499	90	90	3882287
737	520	499	90	90	3882294
744	520	499	90	90	3882300
750	520	499	90	90	3882306
757	520	499	90	90	3882312
763	520	499	90	90	3882319
769	520	499	90	90	3882325
774	520	499	90	90	3882331
779	520	499	90	90	3882337
784	520	499	90	90	3882344
789	520	499	90	90	3882350
794	521	499	90	90	3882356
798	521	499	90	90	3882362
802	521	499	90	90	3882369
806	522	503	90	90	3882375
810	522	503	90	90	3882381
813	523	503	90	90	3882387
816	524	511	90	90	3882394
819	524	511	90	90	3882400
822	524	515	90	90	3882406
824	525	519	90	90	3882412
826	525	523	90	90	3882419
827	525	523	90	90	3882425
828	525	531	90	90	3882431
829	524	535	90	90	3882437
830	524	543	90	90	3882450
832	523	559	90	90	3882462
832	521	571	90	90	3882469
832	520	583	90	90	3882475
832	518	592	90	90	3882481
832	516	604	90	90	3882487
832	514	612	90	90	3882494
832	511	620	90	90	3882500
832	508	628	90	90	3882506
831	505	636	90	90	3882512
831	502	644	90	90	3882519
830	498	652	90	90	3882525
830	494	656	90	90	3882531
830	490	660	90	90	3882537
829	486	664	90	90	3882544
829	481	668	90	90	3882550
829	476	672	90	90	3882556
829	471	676	90	90	3882562
829	467	680	90	90	3882569
829	462	684	90	90	3882575
829	456	688	90	90	3882581
830	451	688	90	90	3882587
830	446	692	90	90	3882594
830	440	696	90	90	3882600
829	435	700	90	90	3882606
829	430	704	90	90	3882612
829	424	704	90	90	3882619
829	419	708	90	90	3882625
829	414	712	90	90	3882631
829	410	720	90	90	3882637
829	405	720	90	90	3882644
829	401	724	90	90	3882650
829	396	724	90	90	3882656
828	392	728	90	90	3882662
828	388	728	90	90	3882669
828	385	728	90	90	3882675
828	382	728	90	90	3882681
827	378	728	90	90	3882687
827	376	724	90	90	3882694
827	373	724	90	90	3882700
826	371	724	90	90	3882706
826	370	720	90	90	3882712
825	369	720	90	90	3882719
825	368	720	90	90	3882731
823	367	712	90	90	3882737
822	367	712	90	90	3882744
821	367	712	90	90	3882750
819	367	708	90	90	3882756
817	367	708	90	90	3882762
815	367	708	90	90	3882769
812	367	708	90	90	3882775
809	368	704	90	90	3882781
806	368	704	90	90	3882787
802	368	700	90	90	3882794
798	368	700	90	90	3882800
793	368	700	90	90	3882806
788	368	700	90	90	3882812
783	369	700	90	90	3882819
778	369	700	90	90	3882825
772	369	700	90	90	3882831
766	369	700	90	90	3882837
759	369	700	90	90	3882844
753	368	700	90	90	3882850
746	368	700	90	90	3882856
739	368	700	90	90	3882862
732	367	700	90	90	3882869
725	367	700	90	90	3882875
718	366	700	90	90	3882881
711	365	700	90	90	3882887
704	365	696	90	90	3882894
696	364	696	90	90	3882900
689	364	696	90	90	3882906
681	363	696	90	90	3882912
674	362	696	90	90	3882919
667	362	696	90	90	3882925
659	361	696	90	90	3882931
653	360	696	90	90	3882937
646	360	696	90	90	3882944
639	359	696	90	90	3882950
633	359	696	90	90	3882956
626	358	696	90	90	3882962
620	357	696	90	90	3882969
615	357	696	90	90	3882975
610	356	696	90	90	3882981
604	356	696	90	90	3882987
599	355	696	90	90	3882994
594	355	696	90	90	3883000
590	354	696	90	90	3883006
586	354	696	90	90	3883012
581	353	696	90	90	3883019
577	353	696	90	90	3883025
574	352	696	90	90	3883031
570	352	696	90	90	3883037
567	352	696	90	90	3883044
563	351	696	90	90	3883050
560	351	696	90	90	3883056
557	350	696	90	90	3883062
555	350	692	90	90	3883069
552	349	692	90	90	3883075
550	348	692	90	90	3883081
547	348	692	90	90	3883087
545	347	692	90	90	3883094
543	347	692	90	90	3883100
541	347	692	90	90	3883106
539	346	692	90	90	3883112
537	346	696	90	90	3883119
536	346	696	90	90	3883125
534	346	696	90	90	3883131
533	346	700	90	90	3883137
532	346	700	90	90	3883150
531	346	667	90	90	3883187
532	345	362	90	90	3883200
534	346	149	90	90	3883206
535	346	0	90	90	3883219
24
425	474	16	90	90	3884922
435	480	40	90	90	3884928
441	484	64	90	90	3884935
446	487	88	90	90	3884941
452	491	112	90	90	3884947
458	495	144	90	90	3884953
463	498	165	90	90	3884960
468	502	193	90	90	3884966
474	506	225	90	90	3884972
479	510	257	90	90	3884978
484	514	294	90	90	3884985
489	517	326	90	90	3884991
493	521	362	90	90	3884997
498	525	390	90	90	3885003
502	528	414	90	90	3885010
507	531	439	90	90	3885016
511	535	451	90	90	3885022
515	537	463	90	90	3885028
518	540	467	90	90	3885035
522	542	451	90	90	3885041
525	544	374	90	90	3885047
527	546	273	90	90	3885053
529	547	161	90	90	3885060
530	548	24	90	90	3885072
28
428	364	4	90	90	3885969
433	368	88	90	90	3885975
436	371	173	90	90	3885982
439	373	225	90	90	3885988
442	376	257	90	90	3885994
446	379	281	90	90	3886000
450	382	298	90	90	3886007
454	385	310	90	90	3886013
458	388	322	90	90	3886019
463	391	334	90	90	3886025
468	395	342	90	90	3886032
473	398	346	90	90	3886038
478	401	354	90	90	3886044
483	404	362	90	90	3886050
487	408	366	90	90	3886057
492	411	374	90	90	3886063
497	414	378	90	90	3886069
502	417	386	90	90	3886075
506	420	390	90	90	3886082
510	423	394	90	90	3886088
514	425	402	90	90	3886094
518	428	402	90	90	3886100
521	430	402	90	90	3886107
525	432	390	90	90	3886113
527	433	362	90	90	3886119
530	435	285	90	90	3886125
532	436	181	90	90	3886132
534	437	38	90	90	3886144
40
425	228	52	90	90	3886738
426	227	124	90	90	3886744
427	228	144	90	90	3886750
429	229	157	90	90	3886757
430	230	169	90	90	3886763
432	231	181	90	90	3886769
435	232	205	90	90	3886775
437	233	225	90	90	3886782
440	234	245	90	90	3886788
443	236	261	90	90	3886794
446	238	277	90	90	3886800
450	240	285	90	90	3886807
453	242	294	90	90	3886813
457	244	306	90	90	3886819
461	247	318	90	90	3886825
466	249	334	90	90	3886832
470	252	342	90	90	3886838
474	254	354	90	90	3886844
479	257	366	90	90	3886850
483	259	374	90	90	3886857
487	261	386	90	90	3886863
491	264	394	90	90	3886869
495	266	398	90	90	3886875
499	268	406	90	90	3886882
503	270	406	90	90	3886888
506	272	414	90	90	3886894
510	273	418	90	90	3886900
513	275	418	90	90	3886907
515	277	422	90	90	3886913
518	278	422	90	90	3886919
520	279	426	90	90	3886925
522	281	426	90	90	3886932
524	282	430	90	90	3886938
526	283	430	90	90	3886944
527	284	430	90	90	3886950
528	285	426	90	90	3886957
530	285	414	90	90	3886963
531	286	378	90	90	3886969
532	286	294	90	90	3886975
533	286	93	90	90	3886994
6
1
542	583	0	90	90	4014086
57
571	680	12	90	90	4014336
571	678	60	90	90	4014342
571	677	104	90	90	4014348
571	674	144	90	90	4014354
571	671	173	90	90	4014361
570	667	209	90	90	4014367
570	663	233	90	90	4014373
570	657	253	90	90	4014379
569	652	261	90	90	4014386
569	645	273	90	90	4014392
568	638	281	90	90	4014398
567	631	298	90	90	4014404
567	623	318	90	90	4014411
566	615	342	90	90	4014417
566	607	370	90	90	4014423
566	598	394	90	90	4014429
566	589	422	90	90	4014436
566	579	451	90	90	4014442
566	569	471	90	90	4014448
566	559	499	90	90	4014454
567	549	519	90	90	4014461
567	538	531	90	90	4014467
567	527	543	90	90	4014473
567	516	555	90	90	4014479
567	505	567	90	90	4014486
567	493	575	90	90	4014492
567	482	588	90	90	4014498
567	470	596	90	90	4014504
567	459	604	90	90	4014511
567	447	612	90	90	4014517
567	435	620	90	90	4014523
567	423	628	90	90	4014529
567	411	636	90	90	4014536
567	399	644	90	90	4014542
567	388	656	90	90	4014548
566	376	668	90	90	4014554
566	365	680	90	90	4014561
565	354	692	90	90	4014567
564	344	704	90	90	4014573
563	333	712	90	90	4014579
561	323	728	90	90	4014586
560	314	737	90	90	4014592
559	304	741	90	90	4014598
557	295	745	90	90	4014604
556	286	749	90	90	4014611
555	278	753	90	90	4014617
554	270	753	90	90	4014623
553	263	753	90	90	4014629
553	256	753	90	90	4014636
552	250	749	90	90	4014642
552	245	741	90	90	4014648
551	240	733	90	90	4014654
551	235	704	90	90	4014661
551	232	656	90	90	4014667
552	229	527	90	90	4014673
552	227	382	90	90	4014679
552	226	109	90	90	4014698
150
568	544	92	90	90	4015373
569	544	209	90	90	4015386
570	543	253	90	90	4015392
571	543	277	90	90	4015398
572	543	298	90	90	4015404
573	543	318	90	90	4015411
574	543	338	90	90	4015417
576	543	350	90	90	4015423
578	543	366	90	90	4015429
580	543	374	90	90	4015436
583	543	382	90	90	4015442
586	543	390	90	90	4015448
590	543	398	90	90	4015454
594	543	402	90	90	4015461
598	543	414	90	90	4015467
604	543	422	90	90	4015473
609	544	426	90	90	4015479
615	544	439	90	90	4015486
622	544	447	90	90	4015492
629	545	451	90	90	4015498
636	545	455	90	90	4015504
643	545	455	90	90	4015511
651	545	459	90	90	4015517
659	545	459	90	90	4015523
666	545	463	90	90	4015529
675	545	467	90	90	4015536
683	544	471	90	90	4015542
691	544	479	90	90	4015548
700	544	491	90	90	4015554
709	543	503	90	90	4015561
717	543	515	90	90	4015567
726	543	523	90	90	4015573
735	543	535	90	90	4015579
743	543	543	90	90	4015586
751	543	551	90	90	4015592
760	543	559	90	90	4015598
768	543	567	90	90	4015604
776	543	575	90	90	4015611
784	543	588	90	90	4015617
791	543	596	90	90	4015623
798	543	600	90	90	4015629
805	543	608	90	90	4015636
811	543	612	90	90	4015642
817	543	612	90	90	4015648
823	543	616	90	90	4015654
828	542	616	90	90	4015661
833	542	620	90	90	4015667
837	541	620	90	90	4015673
841	541	620	90	90	4015679
844	540	620	90	90	4015686
847	540	620	90	90	4015692
850	539	620	90	90	4015698
852	538	620	90	90	4015704
853	537	620	90	90	4015711
855	536	624	90	90	4015717
856	534	628	90	90	4015723
857	533	632	90	90	4015729
857	531	636	90	90	4015736
858	530	640	90	90	4015742
858	528	644	90	90	4015748
858	525	652	90	90	4015754
858	523	656	90	90	4015761
858	520	656	90	90	4015767
857	517	660	90	90	4015773
857	513	660	90	90	4015779
857	510	664	90	90	4015786
856	506	668	90	90	4015792
856	502	672	90	90	4015798
856	497	676	90	90	4015804
856	493	680	90	90	4015811
856	488	684	90	90	4015817
857	483	684	90	90	4015823
857	478	688	90	90	4015829
858	473	688	90	90	4015836
858	468	688	90	90	4015842
859	463	688	90	90	4015848
859	459	688	90	90	4015854
860	454	688	90	90	4015861
860	449	688	90	90	4015867
860	444	688	90	90	4015873
860	439	692	90	90	4015879
859	434	692	90	90	4015886
859	430	696	90	90	4015892
858	425	696	90	90	4015898
858	421	696	90	90	4015904
857	416	696	90	90	4015911
857	413	696	90	90	4015917
856	409	696	90	90	4015923
855	406	696	90	90	4015929
854	404	696	90	90	4015936
854	401	696	90	90	4015942
853	399	696	90	90	4015948
852	398	696	90	90	4015954
851	396	696	90	90	4015961
850	395	696	90	90	4015967
849	394	696	90	90	4015973
847	394	696	90	90	4015979
845	393	692	90	90	4015986
843	393	692	90	90	4015992
841	392	688	90	90	4015998
838	392	688	90	90	4016004
835	392	684	90	90	4016011
831	393	684	90	90	4016017
828	393	684	90	90	4016023
823	394	684	90	90	4016029
819	394	680	90	90	4016036
814	395	680	90	90	4016042
809	396	680	90	90	4016048
803	396	676	90	90	4016054
798	397	676	90	90	4016061
792	397	672	90	90	4016067
786	398	672	90	90	4016073
779	398	672	90	90	4016079
772	399	672	90	90	4016086
766	399	668	90	90	4016092
759	400	672	90	90	4016098
752	400	668	90	90	4016104
744	401	672	90	90	4016111
737	401	672	90	90	4016117
729	402	672	90	90	4016123
722	402	672	90	90	4016129
714	403	676	90	90	4016136
707	403	676	90	90	4016142
699	404	680	90	90	4016148
691	404	684	90	90	4016154
684	404	684	90	90	4016161
677	405	688	90	90	4016167
669	405	688	90	90	4016173
662	405	688	90	90	4016179
654	405	688	90	90	4016186
647	405	692	90	90	4016192
640	404	692	90	90	4016198
633	404	692	90	90	4016204
626	404	692	90	90	4016211
619	403	692	90	90	4016217
612	403	692	90	90	4016223
606	402	692	90	90	4016229
600	402	692	90	90	4016236
594	402	692	90	90	4016242
589	401	692	90	90	4016248
584	401	692	90	90	4016254
580	401	692	90	90	4016261
576	401	688	90	90	4016267
572	400	680	90	90	4016273
570	400	652	90	90	4016279
567	400	567	90	90	4016286
565	400	439	90	90	4016292
564	400	298	90	90	4016298
563	400	157	90	90	4016304
562	401	4	90	90	4016317
35
432	514	8	90	90	4017251
438	517	80	90	90	4017257
441	518	165	90	90	4017263
445	521	193	90	90	4017269
449	523	225	90	90	4017276
454	525	257	90	90	4017282
459	528	281	90	90	4017288
464	531	306	90	90	4017294
469	534	334	90	90	4017301
475	538	350	90	90	4017307
480	541	370	90	90	4017313
486	545	386	90	90	4017319
491	548	402	90	90	4017326
496	552	422	90	90	4017332
501	555	447	90	90	4017338
506	558	467	90	90	4017344
510	561	491	90	90	4017351
514	564	519	90	90	4017357
518	567	539	90	90	4017363
521	569	555	90	90	4017369
525	572	567	90	90	4017376
528	574	575	90	90	4017382
531	576	583	90	90	4017388
534	578	588	90	90	4017394
537	579	588	90	90	4017401
540	580	592	90	90	4017407
543	582	592	90	90	4017413
546	583	588	90	90	4017419
548	584	583	90	90	4017426
550	585	571	90	90	4017432
551	586	555	90	90	4017438
553	586	523	90	90	4017444
554	587	402	90	90	4017457
555	588	172	90	90	4017469
556	588	0	90	90	4017482
33
420	386	68	90	90	4018113
422	388	149	90	90	4018119
424	390	217	90	90	4018126
426	391	225	90	90	4018132
429	393	225	90	90	4018138
433	395	225	90	90	4018144
437	397	229	90	90	4018151
441	400	241	90	90	4018157
446	402	253	90	90	4018163
451	405	273	90	90	4018169
456	409	298	90	90	4018176
461	412	326	90	90	4018182
466	415	366	90	90	4018188
472	419	398	90	90	4018194
478	423	439	90	90	4018201
483	427	467	90	90	4018207
489	431	503	90	90	4018213
496	435	531	90	90	4018219
502	438	551	90	90	4018226
508	442	567	90	90	4018232
514	446	583	90	90	4018238
520	450	592	90	90	4018244
526	453	600	90	90	4018251
532	457	604	90	90	4018257
538	460	608	90	90	4018263
542	462	612	90	90	4018269
546	465	612	90	90	4018276
550	467	612	90	90	4018282
554	469	604	90	90	4018288
556	470	571	90	90	4018294
559	471	487	90	90	4018301
560	471	370	90	90	4018307
561	472	117	90	90	4018326
32
449	275	8	90	90	4018801
449	274	130	90	90	4018813
450	275	229	90	90	4018819
452	276	273	90	90	4018826
454	277	302	90	90	4018832
457	279	342	90	90	4018838
460	280	374	90	90	4018844
464	282	398	90	90	4018851
468	284	426	90	90	4018857
472	286	447	90	90	4018863
477	289	467	90	90	4018869
482	291	487	90	90	4018876
487	294	511	90	90	4018882
492	297	527	90	90	4018888
498	300	543	90	90	4018894
504	303	559	90	90	4018901
510	306	575	90	90	4018907
516	309	592	90	90	4018913
522	312	600	90	90	4018919
527	315	608	90	90	4018926
533	318	616	90	90	4018932
538	320	620	90	90	4018938
544	322	620	90	90	4018944
548	324	620	90	90	4018951
553	326	616	90	90	4018957
557	327	604	90	90	4018963
561	328	571	90	90	4018969
565	329	503	90	90	4018976
568	330	382	90	90	4018982
570	331	257	90	90	4018988
572	332	124	90	90	4018994
573	333	0	90	90	4019007
6
1
568	571	0	90	90	4168949
49
545	655	76	90	90	4169261
544	655	209	90	90	4169267
543	653	245	90	90	4169274
543	651	277	90	90	4169280
542	647	306	90	90	4169286
541	643	334	90	90	4169292
541	637	354	90	90	4169299
540	631	374	90	90	4169305
540	624	386	90	90	4169311
539	617	394	90	90	4169317
539	609	398	90	90	4169324
539	600	398	90	90	4169330
539	591	402	90	90	4169336
538	582	402	90	90	4169342
538	572	406	90	90	4169349
538	562	414	90	90	4169355
538	551	422	90	90	4169361
538	540	426	90	90	4169367
538	528	430	90	90	4169374
537	516	443	90	90	4169380
537	505	451	90	90	4169386
537	492	455	90	90	4169392
537	480	463	90	90	4169399
536	468	467	90	90	4169405
536	456	479	90	90	4169411
535	443	491	90	90	4169417
535	431	515	90	90	4169424
534	419	531	90	90	4169430
534	407	551	90	90	4169436
533	396	567	90	90	4169442
533	384	592	90	90	4169449
532	373	608	90	90	4169455
532	362	624	90	90	4169461
531	352	640	90	90	4169467
531	342	652	90	90	4169474
530	332	656	90	90	4169480
530	323	660	90	90	4169486
529	314	668	90	90	4169492
529	307	672	90	90	4169499
529	300	676	90	90	4169505
528	293	676	90	90	4169511
528	287	676	90	90	4169517
528	282	668	90	90	4169524
528	278	660	90	90	4169530
527	274	640	90	90	4169536
527	271	600	90	90	4169542
527	269	511	90	90	4169549
527	267	374	90	90	4169555
527	266	115	90	90	4169574
34
410	496	76	90	90	4169955
413	497	165	90	90	4169961
415	498	249	90	90	4169967
418	499	257	90	90	4169974
421	501	265	90	90	4169980
425	502	273	90	90	4169986
429	504	281	90	90	4169992
434	506	289	90	90	4169999
439	508	298	90	90	4170005
444	511	306	90	90	4170011
450	513	322	90	90	4170017
455	517	342	90	90	4170024
461	520	366	90	90	4170030
467	523	390	90	90	4170036
473	526	418	90	90	4170042
478	529	447	90	90	4170049
484	532	467	90	90	4170055
489	536	499	90	90	4170061
495	539	519	90	90	4170067
500	542	535	90	90	4170074
505	545	547	90	90	4170080
510	548	555	90	90	4170086
514	550	559	90	90	4170092
518	553	563	90	90	4170099
522	555	567	90	90	4170105
525	556	567	90	90	4170111
528	558	567	90	90	4170117
531	559	567	90	90	4170124
533	560	563	90	90	4170130
535	561	555	90	90	4170136
537	562	531	90	90	4170142
538	562	471	90	90	4170149
539	562	243	90	90	4170167
539	561	0	90	90	4170180
29
418	366	4	90	90	4170923
422	368	96	90	90	4170929
424	369	197	90	90	4170935
427	371	298	90	90	4170942
430	374	334	90	90	4170948
434	377	370	90	90	4170954
438	380	394	90	90	4170960
443	384	418	90	90	4170967
448	387	430	90	90	4170973
454	391	447	90	90	4170979
460	395	451	90	90	4170985
466	399	455	90	90	4170992
472	403	455	90	90	4170998
478	407	459	90	90	4171004
484	411	455	90	90	4171010
489	414	459	90	90	4171017
494	418	459	90	90	4171023
500	422	463	90	90	4171029
505	425	463	90	90	4171035
509	429	463	90	90	4171042
513	432	467	90	90	4171048
517	435	467	90	90	4171054
520	437	471	90	90	4171060
524	440	467	90	90	4171067
527	442	447	90	90	4171073
529	444	378	90	90	4171079
532	445	273	90	90	4171085
533	446	161	90	90	4171092
535	446	24	90	90	4171104
32
419	281	4	90	90	4171479
419	280	92	90	90	4171485
420	280	181	90	90	4171492
421	281	241	90	90	4171498
423	281	281	90	90	4171504
425	282	310	90	90	4171510
428	284	350	90	90	4171517
432	285	382	90	90	4171523
436	287	402	90	90	4171529
440	289	422	90	90	4171535
445	292	439	90	90	4171542
451	295	447	90	90	4171548
456	298	455	90	90	4171554
461	301	463	90	90	4171560
467	305	467	90	90	4171567
472	308	475	90	90	4171573
478	312	491	90	90	4171579
483	315	511	90	90	4171585
488	318	527	90	90	4171592
493	321	539	90	90	4171598
498	324	551	90	90	4171604
503	326	559	90	90	4171610
508	329	571	90	90	4171617
512	331	583	90	90	4171623
516	333	588	90	90	4171629
520	335	575	90	90	4171635
524	337	559	90	90	4171642
527	338	519	90	90	4171648
530	340	414	90	90	4171654
533	341	298	90	90	4171660
535	342	173	90	90	4171667
537	343	24	90	90	4171679
152
536	517	16	90	90	4172830
534	518	148	90	90	4172874
535	518	233	90	90	4172880
536	518	253	90	90	4172886
538	518	277	90	90	4172892
540	518	298	90	90	4172899
542	518	326	90	90	4172905
545	519	354	90	90	4172911
548	519	382	90	90	4172917
552	519	398	90	90	4172924
556	520	418	90	90	4172930
561	520	430	90	90	4172936
566	521	443	90	90	4172942
572	521	451	90	90	4172949
579	521	455	90	90	4172955
586	522	459	90	90	4172961
593	522	463	90	90	4172967
601	523	467	90	90	4172974
609	523	471	90	90	4172980
618	524	475	90	90	4172986
627	525	479	90	90	4172992
636	525	487	90	90	4172999
645	526	491	90	90	4173005
654	527	499	90	90	4173011
663	527	499	90	90	4173017
673	528	503	90	90	4173024
682	528	511	90	90	4173030
691	529	515	90	90	4173036
701	529	519	90	90	4173042
710	529	523	90	90	4173049
719	530	527	90	90	4173055
728	530	531	90	90	4173061
738	530	535	90	90	4173067
747	530	535	90	90	4173074
756	531	539	90	90	4173080
764	531	539	90	90	4173086
772	531	539	90	90	4173092
781	531	539	90	90	4173099
788	531	539	90	90	4173105
796	530	539	90	90	4173111
803	530	539	90	90	4173117
810	530	543	90	90	4173124
816	530	543	90	90	4173130
822	530	543	90	90	4173136
828	529	543	90	90	4173142
833	529	543	90	90	4173149
837	529	543	90	90	4173155
842	529	543	90	90	4173161
846	528	543	90	90	4173167
849	528	543	90	90	4173174
852	527	547	90	90	4173180
855	527	547	90	90	4173186
858	526	547	90	90	4173192
860	525	555	90	90	4173199
861	524	559	90	90	4173205
863	523	567	90	90	4173211
863	522	583	90	90	4173217
864	520	596	90	90	4173224
864	518	604	90	90	4173230
864	516	616	90	90	4173236
864	514	628	90	90	4173242
863	511	640	90	90	4173249
863	508	644	90	90	4173255
862	504	652	90	90	4173261
862	500	656	90	90	4173267
861	497	664	90	90	4173274
860	492	664	90	90	4173280
859	488	668	90	90	4173286
858	483	672	90	90	4173292
857	478	672	90	90	4173299
855	472	676	90	90	4173305
854	467	680	90	90	4173311
853	461	680	90	90	4173317
851	456	684	90	90	4173324
850	450	684	90	90	4173330
848	444	684	90	90	4173336
847	439	688	90	90	4173342
846	433	688	90	90	4173349
844	428	692	90	90	4173355
843	423	692	90	90	4173361
843	418	692	90	90	4173367
842	413	692	90	90	4173374
841	409	692	90	90	4173380
841	405	692	90	90	4173386
841	402	692	90	90	4173392
840	399	688	90	90	4173399
840	396	688	90	90	4173405
840	393	688	90	90	4173411
839	391	688	90	90	4173417
839	389	688	90	90	4173424
838	387	688	90	90	4173430
837	385	684	90	90	4173436
835	384	684	90	90	4173442
834	383	684	90	90	4173449
832	383	684	90	90	4173455
829	383	684	90	90	4173461
827	383	688	90	90	4173467
824	383	688	90	90	4173474
821	384	688	90	90	4173480
817	385	692	90	90	4173486
814	386	692	90	90	4173492
810	387	696	90	90	4173499
805	388	696	90	90	4173505
801	389	696	90	90	4173511
796	390	700	90	90	4173517
791	391	700	90	90	4173524
786	391	700	90	90	4173530
780	392	704	90	90	4173536
774	393	704	90	90	4173542
768	394	700	90	90	4173549
761	395	700	90	90	4173555
754	396	700	90	90	4173561
747	396	700	90	90	4173567
740	397	700	90	90	4173574
733	398	700	90	90	4173580
726	398	700	90	90	4173586
718	399	704	90	90	4173592
711	399	708	90	90	4173599
703	400	708	90	90	4173605
695	400	712	90	90	4173611
688	401	720	90	90	4173617
680	401	724	90	90	4173624
672	401	724	90	90	4173630
665	401	724	90	90	4173636
657	401	728	90	90	4173642
650	401	728	90	90	4173649
642	401	728	90	90	4173655
635	401	728	90	90	4173661
628	401	728	90	90	4173667
621	401	728	90	90	4173674
614	400	728	90	90	4173680
607	400	728	90	90	4173686
601	400	728	90	90	4173692
595	400	728	90	90	4173699
589	400	728	90	90	4173705
583	400	728	90	90	4173711
577	399	728	90	90	4173717
572	399	728	90	90	4173724
567	399	728	90	90	4173730
562	399	728	90	90	4173736
558	399	728	90	90	4173742
554	399	728	90	90	4173749
550	399	728	90	90	4173755
547	399	724	90	90	4173761
544	399	724	90	90	4173767
541	399	712	90	90	4173774
539	399	700	90	90	4173780
537	399	660	90	90	4173786
535	399	535	90	90	4173792
534	399	394	90	90	4173799
532	399	253	90	90	4173805
531	400	48	90	90	4173817
6
1
575	548	0	90	90	4318808
46
599	613	64	90	90	4319033
599	611	144	90	90	4319040
599	610	217	90	90	4319046
599	607	233	90	90	4319052
599	603	233	90	90	4319058
598	599	233	90	90	4319065
598	593	241	90	90	4319071
598	587	241	90	90	4319077
598	579	241	90	90	4319083
597	571	233	90	90	4319090
597	563	241	90	90	4319096
597	554	245	90	90	4319102
596	544	249	90	90	4319108
595	535	261	90	90	4319115
594	524	281	90	90	4319121
593	514	302	90	90	4319127
591	502	338	90	90	4319133
590	491	370	90	90	4319140
588	479	398	90	90	4319146
586	466	430	90	90	4319152
584	453	463	90	90	4319158
582	440	491	90	90	4319165
579	426	523	90	90	4319171
577	412	543	90	90	4319177
575	398	559	90	90	4319183
573	383	583	90	90	4319190
570	369	600	90	90	4319196
568	353	616	90	90	4319202
566	338	636	90	90	4319208
564	324	652	90	90	4319215
563	310	664	90	90	4319221
561	296	676	90	90	4319227
560	283	688	90	90	4319233
559	270	692	90	90	4319240
558	257	696	90	90	4319246
557	247	696	90	90	4319252
556	236	696	90	90	4319258
555	226	696	90	90	4319265
554	217	692	90	90	4319271
553	209	688	90	90	4319277
552	203	680	90	90	4319283
551	197	660	90	90	4319290
550	193	624	90	90	4319296
549	190	535	90	90	4319302
548	189	329	90	90	4319315
547	190	60	90	90	4319327
120
583	498	4	90	90	4319790
584	497	48	90	90	4319796
585	497	88	90	90	4319802
587	496	140	90	90	4319808
589	496	177	90	90	4319815
592	495	217	90	90	4319821
595	494	249	90	90	4319827
599	493	273	90	90	4319833
603	493	281	90	90	4319840
608	492	289	90	90	4319846
613	491	289	90	90	4319852
619	491	294	90	90	4319858
625	491	294	90	90	4319865
631	491	298	90	90	4319871
638	491	298	90	90	4319877
646	492	298	90	90	4319883
653	492	302	90	90	4319890
661	492	302	90	90	4319896
670	493	302	90	90	4319902
679	493	302	90	90	4319908
687	493	306	90	90	4319915
696	493	306	90	90	4319921
705	493	306	90	90	4319927
714	493	306	90	90	4319933
723	493	306	90	90	4319940
732	492	306	90	90	4319946
741	492	306	90	90	4319952
750	492	310	90	90	4319958
759	493	318	90	90	4319965
768	493	322	90	90	4319971
777	493	326	90	90	4319977
785	493	334	90	90	4319983
793	494	338	90	90	4319990
801	494	346	90	90	4319996
809	494	350	90	90	4320002
816	494	354	90	90	4320008
822	493	362	90	90	4320015
828	493	366	90	90	4320021
833	492	366	90	90	4320027
837	491	370	90	90	4320033
841	490	374	90	90	4320040
845	489	378	90	90	4320046
847	488	390	90	90	4320052
850	487	402	90	90	4320058
851	485	426	90	90	4320065
853	483	451	90	90	4320071
854	482	471	90	90	4320077
854	480	503	90	90	4320083
855	478	531	90	90	4320090
855	476	555	90	90	4320096
854	473	575	90	90	4320102
854	470	600	90	90	4320108
853	466	612	90	90	4320115
852	462	624	90	90	4320121
851	458	636	90	90	4320127
850	453	648	90	90	4320133
848	448	652	90	90	4320140
847	443	656	90	90	4320146
846	437	664	90	90	4320152
845	432	668	90	90	4320158
844	426	672	90	90	4320165
843	420	676	90	90	4320171
842	414	680	90	90	4320177
842	408	680	90	90	4320183
841	402	684	90	90	4320190
841	396	688	90	90	4320196
841	390	688	90	90	4320202
840	384	692	90	90	4320208
840	379	696	90	90	4320215
840	374	700	90	90	4320221
840	369	704	90	90	4320227
840	365	708	90	90	4320233
839	361	712	90	90	4320240
839	357	724	90	90	4320246
839	354	728	90	90	4320252
838	351	733	90	90	4320258
837	349	737	90	90	4320265
836	347	737	90	90	4320271
835	345	741	90	90	4320277
833	344	745	90	90	4320283
831	343	745	90	90	4320290
829	343	749	90	90	4320296
826	342	749	90	90	4320302
823	342	749	90	90	4320308
820	342	749	90	90	4320315
816	343	745	90	90	4320321
811	343	745	90	90	4320327
807	344	741	90	90	4320333
802	345	741	90	90	4320340
796	346	737	90	90	4320346
790	348	737	90	90	4320352
784	349	733	90	90	4320358
777	351	733	90	90	4320365
771	353	733	90	90	4320371
763	355	728	90	90	4320377
756	357	728	90	90	4320383
748	359	724	90	90	4320390
741	360	724	90	90	4320396
733	362	720	90	90	4320402
724	363	720	90	90	4320408
715	364	712	90	90	4320415
707	364	712	90	90	4320421
697	365	712	90	90	4320427
688	365	712	90	90	4320433
679	366	712	90	90	4320440
670	366	720	90	90	4320446
661	366	720	90	90	4320452
652	366	724	90	90	4320458
644	366	728	90	90	4320465
635	366	733	90	90	4320471
628	366	733	90	90	4320477
621	366	728	90	90	4320483
614	366	720	90	90	4320490
608	366	696	90	90	4320496
602	365	652	90	90	4320502
597	365	575	90	90	4320508
592	364	443	90	90	4320515
588	364	298	90	90	4320521
584	364	153	90	90	4320527
581	364	2	90	90	4320540
21
479	475	129	90	90	4321513
481	475	249	90	90	4321519
484	476	273	90	90	4321525
487	477	289	90	90	4321531
492	479	310	90	90	4321538
497	481	334	90	90	4321544
504	484	346	90	90	4321550
511	487	354	90	90	4321556
518	490	366	90	90	4321563
526	494	366	90	90	4321569
534	497	370	90	90	4321575
542	501	374	90	90	4321581
550	505	374	90	90	4321588
557	509	378	90	90	4321594
564	512	378	90	90	4321600
571	516	370	90	90	4321606
576	519	346	90	90	4321613
582	522	273	90	90	4321619
586	524	177	90	90	4321625
590	526	80	90	90	4321631
592	528	0	90	90	4321644
23
488	387	16	90	90	4321981
485	385	120	90	90	4321988
483	385	297	90	90	4322013
484	386	374	90	90	4322019
485	386	390	90	90	4322025
487	387	414	90	90	4322031
490	388	443	90	90	4322038
494	390	463	90	90	4322044
499	392	499	90	90	4322050
504	394	527	90	90	4322056
510	397	547	90	90	4322063
517	400	567	90	90	4322069
524	403	588	90	90	4322075
531	407	596	90	90	4322081
538	410	604	90	90	4322088
545	414	612	90	90	4322094
551	417	620	90	90	4322100
557	420	616	90	90	4322106
563	422	592	90	90	4322113
569	424	503	90	90	4322119
573	425	378	90	90	4322125
577	426	253	90	90	4322131
579	427	56	90	90	4322144
20
490	265	72	90	90	4322506
489	263	231	90	90	4322519
490	262	382	90	90	4322525
492	262	394	90	90	4322531
494	263	414	90	90	4322538
498	264	430	90	90	4322544
502	265	451	90	90	4322550
507	267	467	90	90	4322556
513	269	479	90	90	4322563
519	272	499	90	90	4322569
526	274	515	90	90	4322575
532	277	523	90	90	4322581
539	280	527	90	90	4322588
545	283	523	90	90	4322594
551	286	515	90	90	4322600
556	289	471	90	90	4322606
561	291	366	90	90	4322613
565	293	249	90	90	4322619
569	295	136	90	90	4322625
572	297	4	90	90	4322638
6
1
314	450	0	90	90	4446659
56
546	625	60	90	90	4447600
544	621	80	90	90	4447606
543	618	112	90	90	4447612
543	615	149	90	90	4447619
542	611	177	90	90	4447625
542	606	213	90	90	4447631
542	601	245	90	90	4447637
542	595	273	90	90	4447644
542	588	294	90	90	4447650
542	581	310	90	90	4447656
542	573	326	90	90	4447662
541	564	338	90	90	4447669
541	555	350	90	90	4447675
541	545	362	90	90	4447681
541	536	370	90	90	4447687
541	525	382	90	90	4447694
541	515	398	90	90	4447700
541	504	418	90	90	4447706
541	493	439	90	90	4447712
541	481	459	90	90	4447719
541	469	475	90	90	4447725
541	455	499	90	90	4447731
541	442	515	90	90	4447737
541	429	527	90	90	4447744
541	416	535	90	90	4447750
540	403	543	90	90	4447756
540	390	551	90	90	4447762
540	378	555	90	90	4447769
540	366	559	90	90	4447775
540	356	567	90	90	4447781
541	344	571	90	90	4447787
541	333	575	90	90	4447794
542	321	583	90	90	4447800
543	310	592	90	90	4447806
543	298	596	90	90	4447812
544	287	604	90	90	4447819
544	277	608	90	90	4447825
545	266	612	90	90	4447831
545	256	616	90	90	4447837
545	246	616	90	90	4447844
546	236	620	90	90	4447850
546	227	624	90	90	4447856
547	218	624	90	90	4447862
548	210	628	90	90	4447869
548	202	628	90	90	4447875
549	194	632	90	90	4447881
549	188	632	90	90	4447887
550	182	632	90	90	4447894
550	177	624	90	90	4447900
549	172	612	90	90	4447906
549	169	596	90	90	4447912
549	166	563	90	90	4447919
549	164	515	90	90	4447925
549	163	364	90	90	4447937
547	162	177	90	90	4447944
547	163	30	90	90	4447956
26
542	554	18	90	90	4448550
541	554	60	90	90	4448556
540	553	80	90	90	4448562
538	552	108	90	90	4448569
536	550	132	90	90	4448575
534	548	149	90	90	4448581
531	545	165	90	90	4448587
528	542	181	90	90	4448594
524	539	197	90	90	4448600
520	535	213	90	90	4448606
515	530	225	90	90	4448612
510	525	241	90	90	4448619
504	520	253	90	90	4448625
498	514	265	90	90	4448631
492	509	281	90	90	4448637
486	503	294	90	90	4448644
480	497	306	90	90	4448650
474	491	322	90	90	4448656
468	486	334	90	90	4448662
462	481	342	90	90	4448669
457	477	346	90	90	4448675
453	472	342	90	90	4448681
449	469	318	90	90	4448687
445	465	257	90	90	4448694
443	463	165	90	90	4448700
441	460	36	90	90	4448712
28
542	416	56	90	90	4449175
542	415	153	90	90	4449181
541	414	189	90	90	4449187
540	412	225	90	90	4449194
538	410	253	90	90	4449200
536	408	277	90	90	4449206
534	404	298	90	90	4449212
530	401	318	90	90	4449219
527	396	338	90	90	4449225
522	391	354	90	90	4449231
517	386	374	90	90	4449237
512	381	390	90	90	4449244
505	375	406	90	90	4449250
499	369	426	90	90	4449256
491	363	455	90	90	4449262
484	357	475	90	90	4449269
477	351	511	90	90	4449275
469	345	531	90	90	4449281
462	340	547	90	90	4449287
456	335	559	90	90	4449294
450	330	571	90	90	4449300
444	325	575	90	90	4449306
439	321	567	90	90	4449312
435	316	535	90	90	4449319
431	312	426	90	90	4449325
428	308	306	90	90	4449331
426	305	181	90	90	4449337
424	303	30	90	90	4449350
27
546	300	48	90	90	4449762
545	299	112	90	90	4449775
544	298	169	90	90	4449781
543	297	209	90	90	4449787
541	295	245	90	90	4449794
539	293	273	90	90	4449800
537	290	302	90	90	4449806
534	287	338	90	90	4449812
531	283	374	90	90	4449819
526	279	414	90	90	4449825
522	274	447	90	90	4449831
516	268	487	90	90	4449837
511	262	527	90	90	4449844
505	256	559	90	90	4449850
498	250	596	90	90	4449856
492	245	620	90	90	4449862
486	239	644	90	90	4449869
479	234	660	90	90	4449875
473	228	676	90	90	4449881
468	223	680	90	90	4449887
462	218	676	90	90	4449894
458	213	664	90	90	4449900
454	209	628	90	90	4449906
450	205	527	90	90	4449912
447	201	386	90	90	4449919
445	199	253	90	90	4449925
444	197	52	90	90	4449937
173
539	475	48	90	90	4450600
541	476	92	90	90	4450606
542	476	140	90	90	4450612
544	476	173	90	90	4450619
546	476	213	90	90	4450625
548	476	249	90	90	4450631
551	475	273	90	90	4450637
554	475	289	90	90	4450644
558	475	302	90	90	4450650
562	475	310	90	90	4450656
566	474	322	90	90	4450662
571	474	326	90	90	4450669
577	474	326	90	90	4450675
583	474	334	90	90	4450681
589	474	334	90	90	4450687
596	475	338	90	90	4450694
603	475	338	90	90	4450700
611	475	346	90	90	4450706
619	476	362	90	90	4450712
628	476	378	90	90	4450719
636	477	390	90	90	4450725
645	477	406	90	90	4450731
654	478	426	90	90	4450737
663	478	447	90	90	4450744
672	478	463	90	90	4450750
681	478	475	90	90	4450756
689	478	487	90	90	4450762
698	478	491	90	90	4450769
707	478	499	90	90	4450775
715	478	503	90	90	4450781
724	478	503	90	90	4450787
732	478	511	90	90	4450794
741	478	511	90	90	4450800
749	479	511	90	90	4450806
757	479	515	90	90	4450812
765	479	515	90	90	4450819
772	479	519	90	90	4450825
780	479	523	90	90	4450831
787	479	527	90	90	4450837
793	479	531	90	90	4450844
799	479	535	90	90	4450850
805	478	539	90	90	4450856
811	478	543	90	90	4450862
816	477	547	90	90	4450869
822	477	551	90	90	4450875
827	477	551	90	90	4450881
831	477	555	90	90	4450887
836	477	555	90	90	4450894
840	477	559	90	90	4450900
844	477	559	90	90	4450906
847	477	559	90	90	4450912
850	477	563	90	90	4450919
852	477	567	90	90	4450925
854	477	571	90	90	4450931
856	477	583	90	90	4450937
857	477	596	90	90	4450944
858	476	608	90	90	4450950
859	476	620	90	90	4450956
859	474	636	90	90	4450962
860	473	652	90	90	4450969
860	471	668	90	90	4450975
860	468	680	90	90	4450981
860	465	688	90	90	4450987
860	461	700	90	90	4450994
860	457	708	90	90	4451000
859	453	720	90	90	4451006
859	448	724	90	90	4451012
859	443	724	90	90	4451019
858	437	724	90	90	4451025
858	432	733	90	90	4451031
857	427	733	90	90	4451037
857	421	737	90	90	4451044
857	416	737	90	90	4451050
857	411	741	90	90	4451056
857	406	741	90	90	4451062
856	401	749	90	90	4451069
856	397	749	90	90	4451075
856	393	753	90	90	4451081
857	389	745	90	90	4451087
857	385	745	90	90	4451094
857	381	745	90	90	4451100
858	378	741	90	90	4451106
858	375	741	90	90	4451112
859	372	737	90	90	4451119
859	370	737	90	90	4451125
859	368	737	90	90	4451131
859	366	741	90	90	4451137
859	364	741	90	90	4451144
859	363	737	90	90	4451150
859	362	737	90	90	4451156
859	361	733	90	90	4451169
859	360	726	90	90	4451181
858	359	720	90	90	4451187
857	359	712	90	90	4451194
856	358	708	90	90	4451200
854	358	700	90	90	4451206
853	358	696	90	90	4451212
851	359	692	90	90	4451219
849	359	688	90	90	4451225
847	359	684	90	90	4451231
845	360	684	90	90	4451237
843	360	684	90	90	4451244
840	361	684	90	90	4451250
837	361	684	90	90	4451256
834	362	684	90	90	4451262
830	362	684	90	90	4451269
827	362	684	90	90	4451275
823	363	688	90	90	4451281
819	363	688	90	90	4451287
814	363	688	90	90	4451294
810	363	688	90	90	4451300
805	364	692	90	90	4451306
800	364	692	90	90	4451312
795	364	696	90	90	4451319
790	364	696	90	90	4451325
785	363	700	90	90	4451331
780	363	704	90	90	4451337
775	363	708	90	90	4451344
769	362	708	90	90	4451350
764	362	708	90	90	4451356
758	361	712	90	90	4451362
753	361	712	90	90	4451369
747	360	712	90	90	4451375
742	359	712	90	90	4451381
736	359	712	90	90	4451387
731	358	712	90	90	4451394
725	358	708	90	90	4451400
720	357	708	90	90	4451406
714	357	708	90	90	4451412
709	356	708	90	90	4451419
703	356	712	90	90	4451425
698	355	712	90	90	4451431
692	355	720	90	90	4451437
687	354	724	90	90	4451444
681	354	728	90	90	4451450
676	353	733	90	90	4451456
670	352	733	90	90	4451462
665	352	737	90	90	4451469
660	351	737	90	90	4451475
655	351	737	90	90	4451481
650	351	737	90	90	4451487
645	350	733	90	90	4451494
640	350	733	90	90	4451500
636	350	733	90	90	4451506
631	350	733	90	90	4451512
626	351	737	90	90	4451519
621	351	737	90	90	4451525
617	351	741	90	90	4451531
612	351	745	90	90	4451537
608	351	749	90	90	4451544
603	351	757	90	90	4451550
599	350	761	90	90	4451556
594	350	765	90	90	4451562
590	350	769	90	90	4451569
587	349	773	90	90	4451575
583	349	773	90	90	4451581
580	349	773	90	90	4451587
577	349	777	90	90	4451594
574	348	777	90	90	4451600
571	348	777	90	90	4451606
568	348	777	90	90	4451612
565	348	777	90	90	4451619
563	348	777	90	90	4451625
560	348	773	90	90	4451631
558	348	773	90	90	4451637
555	348	765	90	90	4451644
554	347	753	90	90	4451650
552	347	728	90	90	4451656
550	346	656	90	90	4451662
549	345	527	90	90	4451669
547	345	378	90	90	4451675
546	344	225	90	90	4451681
545	344	32	90	90	4451694
6
1
642	575	0	90	90	4598166
53
539	617	4	90	90	4598634
539	607	56	90	90	4598641
539	601	108	90	90	4598647
539	594	153	90	90	4598653
538	586	181	90	90	4598659
538	577	205	90	90	4598666
538	568	229	90	90	4598672
538	558	249	90	90	4598678
538	547	265	90	90	4598684
538	537	285	90	90	4598691
538	525	302	90	90	4598697
538	514	326	90	90	4598703
539	502	350	90	90	4598709
539	490	374	90	90	4598716
539	478	398	90	90	4598722
540	466	426	90	90	4598728
540	454	451	90	90	4598734
540	443	467	90	90	4598741
541	431	487	90	90	4598747
541	420	499	90	90	4598753
541	409	511	90	90	4598759
542	398	519	90	90	4598766
542	387	523	90	90	4598772
542	377	527	90	90	4598778
542	366	531	90	90	4598784
543	355	531	90	90	4598791
543	344	535	90	90	4598797
543	334	535	90	90	4598803
544	323	543	90	90	4598809
544	313	547	90	90	4598816
544	303	559	90	90	4598822
544	293	571	90	90	4598828
543	283	588	90	90	4598834
543	273	604	90	90	4598841
542	263	616	90	90	4598847
541	253	628	90	90	4598853
540	243	640	90	90	4598859
539	234	652	90	90	4598866
538	224	656	90	90	4598872
537	215	660	90	90	4598878
536	207	660	90	90	4598884
535	199	668	90	90	4598891
534	193	672	90	90	4598897
533	187	676	90	90	4598903
532	181	676	90	90	4598909
531	176	676	90	90	4598916
530	173	672	90	90	4598922
530	169	664	90	90	4598928
529	167	632	90	90	4598934
529	165	575	90	90	4598941
529	164	400	90	90	4598953
529	166	193	90	90	4598959
529	169	28	90	90	4598972
153
539	497	51	90	90	4599391
540	497	135	90	90	4599409
541	496	185	90	90	4599422
543	495	225	90	90	4599428
544	495	245	90	90	4599434
545	494	261	90	90	4599441
547	494	281	90	90	4599447
550	493	294	90	90	4599453
553	493	302	90	90	4599459
556	493	310	90	90	4599466
561	492	322	90	90	4599472
566	492	326	90	90	4599478
572	491	334	90	90	4599484
578	491	338	90	90	4599491
586	490	342	90	90	4599497
594	490	342	90	90	4599503
603	489	342	90	90	4599509
612	489	346	90	90	4599516
622	489	346	90	90	4599522
632	489	346	90	90	4599528
643	489	346	90	90	4599534
654	489	346	90	90	4599541
666	489	346	90	90	4599547
678	490	346	90	90	4599553
690	490	346	90	90	4599559
702	491	342	90	90	4599566
714	491	342	90	90	4599572
725	492	342	90	90	4599578
737	492	342	90	90	4599584
748	492	342	90	90	4599591
759	492	342	90	90	4599597
770	492	342	90	90	4599603
780	492	342	90	90	4599609
789	492	342	90	90	4599616
798	492	346	90	90	4599622
807	492	350	90	90	4599628
815	492	354	90	90	4599634
823	492	362	90	90	4599641
830	492	370	90	90	4599647
836	491	378	90	90	4599653
841	491	386	90	90	4599659
846	491	394	90	90	4599666
850	490	398	90	90	4599672
854	489	406	90	90	4599678
857	489	406	90	90	4599684
859	488	414	90	90	4599691
861	487	414	90	90	4599697
862	486	418	90	90	4599703
863	486	434	90	90	4599716
865	484	459	90	90	4599722
865	483	479	90	90	4599728
864	481	511	90	90	4599734
864	480	535	90	90	4599741
863	478	559	90	90	4599747
862	475	588	90	90	4599753
860	472	608	90	90	4599759
859	468	624	90	90	4599766
857	464	636	90	90	4599772
855	459	648	90	90	4599778
853	455	652	90	90	4599784
852	449	660	90	90	4599791
851	444	664	90	90	4599797
849	438	672	90	90	4599803
848	433	672	90	90	4599809
848	427	676	90	90	4599816
847	421	676	90	90	4599822
847	415	680	90	90	4599828
847	409	684	90	90	4599834
847	404	684	90	90	4599841
847	398	688	90	90	4599847
847	393	688	90	90	4599853
847	387	688	90	90	4599859
847	383	688	90	90	4599866
847	379	688	90	90	4599872
847	375	688	90	90	4599878
847	371	688	90	90	4599884
847	368	684	90	90	4599891
847	366	684	90	90	4599897
847	364	680	90	90	4599903
846	362	676	90	90	4599909
846	360	672	90	90	4599916
845	359	668	90	90	4599922
845	357	664	90	90	4599928
843	357	656	90	90	4599934
842	356	652	90	90	4599941
840	356	648	90	90	4599947
838	356	644	90	90	4599953
836	356	640	90	90	4599959
833	356	640	90	90	4599966
830	356	640	90	90	4599972
826	357	644	90	90	4599978
822	357	648	90	90	4599984
817	357	652	90	90	4599991
812	357	656	90	90	4599997
807	357	660	90	90	4600003
802	357	664	90	90	4600009
796	357	668	90	90	4600016
790	357	672	90	90	4600022
784	357	672	90	90	4600028
778	356	676	90	90	4600034
771	356	680	90	90	4600041
765	356	680	90	90	4600047
758	356	684	90	90	4600053
751	355	684	90	90	4600059
744	355	684	90	90	4600066
738	355	688	90	90	4600072
731	354	688	90	90	4600078
724	354	688	90	90	4600084
717	354	688	90	90	4600091
711	353	688	90	90	4600097
704	353	688	90	90	4600103
697	352	688	90	90	4600109
690	352	688	90	90	4600116
684	352	692	90	90	4600122
677	351	692	90	90	4600128
671	351	692	90	90	4600134
665	351	692	90	90	4600141
659	351	692	90	90	4600147
654	351	692	90	90	4600153
648	351	692	90	90	4600159
643	351	692	90	90	4600166
638	351	692	90	90	4600172
633	351	692	90	90	4600178
627	351	692	90	90	4600184
623	351	692	90	90	4600191
618	351	692	90	90	4600197
613	350	692	90	90	4600203
608	350	692	90	90	4600209
603	350	696	90	90	4600216
599	350	696	90	90	4600222
594	350	696	90	90	4600228
590	350	696	90	90	4600234
586	350	696	90	90	4600241
582	350	696	90	90	4600247
579	350	700	90	90	4600253
575	350	700	90	90	4600259
572	350	700	90	90	4600266
568	350	704	90	90	4600272
565	350	704	90	90	4600278
562	350	704	90	90	4600284
559	349	708	90	90	4600291
556	349	708	90	90	4600297
553	349	708	90	90	4600303
550	349	712	90	90	4600309
548	349	712	90	90	4600316
546	349	712	90	90	4600322
544	349	708	90	90	4600328
542	349	708	90	90	4600334
540	349	696	90	90	4600341
539	349	644	90	90	4600353
538	349	410	90	90	4600366
538	350	197	90	90	4600372
538	351	26	90	90	4600384
42
398	438	8	90	90	4601034
401	440	40	90	90	4601041
403	441	76	90	90	4601047
406	442	112	90	90	4601053
408	444	140	90	90	4601059
411	446	161	90	90	4601066
415	449	173	90	90	4601072
419	451	181	90	90	4601078
423	454	193	90	90	4601084
427	457	197	90	90	4601091
432	461	205	90	90	4601097
436	464	209	90	90	4601103
441	468	213	90	90	4601109
446	471	217	90	90	4601116
451	475	229	90	90	4601122
455	478	241	90	90	4601128
460	482	249	90	90	4601134
464	485	261	90	90	4601141
469	489	277	90	90	4601147
473	492	294	90	90	4601153
477	496	310	90	90	4601159
481	499	334	90	90	4601166
485	503	350	90	90	4601172
489	506	370	90	90	4601178
493	510	382	90	90	4601184
496	513	398	90	90	4601191
500	516	414	90	90	4601197
503	520	426	90	90	4601203
506	523	439	90	90	4601209
509	526	447	90	90	4601216
512	528	455	90	90	4601222
515	530	459	90	90	4601228
518	533	463	90	90	4601234
520	535	463	90	90	4601241
522	536	467	90	90	4601247
524	538	467	90	90	4601253
526	540	463	90	90	4601259
528	541	447	90	90	4601266
529	542	394	90	90	4601272
530	543	294	90	90	4601278
532	544	189	90	90	4601284
533	544	38	90	90	4601297
29
432	363	52	90	90	4601778
433	365	124	90	90	4601784
434	366	149	90	90	4601791
436	368	169	90	90	4601797
438	369	189	90	90	4601803
441	371	205	90	90	4601809
444	373	225	90	90	4601816
447	375	241	90	90	4601822
451	378	257	90	90	4601828
455	381	273	90	90	4601834
460	384	289	90	90	4601841
465	388	306	90	90	4601847
470	391	326	90	90	4601853
475	394	346	90	90	4601859
481	398	366	90	90	4601866
486	401	382	90	90	4601872
491	404	394	90	90	4601878
497	408	402	90	90	4601884
502	410	418	90	90	4601891
507	413	426	90	90	4601897
512	415	430	90	90	4601903
516	418	430	90	90	4601909
520	419	426	90	90	4601916
524	421	414	90	90	4601922
527	422	386	90	90	4601928
530	423	326	90	90	4601934
532	424	225	90	90	4601941
534	425	120	90	90	4601947
535	426	6	90	90	4601959
33
449	228	12	90	90	4602391
449	227	108	90	90	4602409
450	227	205	90	90	4602416
451	227	253	90	90	4602422
452	228	294	90	90	4602428
454	229	338	90	90	4602434
457	230	378	90	90	4602441
459	232	406	90	90	4602447
462	234	439	90	90	4602453
466	236	463	90	90	4602459
470	238	487	90	90	4602466
474	241	515	90	90	4602472
479	243	527	90	90	4602478
484	246	543	90	90	4602484
489	249	555	90	90	4602491
494	252	567	90	90	4602497
499	254	575	90	90	4602503
504	257	583	90	90	4602509
509	259	588	90	90	4602516
514	261	588	90	90	4602522
518	263	592	90	90	4602528
522	265	588	90	90	4602534
526	267	588	90	90	4602541
529	268	588	90	90	4602547
532	270	588	90	90	4602553
535	271	588	90	90	4602559
538	272	583	90	90	4602566
540	273	567	90	90	4602572
542	273	547	90	90	4602578
544	274	487	90	90	4602584
546	275	370	90	90	4602591
547	275	186	90	90	4602603
548	276	0	90	90	4602616
6
1
589	597	0	90	90	4713883
47
587	621	68	90	90	4714114
585	614	173	90	90	4714120
584	610	277	90	90	4714126
584	604	378	90	90	4714133
583	598	398	90	90	4714139
582	590	422	90	90	4714145
581	581	443	90	90	4714151
581	572	451	90	90	4714158
581	561	455	90	90	4714164
580	550	459	90	90	4714170
580	539	459	90	90	4714176
579	527	463	90	90	4714183
579	515	471	90	90	4714189
579	503	487	90	90	4714195
578	490	511	90	90	4714201
578	477	527	90	90	4714208
578	464	547	90	90	4714214
578	450	567	90	90	4714220
577	437	596	90	90	4714226
577	423	620	90	90	4714233
577	409	636	90	90	4714239
577	395	652	90	90	4714245
577	382	664	90	90	4714251
576	369	672	90	90	4714258
576	357	680	90	90	4714264
576	345	688	90	90	4714270
576	334	692	90	90	4714276
576	324	696	90	90	4714283
576	314	700	90	90	4714289
576	304	704	90	90	4714295
576	295	708	90	90	4714301
576	286	712	90	90	4714308
575	277	720	90	90	4714314
575	268	724	90	90	4714320
574	259	724	90	90	4714326
573	250	724	90	90	4714333
572	242	724	90	90	4714339
572	235	724	90	90	4714345
571	229	724	90	90	4714351
570	223	724	90	90	4714358
570	218	720	90	90	4714364
569	214	712	90	90	4714370
569	212	700	90	90	4714376
569	210	672	90	90	4714383
568	209	485	90	90	4714401
567	211	205	90	90	4714408
567	215	28	90	90	4714420
133
579	486	240	90	90	4714851
578	487	386	90	90	4714870
579	488	451	90	90	4714883
580	489	487	90	90	4714889
581	490	519	90	90	4714895
582	491	539	90	90	4714901
584	491	559	90	90	4714908
587	492	583	90	90	4714914
590	492	600	90	90	4714920
594	493	616	90	90	4714926
598	493	628	90	90	4714933
604	494	640	90	90	4714939
610	494	648	90	90	4714945
617	494	656	90	90	4714951
625	494	660	90	90	4714958
634	493	664	90	90	4714964
644	493	664	90	90	4714970
654	493	668	90	90	4714976
665	493	668	90	90	4714983
677	493	672	90	90	4714989
689	494	672	90	90	4714995
704	494	672	90	90	4715001
717	495	676	90	90	4715008
731	496	672	90	90	4715014
745	496	668	90	90	4715020
759	496	668	90	90	4715026
772	496	668	90	90	4715033
785	496	668	90	90	4715039
798	496	664	90	90	4715045
809	496	664	90	90	4715051
821	495	664	90	90	4715058
833	495	668	90	90	4715064
844	494	668	90	90	4715070
854	494	668	90	90	4715076
863	494	668	90	90	4715083
872	495	668	90	90	4715089
880	495	668	90	90	4715095
887	495	664	90	90	4715101
893	495	664	90	90	4715108
898	495	664	90	90	4715114
902	495	660	90	90	4715120
905	495	664	90	90	4715126
907	495	664	90	90	4715133
909	494	668	90	90	4715139
910	493	672	90	90	4715145
910	491	680	90	90	4715151
910	489	688	90	90	4715158
909	487	700	90	90	4715164
908	485	712	90	90	4715170
906	482	728	90	90	4715176
904	478	745	90	90	4715183
902	475	761	90	90	4715189
900	471	777	90	90	4715195
898	466	785	90	90	4715201
897	462	797	90	90	4715208
895	457	801	90	90	4715214
894	452	809	90	90	4715220
892	446	809	90	90	4715226
891	440	813	90	90	4715233
891	435	817	90	90	4715239
890	429	817	90	90	4715245
890	423	817	90	90	4715251
890	417	821	90	90	4715258
890	411	829	90	90	4715264
890	405	829	90	90	4715270
890	399	833	90	90	4715276
891	393	833	90	90	4715283
891	388	837	90	90	4715289
892	383	837	90	90	4715295
892	379	841	90	90	4715301
892	376	841	90	90	4715308
892	372	837	90	90	4715314
892	370	837	90	90	4715320
892	368	837	90	90	4715326
892	366	833	90	90	4715333
892	365	831	90	90	4715345
890	364	825	90	90	4715351
889	363	825	90	90	4715358
888	363	821	90	90	4715364
886	363	821	90	90	4715370
884	363	821	90	90	4715376
882	363	817	90	90	4715383
879	363	817	90	90	4715389
876	363	817	90	90	4715395
873	363	813	90	90	4715401
869	363	813	90	90	4715408
864	363	809	90	90	4715414
860	363	805	90	90	4715420
855	364	805	90	90	4715426
849	364	805	90	90	4715433
843	364	805	90	90	4715439
837	363	805	90	90	4715445
830	363	809	90	90	4715451
823	362	813	90	90	4715458
815	361	817	90	90	4715464
807	360	821	90	90	4715470
799	359	825	90	90	4715476
791	357	825	90	90	4715483
783	356	829	90	90	4715489
774	355	829	90	90	4715495
765	354	829	90	90	4715501
757	352	829	90	90	4715508
748	352	829	90	90	4715514
739	351	829	90	90	4715520
730	350	829	90	90	4715526
722	349	829	90	90	4715533
713	349	829	90	90	4715539
705	348	829	90	90	4715545
696	347	829	90	90	4715551
688	347	825	90	90	4715558
680	347	825	90	90	4715564
672	346	825	90	90	4715570
664	346	825	90	90	4715576
656	346	825	90	90	4715583
649	346	825	90	90	4715589
642	346	825	90	90	4715595
635	347	825	90	90	4715601
628	347	825	90	90	4715608
621	347	825	90	90	4715614
615	347	825	90	90	4715620
609	347	829	90	90	4715626
604	346	829	90	90	4715633
599	346	829	90	90	4715639
594	346	833	90	90	4715645
590	345	833	90	90	4715651
587	345	829	90	90	4715658
584	344	821	90	90	4715664
581	344	801	90	90	4715670
579	343	745	90	90	4715676
577	343	608	90	90	4715683
575	343	455	90	90	4715689
574	344	298	90	90	4715695
573	345	68	90	90	4715708
25
456	488	56	90	90	4716569
453	488	265	90	90	4716588
453	490	394	90	90	4716594
455	491	406	90	90	4716601
458	492	426	90	90	4716607
462	493	443	90	90	4716613
467	495	451	90	90	4716619
472	497	463	90	90	4716626
479	500	471	90	90	4716632
487	503	479	90	90	4716638
494	507	491	90	90	4716644
502	510	499	90	90	4716651
511	514	511	90	90	4716657
519	518	523	90	90	4716663
527	523	535	90	90	4716669
534	527	547	90	90	4716676
541	531	563	90	90	4716682
548	535	575	90	90	4716688
554	539	588	90	90	4716694
559	542	583	90	90	4716701
564	544	547	90	90	4716707
568	546	443	90	90	4716713
572	548	322	90	90	4716719
575	549	193	90	90	4716726
577	550	32	90	90	4716738
28
463	363	40	90	90	4717051
459	361	169	90	90	4717057
458	360	354	90	90	4717069
457	361	545	90	90	4717082
460	362	571	90	90	4717088
463	364	592	90	90	4717094
467	365	600	90	90	4717101
472	367	612	90	90	4717107
477	370	620	90	90	4717113
484	373	628	90	90	4717119
491	376	632	90	90	4717126
499	380	632	90	90	4717132
507	383	636	90	90	4717138
514	387	636	90	90	4717144
522	391	640	90	90	4717151
529	395	648	90	90	4717157
536	398	652	90	90	4717163
543	402	656	90	90	4717169
549	405	660	90	90	4717176
554	408	664	90	90	4717182
560	411	664	90	90	4717188
565	413	660	90	90	4717194
570	416	640	90	90	4717201
575	417	588	90	90	4717207
579	419	459	90	90	4717213
583	421	326	90	90	4717219
586	422	189	90	90	4717226
589	423	26	90	90	4717238
30
483	260	76	90	90	4717519
479	257	189	90	90	4717526
478	256	298	90	90	4717532
477	255	444	90	90	4717551
479	254	523	90	90	4717557
481	255	551	90	90	4717563
485	255	588	90	90	4717569
489	256	616	90	90	4717576
493	258	640	90	90	4717582
499	259	660	90	90	4717588
505	261	676	90	90	4717594
512	264	688	90	90	4717601
519	267	704	90	90	4717607
526	270	720	90	90	4717613
533	273	737	90	90	4717619
540	276	749	90	90	4717626
547	279	765	90	90	4717632
554	282	777	90	90	4717638
561	285	785	90	90	4717644
567	287	793	90	90	4717651
573	289	797	90	90	4717657
579	291	797	90	90	4717663
584	292	793	90	90	4717669
588	294	785	90	90	4717676
593	295	753	90	90	4717682
596	297	632	90	90	4717688
599	298	487	90	90	4717694
601	300	338	90	90	4717701
603	301	173	90	90	4717707
603	303	6	90	90	4717719
