4
1
556	521	0	90	90	3485146
207
635	587	4	90	90	3485502
636	586	120	90	90	3485521
635	585	165	90	90	3485533
634	585	173	90	90	3485546
632	584	197	90	90	3485552
631	584	225	90	90	3485558
630	584	257	90	90	3485564
628	584	298	90	90	3485571
627	584	342	90	90	3485577
625	584	390	90	90	3485583
623	584	443	90	90	3485589
620	584	487	90	90	3485596
618	584	535	90	90	3485602
615	584	567	90	90	3485608
612	584	600	90	90	3485614
609	584	624	90	90	3485621
605	584	648	90	90	3485627
602	584	660	90	90	3485633
598	585	672	90	90	3485639
595	585	680	90	90	3485646
591	585	684	90	90	3485652
587	585	688	90	90	3485658
582	584	688	90	90	3485664
578	584	692	90	90	3485671
573	584	692	90	90	3485677
568	584	692	90	90	3485683
563	583	692	90	90	3485689
557	583	692	90	90	3485696
552	582	696	90	90	3485702
546	582	696	90	90	3485708
540	581	696	90	90	3485714
534	580	700	90	90	3485721
528	579	700	90	90	3485727
522	578	700	90	90	3485733
516	576	700	90	90	3485739
509	575	700	90	90	3485746
503	573	700	90	90	3485752
496	571	700	90	90	3485758
490	569	700	90	90	3485764
484	566	696	90	90	3485771
477	564	696	90	90	3485777
471	561	696	90	90	3485783
465	558	696	90	90	3485789
459	555	696	90	90	3485796
453	552	696	90	90	3485802
447	548	696	90	90	3485808
442	544	696	90	90	3485814
437	540	696	90	90	3485821
432	536	696	90	90	3485827
428	532	692	90	90	3485833
424	528	692	90	90	3485839
420	523	692	90	90	3485846
417	519	692	90	90	3485852
414	514	692	90	90	3485858
411	510	692	90	90	3485864
409	506	692	90	90	3485871
408	501	692	90	90	3485877
406	497	692	90	90	3485883
406	492	688	90	90	3485889
405	488	688	90	90	3485896
405	484	688	90	90	3485902
405	480	688	90	90	3485908
406	475	684	90	90	3485914
407	471	684	90	90	3485921
409	467	680	90	90	3485927
411	463	680	90	90	3485933
413	460	680	90	90	3485939
416	456	680	90	90	3485946
419	453	680	90	90	3485952
423	450	680	90	90	3485958
427	447	680	90	90	3485964
431	445	680	90	90	3485971
436	443	680	90	90	3485977
442	441	680	90	90	3485983
449	439	680	90	90	3485989
456	438	680	90	90	3485996
463	437	680	90	90	3486002
472	435	676	90	90	3486008
480	435	676	90	90	3486014
490	434	676	90	90	3486021
499	433	676	90	90	3486027
509	432	680	90	90	3486033
520	432	680	90	90	3486039
531	431	680	90	90	3486046
541	431	684	90	90	3486052
552	430	688	90	90	3486058
564	430	696	90	90	3486064
575	429	700	90	90	3486071
587	428	708	90	90	3486077
599	428	720	90	90	3486083
611	427	728	90	90	3486089
623	427	733	90	90	3486096
635	426	741	90	90	3486102
647	426	745	90	90	3486108
659	426	749	90	90	3486114
671	425	749	90	90	3486121
683	425	749	90	90	3486127
695	425	753	90	90	3486133
707	425	753	90	90	3486139
719	424	753	90	90	3486146
730	424	753	90	90	3486152
741	424	753	90	90	3486158
752	424	753	90	90	3486164
762	424	753	90	90	3486171
773	425	757	90	90	3486177
783	425	757	90	90	3486183
793	425	761	90	90	3486189
802	426	765	90	90	3486196
811	426	765	90	90	3486202
820	427	769	90	90	3486208
828	427	769	90	90	3486214
837	428	773	90	90	3486221
844	428	777	90	90	3486227
852	429	777	90	90	3486233
859	430	777	90	90	3486239
866	431	781	90	90	3486246
872	432	781	90	90	3486252
878	433	781	90	90	3486258
884	435	785	90	90	3486264
890	436	785	90	90	3486271
895	438	785	90	90	3486277
901	440	785	90	90	3486283
906	442	785	90	90	3486289
910	444	789	90	90	3486296
914	446	789	90	90	3486302
919	448	789	90	90	3486308
923	449	789	90	90	3486314
927	451	793	90	90	3486321
930	453	793	90	90	3486327
934	456	797	90	90	3486333
937	458	801	90	90	3486339
940	460	805	90	90	3486346
942	462	813	90	90	3486352
945	465	817	90	90	3486358
947	467	821	90	90	3486364
948	469	825	90	90	3486371
950	472	833	90	90	3486377
951	474	833	90	90	3486383
951	476	833	90	90	3486389
952	479	837	90	90	3486396
952	481	837	90	90	3486402
953	484	837	90	90	3486408
953	487	841	90	90	3486414
953	489	841	90	90	3486421
952	492	845	90	90	3486427
951	495	845	90	90	3486433
951	498	849	90	90	3486439
949	500	845	90	90	3486446
948	503	845	90	90	3486452
946	506	841	90	90	3486458
944	509	841	90	90	3486464
941	511	837	90	90	3486471
938	514	837	90	90	3486477
935	517	833	90	90	3486483
931	520	829	90	90	3486489
928	523	829	90	90	3486496
924	526	829	90	90	3486502
919	528	829	90	90	3486508
914	531	829	90	90	3486514
910	533	829	90	90	3486521
905	536	825	90	90	3486527
900	538	825	90	90	3486533
894	541	825	90	90	3486539
888	543	825	90	90	3486546
882	545	825	90	90	3486552
877	548	825	90	90	3486558
870	550	825	90	90	3486564
864	552	825	90	90	3486571
857	554	825	90	90	3486577
851	556	825	90	90	3486583
845	558	825	90	90	3486589
838	560	825	90	90	3486596
831	562	825	90	90	3486602
824	564	829	90	90	3486608
818	566	829	90	90	3486614
811	568	829	90	90	3486621
804	569	829	90	90	3486627
798	571	829	90	90	3486633
791	573	833	90	90	3486639
784	575	833	90	90	3486646
778	576	833	90	90	3486652
771	577	833	90	90	3486658
764	579	833	90	90	3486664
758	580	833	90	90	3486671
751	581	833	90	90	3486677
744	582	833	90	90	3486683
738	583	833	90	90	3486689
731	584	833	90	90	3486696
724	584	833	90	90	3486702
718	585	833	90	90	3486708
711	586	837	90	90	3486714
704	586	837	90	90	3486721
698	586	837	90	90	3486727
691	586	837	90	90	3486733
684	586	837	90	90	3486739
678	586	837	90	90	3486746
671	586	837	90	90	3486752
664	586	837	90	90	3486758
658	586	833	90	90	3486764
652	585	825	90	90	3486771
645	585	817	90	90	3486777
640	584	797	90	90	3486783
634	583	728	90	90	3486789
628	582	592	90	90	3486796
623	581	439	90	90	3486802
618	580	281	90	90	3486808
613	578	56	90	90	3486821
67
518	525	60	90	90	3488122
514	524	165	90	90	3488128
512	524	273	90	90	3488135
510	524	370	90	90	3488141
508	523	398	90	90	3488147
506	523	406	90	90	3488153
504	522	418	90	90	3488160
502	520	418	90	90	3488166
499	519	418	90	90	3488172
497	517	418	90	90	3488178
495	515	418	90	90	3488185
493	513	418	90	90	3488191
491	510	426	90	90	3488197
489	508	439	90	90	3488203
486	505	447	90	90	3488210
484	502	459	90	90	3488216
483	499	475	90	90	3488222
481	496	491	90	90	3488228
480	493	515	90	90	3488235
479	489	527	90	90	3488241
479	486	539	90	90	3488247
479	483	543	90	90	3488253
480	480	551	90	90	3488260
481	477	551	90	90	3488266
483	475	555	90	90	3488272
486	472	555	90	90	3488278
489	471	555	90	90	3488285
492	469	559	90	90	3488291
496	468	559	90	90	3488297
500	467	559	90	90	3488303
505	467	563	90	90	3488310
510	467	567	90	90	3488316
515	467	571	90	90	3488322
520	468	583	90	90	3488328
525	469	588	90	90	3488335
530	470	596	90	90	3488341
535	471	604	90	90	3488347
539	473	612	90	90	3488353
543	475	624	90	90	3488360
547	477	636	90	90	3488366
550	479	648	90	90	3488372
553	482	664	90	90	3488378
556	485	676	90	90	3488385
558	488	692	90	90	3488391
560	491	708	90	90	3488397
562	494	724	90	90	3488403
563	497	737	90	90	3488410
563	500	745	90	90	3488416
563	503	757	90	90	3488422
563	506	765	90	90	3488428
562	509	773	90	90	3488435
561	512	785	90	90	3488441
559	515	789	90	90	3488447
557	517	797	90	90	3488453
555	520	805	90	90	3488460
553	522	809	90	90	3488466
550	524	813	90	90	3488472
548	526	817	90	90	3488478
545	527	817	90	90	3488485
542	528	809	90	90	3488491
539	528	797	90	90	3488497
536	529	777	90	90	3488503
534	529	724	90	90	3488510
531	528	588	90	90	3488516
528	528	430	90	90	3488522
526	527	281	90	90	3488528
523	527	60	90	90	3488541
70
842	504	16	90	90	3489705
843	505	192	90	90	3489718
842	506	408	90	90	3489730
841	508	471	90	90	3489737
840	508	475	90	90	3489743
839	509	475	90	90	3489749
838	510	475	90	90	3489755
837	510	475	90	90	3489762
836	511	475	90	90	3489768
834	511	479	90	90	3489774
833	511	479	90	90	3489780
831	511	487	90	90	3489787
829	510	499	90	90	3489793
827	509	511	90	90	3489799
824	508	519	90	90	3489805
822	506	531	90	90	3489812
820	504	543	90	90	3489818
818	502	555	90	90	3489824
815	500	567	90	90	3489830
813	497	583	90	90	3489837
812	494	596	90	90	3489843
810	490	604	90	90	3489849
808	487	616	90	90	3489855
806	483	624	90	90	3489862
805	480	632	90	90	3489868
804	476	640	90	90	3489874
804	472	648	90	90	3489880
804	468	656	90	90	3489887
804	465	660	90	90	3489893
805	461	664	90	90	3489899
807	458	672	90	90	3489905
809	456	680	90	90	3489912
812	453	688	90	90	3489918
815	451	696	90	90	3489924
819	450	704	90	90	3489930
823	449	720	90	90	3489937
828	448	733	90	90	3489943
832	448	745	90	90	3489949
838	448	753	90	90	3489955
843	449	761	90	90	3489962
848	450	765	90	90	3489968
853	452	769	90	90	3489974
858	453	773	90	90	3489980
863	456	777	90	90	3489987
868	458	781	90	90	3489993
873	461	781	90	90	3489999
877	464	785	90	90	3490005
881	467	785	90	90	3490012
884	471	785	90	90	3490018
887	474	785	90	90	3490024
889	478	785	90	90	3490030
891	482	789	90	90	3490037
892	486	789	90	90	3490043
892	489	789	90	90	3490049
892	493	793	90	90	3490055
891	496	797	90	90	3490062
890	500	805	90	90	3490068
888	503	809	90	90	3490074
885	506	813	90	90	3490080
883	508	817	90	90	3490087
880	511	821	90	90	3490093
876	513	817	90	90	3490099
872	515	813	90	90	3490105
868	516	797	90	90	3490112
863	517	773	90	90	3490118
859	518	700	90	90	3490124
854	518	559	90	90	3490130
848	518	402	90	90	3490137
842	517	253	90	90	3490143
836	516	44	90	90	3490155
4
1
670	521	0	90	90	3631076
165
687	552	102	90	90	3631413
686	551	263	90	90	3631426
685	551	306	90	90	3631432
684	551	326	90	90	3631438
683	551	346	90	90	3631444
681	551	370	90	90	3631451
680	551	386	90	90	3631457
678	551	402	90	90	3631463
676	551	418	90	90	3631469
674	551	430	90	90	3631476
671	551	443	90	90	3631482
668	551	455	90	90	3631488
665	550	463	90	90	3631494
661	550	471	90	90	3631501
657	550	479	90	90	3631507
653	550	499	90	90	3631513
649	550	511	90	90	3631519
644	549	519	90	90	3631526
639	549	527	90	90	3631532
633	549	531	90	90	3631538
627	548	535	90	90	3631544
621	548	535	90	90	3631551
615	547	535	90	90	3631557
608	546	539	90	90	3631563
602	546	539	90	90	3631569
595	545	539	90	90	3631576
587	544	543	90	90	3631582
580	543	543	90	90	3631588
572	543	547	90	90	3631594
565	542	547	90	90	3631601
557	541	551	90	90	3631607
549	540	551	90	90	3631613
541	539	551	90	90	3631619
533	538	555	90	90	3631626
524	537	555	90	90	3631632
516	535	555	90	90	3631638
508	534	555	90	90	3631644
500	532	555	90	90	3631651
491	531	555	90	90	3631657
483	529	551	90	90	3631663
475	527	551	90	90	3631669
468	525	547	90	90	3631676
461	522	539	90	90	3631682
454	519	531	90	90	3631688
447	516	523	90	90	3631694
440	513	515	90	90	3631701
434	509	503	90	90	3631707
428	505	499	90	90	3631713
423	501	487	90	90	3631719
417	496	479	90	90	3631726
412	491	479	90	90	3631732
407	486	487	90	90	3631738
403	481	487	90	90	3631744
399	475	491	90	90	3631751
395	469	499	90	90	3631757
393	463	503	90	90	3631763
390	458	511	90	90	3631769
388	452	515	90	90	3631776
387	446	515	90	90	3631782
387	440	519	90	90	3631788
387	435	519	90	90	3631794
387	430	523	90	90	3631801
388	424	523	90	90	3631807
390	419	519	90	90	3631813
392	414	519	90	90	3631819
395	409	519	90	90	3631826
399	405	523	90	90	3631832
403	400	519	90	90	3631838
408	396	519	90	90	3631844
414	393	523	90	90	3631851
421	389	527	90	90	3631857
428	386	531	90	90	3631863
436	383	539	90	90	3631869
445	381	547	90	90	3631876
455	378	555	90	90	3631882
465	376	567	90	90	3631888
476	375	588	90	90	3631894
487	373	600	90	90	3631901
499	372	612	90	90	3631907
512	371	628	90	90	3631913
524	370	640	90	90	3631919
538	369	652	90	90	3631926
551	368	660	90	90	3631932
566	368	668	90	90	3631938
580	368	676	90	90	3631944
595	367	680	90	90	3631951
610	367	680	90	90	3631957
626	367	684	90	90	3631963
643	368	688	90	90	3631969
659	368	692	90	90	3631976
675	368	696	90	90	3631982
690	368	700	90	90	3631988
706	369	704	90	90	3631994
722	369	712	90	90	3632001
737	369	720	90	90	3632007
753	370	724	90	90	3632013
766	370	728	90	90	3632019
781	371	733	90	90	3632026
796	372	737	90	90	3632032
810	373	741	90	90	3632038
824	374	741	90	90	3632044
838	376	745	90	90	3632051
851	378	745	90	90	3632057
864	380	749	90	90	3632063
876	382	749	90	90	3632069
887	385	749	90	90	3632076
898	388	749	90	90	3632082
908	391	749	90	90	3632088
917	393	749	90	90	3632094
925	397	753	90	90	3632101
933	400	753	90	90	3632107
940	403	753	90	90	3632113
946	407	753	90	90	3632119
952	411	749	90	90	3632126
956	415	749	90	90	3632132
960	418	749	90	90	3632138
963	422	745	90	90	3632144
966	427	749	90	90	3632151
968	431	745	90	90	3632157
969	435	745	90	90	3632163
970	439	745	90	90	3632169
970	443	745	90	90	3632176
970	447	749	90	90	3632182
969	452	749	90	90	3632188
968	456	753	90	90	3632194
966	461	753	90	90	3632201
964	465	757	90	90	3632207
962	470	761	90	90	3632213
959	475	769	90	90	3632219
955	480	773	90	90	3632226
951	484	777	90	90	3632232
947	489	781	90	90	3632238
942	493	785	90	90	3632244
936	498	785	90	90	3632251
931	502	785	90	90	3632257
924	506	785	90	90	3632263
918	510	785	90	90	3632269
911	514	785	90	90	3632276
904	518	781	90	90	3632282
897	522	781	90	90	3632288
889	525	777	90	90	3632294
881	529	777	90	90	3632301
873	532	777	90	90	3632307
865	535	777	90	90	3632313
856	538	777	90	90	3632319
847	540	777	90	90	3632326
838	543	777	90	90	3632332
828	545	777	90	90	3632338
819	547	781	90	90	3632344
809	548	785	90	90	3632351
799	549	785	90	90	3632357
789	550	789	90	90	3632363
779	551	789	90	90	3632369
769	551	793	90	90	3632376
759	551	793	90	90	3632382
749	551	793	90	90	3632388
739	551	789	90	90	3632394
730	550	781	90	90	3632401
721	549	765	90	90	3632407
713	549	728	90	90	3632413
705	548	624	90	90	3632419
698	547	475	90	90	3632426
691	547	326	90	90	3632432
684	546	169	90	90	3632438
678	546	6	90	90	3632451
50
502	481	32	90	90	3633594
498	478	112	90	90	3633600
496	476	193	90	90	3633606
493	473	225	90	90	3633612
491	470	249	90	90	3633619
489	466	265	90	90	3633625
487	463	285	90	90	3633631
485	458	302	90	90	3633637
483	454	322	90	90	3633644
482	450	342	90	90	3633650
481	445	366	90	90	3633656
480	441	378	90	90	3633662
480	436	390	90	90	3633669
480	433	398	90	90	3633675
481	429	406	90	90	3633681
483	426	414	90	90	3633687
485	423	422	90	90	3633694
487	420	430	90	90	3633700
490	418	443	90	90	3633706
493	417	451	90	90	3633712
497	416	463	90	90	3633719
501	416	471	90	90	3633725
506	416	479	90	90	3633731
510	417	491	90	90	3633737
515	418	499	90	90	3633744
519	420	499	90	90	3633750
524	423	503	90	90	3633756
528	425	503	90	90	3633762
532	429	503	90	90	3633769
536	432	511	90	90	3633775
538	436	511	90	90	3633781
541	440	511	90	90	3633787
542	444	515	90	90	3633794
543	448	519	90	90	3633800
543	452	523	90	90	3633806
543	455	527	90	90	3633812
541	459	535	90	90	3633819
539	463	547	90	90	3633825
537	466	555	90	90	3633831
534	469	567	90	90	3633837
531	472	575	90	90	3633844
528	474	588	90	90	3633850
524	476	596	90	90	3633856
521	478	604	90	90	3633862
517	479	600	90	90	3633869
514	479	575	90	90	3633875
511	479	511	90	90	3633881
508	478	382	90	90	3633887
506	477	253	90	90	3633894
503	476	60	90	90	3633906
53
849	482	108	90	90	3634658
844	484	225	90	90	3634665
841	484	334	90	90	3634671
838	484	439	90	90	3634677
835	484	447	90	90	3634683
832	483	455	90	90	3634690
828	481	459	90	90	3634696
825	479	463	90	90	3634702
821	477	463	90	90	3634708
818	474	463	90	90	3634715
814	470	463	90	90	3634721
811	466	467	90	90	3634727
807	462	467	90	90	3634733
804	458	471	90	90	3634740
801	453	475	90	90	3634746
799	449	487	90	90	3634752
797	444	499	90	90	3634758
796	440	515	90	90	3634765
796	436	531	90	90	3634771
797	433	543	90	90	3634777
798	430	555	90	90	3634783
801	427	567	90	90	3634790
804	425	583	90	90	3634796
808	423	596	90	90	3634802
812	422	604	90	90	3634808
817	421	608	90	90	3634815
823	421	616	90	90	3634821
828	421	620	90	90	3634827
834	421	620	90	90	3634833
839	422	620	90	90	3634840
845	424	620	90	90	3634846
851	426	624	90	90	3634852
856	429	624	90	90	3634858
861	432	624	90	90	3634865
865	436	628	90	90	3634871
869	440	632	90	90	3634877
872	444	640	90	90	3634883
874	449	648	90	90	3634890
876	453	656	90	90	3634896
877	458	668	90	90	3634902
877	462	676	90	90	3634908
876	467	688	90	90	3634915
874	471	696	90	90	3634921
872	475	700	90	90	3634927
869	479	704	90	90	3634933
865	482	708	90	90	3634940
861	485	704	90	90	3634946
856	487	684	90	90	3634952
852	489	636	90	90	3634958
846	491	511	90	90	3634965
840	491	366	90	90	3634971
834	492	217	90	90	3634977
828	491	32	90	90	3634990
4
1
701	525	0	90	90	3775451
133
714	511	148	90	90	3775645
713	512	277	90	90	3775651
712	513	298	90	90	3775658
711	513	318	90	90	3775664
709	513	326	90	90	3775670
707	514	334	90	90	3775676
705	514	338	90	90	3775683
702	515	338	90	90	3775689
699	515	338	90	90	3775695
695	515	338	90	90	3775701
690	516	342	90	90	3775708
685	516	346	90	90	3775714
680	516	350	90	90	3775720
674	517	362	90	90	3775726
667	517	374	90	90	3775733
660	517	382	90	90	3775739
652	517	394	90	90	3775745
644	516	406	90	90	3775751
635	516	426	90	90	3775758
626	515	443	90	90	3775764
616	514	455	90	90	3775770
607	513	467	90	90	3775776
597	511	475	90	90	3775783
586	510	491	90	90	3775789
576	508	503	90	90	3775795
566	506	511	90	90	3775801
555	504	511	90	90	3775808
544	501	511	90	90	3775814
534	498	511	90	90	3775820
524	494	511	90	90	3775826
513	491	511	90	90	3775833
503	486	503	90	90	3775839
494	482	503	90	90	3775845
484	477	503	90	90	3775851
475	471	503	90	90	3775858
467	466	503	90	90	3775864
460	460	511	90	90	3775870
453	454	519	90	90	3775876
446	447	527	90	90	3775883
440	441	535	90	90	3775889
435	434	547	90	90	3775895
431	428	559	90	90	3775901
428	422	571	90	90	3775908
425	415	583	90	90	3775914
424	409	592	90	90	3775920
423	404	596	90	90	3775926
423	398	600	90	90	3775933
424	393	600	90	90	3775939
426	388	600	90	90	3775945
429	383	604	90	90	3775951
432	379	604	90	90	3775958
436	374	600	90	90	3775964
441	370	600	90	90	3775970
447	366	600	90	90	3775976
454	363	600	90	90	3775983
461	359	600	90	90	3775989
469	356	600	90	90	3775995
478	353	600	90	90	3776001
488	350	608	90	90	3776008
498	348	612	90	90	3776014
509	346	620	90	90	3776020
523	344	628	90	90	3776026
535	343	636	90	90	3776033
548	342	648	90	90	3776039
562	342	656	90	90	3776045
576	341	664	90	90	3776051
592	341	672	90	90	3776058
608	341	676	90	90	3776064
624	341	680	90	90	3776070
638	341	688	90	90	3776076
655	342	692	90	90	3776083
672	343	700	90	90	3776089
689	343	708	90	90	3776095
706	344	720	90	90	3776101
722	345	728	90	90	3776108
739	346	741	90	90	3776114
756	347	749	90	90	3776120
774	348	761	90	90	3776126
791	350	773	90	90	3776133
808	351	785	90	90	3776139
826	353	797	90	90	3776145
842	356	813	90	90	3776151
858	358	825	90	90	3776158
874	361	833	90	90	3776164
889	364	841	90	90	3776170
904	367	853	90	90	3776176
918	370	857	90	90	3776183
931	374	865	90	90	3776189
942	378	869	90	90	3776195
954	383	869	90	90	3776201
965	387	865	90	90	3776208
974	392	857	90	90	3776214
982	397	845	90	90	3776220
990	402	825	90	90	3776226
996	406	797	90	90	3776233
1001	411	777	90	90	3776239
1005	416	757	90	90	3776245
1008	421	745	90	90	3776251
1010	427	741	90	90	3776258
1011	432	749	90	90	3776264
1011	437	761	90	90	3776270
1010	442	785	90	90	3776276
1008	448	817	90	90	3776283
1004	454	841	90	90	3776289
1000	459	857	90	90	3776295
995	465	861	90	90	3776301
989	470	865	90	90	3776308
982	475	865	90	90	3776314
973	480	857	90	90	3776320
964	485	849	90	90	3776326
955	490	833	90	90	3776333
944	494	821	90	90	3776339
933	499	813	90	90	3776345
921	503	813	90	90	3776351
909	507	809	90	90	3776358
896	511	809	90	90	3776364
883	514	805	90	90	3776370
870	517	805	90	90	3776376
856	520	805	90	90	3776383
842	523	805	90	90	3776389
828	525	805	90	90	3776395
813	526	809	90	90	3776401
799	528	809	90	90	3776408
785	528	813	90	90	3776414
771	529	813	90	90	3776420
758	529	809	90	90	3776426
745	529	805	90	90	3776433
733	528	785	90	90	3776439
722	527	728	90	90	3776445
711	525	588	90	90	3776451
702	523	439	90	90	3776458
692	521	281	90	90	3776464
684	518	60	90	90	3776476
54
510	444	12	90	90	3777173
508	441	96	90	90	3777180
507	440	189	90	90	3777186
505	437	225	90	90	3777192
504	435	253	90	90	3777198
503	432	281	90	90	3777205
502	429	302	90	90	3777211
501	426	326	90	90	3777217
500	423	350	90	90	3777223
500	419	370	90	90	3777230
500	416	382	90	90	3777236
500	412	394	90	90	3777242
501	409	406	90	90	3777248
502	405	418	90	90	3777255
504	402	426	90	90	3777261
506	399	439	90	90	3777267
510	396	443	90	90	3777273
513	394	451	90	90	3777280
518	392	463	90	90	3777286
523	390	471	90	90	3777292
529	389	479	90	90	3777298
535	388	499	90	90	3777305
542	388	511	90	90	3777311
548	389	523	90	90	3777317
555	389	535	90	90	3777323
562	391	551	90	90	3777330
569	392	563	90	90	3777336
575	395	575	90	90	3777342
581	397	600	90	90	3777348
586	400	616	90	90	3777355
591	403	632	90	90	3777361
595	407	648	90	90	3777367
598	411	660	90	90	3777373
601	415	672	90	90	3777380
602	419	684	90	90	3777386
603	424	688	90	90	3777392
602	428	696	90	90	3777398
601	432	700	90	90	3777405
598	436	700	90	90	3777411
595	440	700	90	90	3777417
591	444	700	90	90	3777423
585	447	700	90	90	3777430
580	449	700	90	90	3777436
573	450	700	90	90	3777442
566	451	700	90	90	3777448
559	452	700	90	90	3777455
552	451	700	90	90	3777461
544	450	688	90	90	3777467
537	449	668	90	90	3777473
530	447	620	90	90	3777480
523	445	491	90	90	3777486
517	442	354	90	90	3777492
512	439	213	90	90	3777498
507	436	32	90	90	3777511
56
896	461	68	90	90	3778270
892	463	177	90	90	3778277
890	464	285	90	90	3778283
887	464	386	90	90	3778289
884	465	402	90	90	3778295
881	464	414	90	90	3778302
878	464	422	90	90	3778308
875	463	426	90	90	3778314
872	462	430	90	90	3778320
869	460	430	90	90	3778327
865	458	439	90	90	3778333
861	456	447	90	90	3778339
858	453	451	90	90	3778345
854	450	459	90	90	3778352
851	446	467	90	90	3778358
847	443	479	90	90	3778364
844	439	503	90	90	3778370
841	434	519	90	90	3778377
839	430	531	90	90	3778383
838	426	539	90	90	3778389
837	421	547	90	90	3778395
837	417	555	90	90	3778402
838	413	559	90	90	3778408
839	410	563	90	90	3778414
842	406	563	90	90	3778420
845	403	563	90	90	3778427
849	401	559	90	90	3778433
853	399	559	90	90	3778439
859	398	559	90	90	3778445
864	397	555	90	90	3778452
870	397	555	90	90	3778458
876	398	559	90	90	3778464
883	399	563	90	90	3778470
889	401	575	90	90	3778477
895	404	596	90	90	3778483
901	407	616	90	90	3778489
907	411	636	90	90	3778495
911	415	656	90	90	3778502
916	420	676	90	90	3778508
920	425	696	90	90	3778514
924	430	712	90	90	3778520
926	435	728	90	90	3778527
928	440	737	90	90	3778533
928	445	737	90	90	3778539
928	449	741	90	90	3778545
926	453	741	90	90	3778552
924	457	737	90	90	3778558
920	460	728	90	90	3778564
916	462	712	90	90	3778570
910	465	692	90	90	3778577
904	466	652	90	90	3778583
898	468	567	90	90	3778589
891	468	426	90	90	3778595
884	468	285	90	90	3778602
876	468	136	90	90	3778608
869	467	0	90	90	3778620
2
1
311	414	0	90	90	3916808
169
681	529	36	90	90	3917682
677	529	120	90	90	3917688
675	529	197	90	90	3917694
673	530	213	90	90	3917700
671	530	225	90	90	3917707
669	530	229	90	90	3917713
666	530	241	90	90	3917719
664	530	245	90	90	3917725
661	530	245	90	90	3917732
658	530	249	90	90	3917738
655	530	249	90	90	3917744
652	530	249	90	90	3917750
648	530	245	90	90	3917757
644	530	245	90	90	3917763
639	530	245	90	90	3917769
634	529	241	90	90	3917775
628	528	241	90	90	3917782
622	527	245	90	90	3917788
616	526	249	90	90	3917794
610	525	257	90	90	3917800
603	524	265	90	90	3917807
596	523	277	90	90	3917813
589	521	285	90	90	3917819
582	519	294	90	90	3917825
575	518	302	90	90	3917832
568	516	306	90	90	3917838
560	514	318	90	90	3917844
553	511	322	90	90	3917850
545	509	322	90	90	3917857
538	507	326	90	90	3917863
530	504	326	90	90	3917869
522	502	326	90	90	3917875
514	499	334	90	90	3917882
506	496	342	90	90	3917888
499	493	354	90	90	3917894
491	489	370	90	90	3917900
484	486	382	90	90	3917907
476	482	398	90	90	3917913
470	478	418	90	90	3917919
463	474	443	90	90	3917925
457	469	459	90	90	3917932
452	464	475	90	90	3917938
446	460	491	90	90	3917944
442	454	503	90	90	3917950
437	449	515	90	90	3917957
434	443	523	90	90	3917963
430	438	531	90	90	3917969
428	432	535	90	90	3917975
425	426	535	90	90	3917982
424	420	535	90	90	3917988
423	414	539	90	90	3917994
422	408	539	90	90	3918000
422	402	539	90	90	3918007
422	396	539	90	90	3918013
423	390	543	90	90	3918019
424	384	547	90	90	3918025
426	378	555	90	90	3918032
428	373	563	90	90	3918038
431	367	571	90	90	3918044
435	362	583	90	90	3918050
439	357	596	90	90	3918057
444	353	608	90	90	3918063
449	349	616	90	90	3918069
456	345	624	90	90	3918075
463	342	628	90	90	3918082
470	339	632	90	90	3918088
478	336	632	90	90	3918094
487	334	632	90	90	3918100
497	332	632	90	90	3918107
507	330	632	90	90	3918113
517	329	632	90	90	3918119
528	328	632	90	90	3918125
539	327	632	90	90	3918132
551	327	636	90	90	3918138
563	326	636	90	90	3918144
575	326	640	90	90	3918150
588	326	644	90	90	3918157
601	327	648	90	90	3918163
614	327	652	90	90	3918169
627	328	656	90	90	3918175
641	329	660	90	90	3918182
654	330	668	90	90	3918188
668	331	672	90	90	3918194
681	332	676	90	90	3918200
695	333	680	90	90	3918207
708	334	684	90	90	3918213
721	335	688	90	90	3918219
734	336	692	90	90	3918225
747	337	696	90	90	3918232
759	338	696	90	90	3918238
772	339	700	90	90	3918244
783	340	700	90	90	3918250
795	341	700	90	90	3918257
806	342	704	90	90	3918263
817	343	704	90	90	3918269
827	344	708	90	90	3918275
837	346	708	90	90	3918282
846	347	712	90	90	3918288
855	348	712	90	90	3918294
864	350	720	90	90	3918300
872	352	724	90	90	3918307
880	354	724	90	90	3918313
887	356	728	90	90	3918319
893	358	733	90	90	3918325
900	360	737	90	90	3918332
905	363	741	90	90	3918338
910	365	749	90	90	3918344
915	368	753	90	90	3918350
920	371	757	90	90	3918357
924	374	761	90	90	3918363
928	377	765	90	90	3918369
931	380	769	90	90	3918375
935	383	773	90	90	3918382
938	387	777	90	90	3918388
940	390	781	90	90	3918394
942	394	785	90	90	3918400
944	398	789	90	90	3918407
946	402	793	90	90	3918413
947	406	801	90	90	3918419
948	410	801	90	90	3918425
948	414	797	90	90	3918432
948	418	801	90	90	3918438
948	422	801	90	90	3918444
947	426	797	90	90	3918450
946	430	793	90	90	3918457
945	434	785	90	90	3918463
943	438	781	90	90	3918469
940	442	777	90	90	3918475
937	446	773	90	90	3918482
934	450	769	90	90	3918488
930	454	765	90	90	3918494
926	458	761	90	90	3918500
922	462	761	90	90	3918507
917	466	761	90	90	3918513
912	470	757	90	90	3918519
907	474	757	90	90	3918525
901	478	757	90	90	3918532
895	481	753	90	90	3918538
889	485	753	90	90	3918544
883	489	753	90	90	3918550
876	492	753	90	90	3918557
869	495	753	90	90	3918563
862	498	753	90	90	3918569
855	501	753	90	90	3918575
847	504	749	90	90	3918582
839	507	749	90	90	3918588
831	509	749	90	90	3918594
823	511	749	90	90	3918600
815	514	749	90	90	3918607
807	516	749	90	90	3918613
798	517	749	90	90	3918619
790	519	749	90	90	3918625
781	520	753	90	90	3918632
772	521	753	90	90	3918638
763	522	753	90	90	3918644
755	522	753	90	90	3918650
746	523	753	90	90	3918657
738	523	753	90	90	3918663
730	523	753	90	90	3918669
722	524	753	90	90	3918675
714	524	749	90	90	3918682
707	524	745	90	90	3918688
700	525	737	90	90	3918694
694	525	712	90	90	3918700
688	524	652	90	90	3918707
682	524	523	90	90	3918713
677	523	378	90	90	3918719
672	521	229	90	90	3918725
667	520	36	90	90	3918738
4
1
565	514	0	90	90	4065020
181
664	558	32	90	90	4065451
657	559	96	90	90	4065457
654	559	136	90	90	4065463
650	560	140	90	90	4065470
646	560	149	90	90	4065476
642	561	153	90	90	4065482
638	561	157	90	90	4065488
633	561	165	90	90	4065495
628	561	173	90	90	4065501
623	561	177	90	90	4065507
618	561	189	90	90	4065513
612	561	193	90	90	4065520
607	561	205	90	90	4065526
600	560	213	90	90	4065532
594	560	225	90	90	4065538
588	559	233	90	90	4065545
581	559	245	90	90	4065551
575	558	249	90	90	4065557
569	557	257	90	90	4065563
563	557	261	90	90	4065570
556	556	265	90	90	4065576
550	555	277	90	90	4065582
544	553	281	90	90	4065588
538	552	289	90	90	4065595
531	550	298	90	90	4065601
525	549	306	90	90	4065607
518	546	326	90	90	4065613
511	544	346	90	90	4065620
505	542	366	90	90	4065626
498	539	386	90	90	4065632
491	536	402	90	90	4065638
485	533	426	90	90	4065645
479	530	451	90	90	4065651
473	527	467	90	90	4065657
467	523	491	90	90	4065663
461	520	515	90	90	4065670
456	516	527	90	90	4065676
452	512	539	90	90	4065682
447	507	547	90	90	4065688
443	502	555	90	90	4065695
439	497	559	90	90	4065701
435	492	559	90	90	4065707
432	487	563	90	90	4065713
429	482	563	90	90	4065720
426	477	563	90	90	4065726
424	471	563	90	90	4065732
422	465	563	90	90	4065738
421	460	567	90	90	4065745
420	454	571	90	90	4065751
419	448	571	90	90	4065757
419	442	583	90	90	4065763
420	436	588	90	90	4065770
420	430	596	90	90	4065776
422	425	604	90	90	4065782
423	419	608	90	90	4065788
425	413	612	90	90	4065795
428	408	620	90	90	4065801
431	402	624	90	90	4065807
435	397	628	90	90	4065813
439	392	632	90	90	4065820
444	388	636	90	90	4065826
450	384	644	90	90	4065832
456	380	648	90	90	4065838
463	376	656	90	90	4065845
470	373	664	90	90	4065851
477	370	668	90	90	4065857
485	367	676	90	90	4065863
494	364	680	90	90	4065870
502	362	684	90	90	4065876
511	359	688	90	90	4065882
521	357	692	90	90	4065888
530	355	696	90	90	4065895
540	354	700	90	90	4065901
550	353	700	90	90	4065907
561	351	704	90	90	4065913
571	351	708	90	90	4065920
582	350	712	90	90	4065926
593	350	720	90	90	4065932
604	349	724	90	90	4065938
616	349	728	90	90	4065945
627	349	733	90	90	4065951
639	350	741	90	90	4065957
651	350	745	90	90	4065963
663	350	749	90	90	4065970
675	351	753	90	90	4065976
687	352	757	90	90	4065982
699	352	761	90	90	4065988
711	354	761	90	90	4065995
723	355	765	90	90	4066001
735	356	765	90	90	4066007
747	358	769	90	90	4066013
758	359	769	90	90	4066020
770	361	773	90	90	4066026
781	363	773	90	90	4066032
792	365	777	90	90	4066038
803	367	777	90	90	4066045
813	369	781	90	90	4066051
823	372	781	90	90	4066057
833	374	785	90	90	4066063
843	376	785	90	90	4066070
852	379	789	90	90	4066076
861	382	789	90	90	4066082
869	385	793	90	90	4066088
877	388	797	90	90	4066095
885	391	797	90	90	4066101
892	394	797	90	90	4066107
898	397	797	90	90	4066113
904	400	797	90	90	4066120
909	403	801	90	90	4066126
914	407	801	90	90	4066132
919	410	801	90	90	4066138
923	414	801	90	90	4066145
927	417	801	90	90	4066151
930	421	801	90	90	4066157
934	425	805	90	90	4066163
937	428	805	90	90	4066170
939	432	809	90	90	4066176
941	436	809	90	90	4066182
943	440	809	90	90	4066188
943	444	809	90	90	4066195
944	448	809	90	90	4066201
944	452	809	90	90	4066207
943	456	809	90	90	4066213
943	460	805	90	90	4066220
941	464	801	90	90	4066226
940	468	801	90	90	4066232
938	473	797	90	90	4066238
936	477	801	90	90	4066245
934	482	801	90	90	4066251
932	486	805	90	90	4066257
929	490	805	90	90	4066263
926	495	805	90	90	4066270
923	499	805	90	90	4066276
920	503	805	90	90	4066282
916	507	801	90	90	4066288
912	511	801	90	90	4066295
909	515	801	90	90	4066301
904	518	797	90	90	4066307
900	522	797	90	90	4066313
895	525	797	90	90	4066320
890	528	797	90	90	4066326
885	531	797	90	90	4066332
880	534	797	90	90	4066338
874	537	793	90	90	4066345
868	540	797	90	90	4066351
862	543	797	90	90	4066357
857	545	797	90	90	4066363
850	548	797	90	90	4066370
844	550	797	90	90	4066376
838	551	797	90	90	4066382
831	553	797	90	90	4066388
825	554	797	90	90	4066395
818	556	797	90	90	4066401
811	557	797	90	90	4066407
805	558	797	90	90	4066413
798	559	797	90	90	4066420
791	560	797	90	90	4066426
784	560	793	90	90	4066432
777	561	793	90	90	4066438
770	562	793	90	90	4066445
764	562	793	90	90	4066451
757	563	797	90	90	4066457
750	564	797	90	90	4066463
744	564	797	90	90	4066470
737	564	797	90	90	4066476
731	565	797	90	90	4066482
724	565	797	90	90	4066488
718	565	797	90	90	4066495
711	565	801	90	90	4066501
705	565	801	90	90	4066507
699	565	801	90	90	4066513
693	565	801	90	90	4066520
687	565	801	90	90	4066526
681	565	797	90	90	4066532
676	565	793	90	90	4066538
671	565	773	90	90	4066545
666	564	712	90	90	4066551
661	564	575	90	90	4066557
657	563	430	90	90	4066563
652	562	281	90	90	4066570
648	562	62	90	90	4066582
61
503	493	80	90	90	4067641
500	492	169	90	90	4067648
499	492	257	90	90	4067654
498	490	265	90	90	4067660
496	489	281	90	90	4067666
495	487	294	90	90	4067673
493	484	306	90	90	4067679
492	482	334	90	90	4067685
490	479	350	90	90	4067691
489	475	374	90	90	4067698
487	472	394	90	90	4067704
486	468	414	90	90	4067710
485	464	439	90	90	4067716
484	461	459	90	90	4067723
483	457	479	90	90	4067729
483	453	503	90	90	4067735
484	448	523	90	90	4067741
484	444	543	90	90	4067748
485	440	555	90	90	4067754
487	436	571	90	90	4067760
489	432	588	90	90	4067766
492	429	596	90	90	4067773
494	426	596	90	90	4067779
498	423	600	90	90	4067785
502	421	604	90	90	4067791
506	420	604	90	90	4067798
510	419	604	90	90	4067804
514	418	604	90	90	4067810
519	419	600	90	90	4067816
524	419	600	90	90	4067823
528	421	604	90	90	4067829
532	422	604	90	90	4067835
536	425	608	90	90	4067841
540	428	608	90	90	4067848
543	431	612	90	90	4067854
545	434	616	90	90	4067860
547	438	620	90	90	4067866
549	442	624	90	90	4067873
550	446	632	90	90	4067879
550	451	636	90	90	4067885
550	456	640	90	90	4067891
550	460	644	90	90	4067898
549	464	648	90	90	4067904
547	468	652	90	90	4067910
545	472	652	90	90	4067916
543	476	656	90	90	4067923
541	479	656	90	90	4067929
538	481	656	90	90	4067935
535	484	656	90	90	4067941
532	486	656	90	90	4067948
529	488	656	90	90	4067954
525	490	656	90	90	4067960
522	492	656	90	90	4067966
518	493	652	90	90	4067973
515	495	644	90	90	4067979
511	495	628	90	90	4067985
508	495	596	90	90	4067991
504	495	515	90	90	4067998
501	495	382	90	90	4068004
497	494	249	90	90	4068010
494	492	56	90	90	4068023
59
773	494	8	90	90	4068788
768	490	60	90	90	4068795
766	487	92	90	90	4068801
764	484	132	90	90	4068807
762	480	161	90	90	4068813
760	477	189	90	90	4068820
759	473	209	90	90	4068826
759	469	225	90	90	4068832
758	465	233	90	90	4068838
758	461	241	90	90	4068845
759	457	249	90	90	4068851
760	453	253	90	90	4068857
761	449	261	90	90	4068863
763	446	273	90	90	4068870
765	442	285	90	90	4068876
767	439	302	90	90	4068882
771	436	322	90	90	4068888
774	434	342	90	90	4068895
778	431	366	90	90	4068901
782	429	382	90	90	4068907
786	428	398	90	90	4068913
791	426	414	90	90	4068920
796	425	426	90	90	4068926
801	425	439	90	90	4068932
806	425	447	90	90	4068938
810	425	455	90	90	4068945
815	426	467	90	90	4068951
820	427	479	90	90	4068957
824	428	499	90	90	4068963
828	430	515	90	90	4068970
832	432	531	90	90	4068976
836	435	543	90	90	4068982
839	437	559	90	90	4068988
841	440	571	90	90	4068995
843	444	588	90	90	4069001
845	447	596	90	90	4069007
846	451	604	90	90	4069013
847	455	612	90	90	4069020
847	459	616	90	90	4069026
847	463	620	90	90	4069032
846	467	624	90	90	4069038
845	472	628	90	90	4069045
843	476	632	90	90	4069051
841	479	636	90	90	4069057
839	483	644	90	90	4069063
836	486	648	90	90	4069070
833	490	656	90	90	4069076
829	493	660	90	90	4069082
825	495	664	90	90	4069088
821	498	664	90	90	4069095
817	500	664	90	90	4069101
813	501	656	90	90	4069107
808	502	640	90	90	4069113
804	502	612	90	90	4069120
799	502	559	90	90	4069126
794	501	459	90	90	4069132
789	500	326	90	90	4069138
784	499	189	90	90	4069145
780	497	28	90	90	4069157
4
1
681	585	0	90	90	4221475
157
685	577	40	90	90	4221631
682	579	124	90	90	4221637
681	580	205	90	90	4221643
679	581	213	90	90	4221650
677	582	217	90	90	4221656
674	583	217	90	90	4221662
671	583	217	90	90	4221668
668	584	213	90	90	4221675
665	585	213	90	90	4221681
661	585	209	90	90	4221687
656	585	205	90	90	4221693
651	585	205	90	90	4221700
646	585	205	90	90	4221706
641	585	209	90	90	4221712
635	585	225	90	90	4221718
629	584	245	90	90	4221725
622	583	261	90	90	4221731
615	583	285	90	90	4221737
607	582	306	90	90	4221743
600	580	338	90	90	4221750
592	579	362	90	90	4221756
583	577	382	90	90	4221762
575	575	398	90	90	4221768
566	573	414	90	90	4221775
558	570	426	90	90	4221781
549	567	439	90	90	4221787
540	564	447	90	90	4221793
531	560	451	90	90	4221800
522	556	455	90	90	4221806
513	552	459	90	90	4221812
504	547	459	90	90	4221818
495	542	463	90	90	4221825
486	536	467	90	90	4221831
477	530	475	90	90	4221837
468	523	487	90	90	4221843
459	516	511	90	90	4221850
451	508	523	90	90	4221856
443	501	543	90	90	4221862
436	493	563	90	90	4221868
429	484	588	90	90	4221875
423	476	604	90	90	4221881
418	468	616	90	90	4221887
413	459	624	90	90	4221893
410	451	632	90	90	4221900
407	442	636	90	90	4221906
405	434	636	90	90	4221912
403	425	640	90	90	4221918
403	416	636	90	90	4221925
403	407	636	90	90	4221931
405	399	632	90	90	4221937
407	390	632	90	90	4221943
409	382	628	90	90	4221950
413	374	624	90	90	4221956
417	367	624	90	90	4221962
422	359	624	90	90	4221968
428	353	624	90	90	4221975
434	347	624	90	90	4221981
441	341	624	90	90	4221987
449	335	624	90	90	4221993
457	331	628	90	90	4222000
467	327	632	90	90	4222006
476	323	632	90	90	4222012
487	319	632	90	90	4222018
498	316	632	90	90	4222025
509	314	632	90	90	4222031
521	312	636	90	90	4222037
534	311	636	90	90	4222043
547	310	636	90	90	4222050
560	309	636	90	90	4222056
574	308	636	90	90	4222062
587	308	636	90	90	4222068
601	308	636	90	90	4222075
616	309	640	90	90	4222081
630	310	644	90	90	4222087
644	310	648	90	90	4222093
659	312	660	90	90	4222100
674	313	668	90	90	4222106
689	314	676	90	90	4222112
703	316	684	90	90	4222118
718	318	696	90	90	4222125
732	321	704	90	90	4222131
746	323	712	90	90	4222137
760	326	720	90	90	4222143
774	329	724	90	90	4222150
786	332	733	90	90	4222156
799	335	737	90	90	4222162
811	338	741	90	90	4222168
823	342	741	90	90	4222175
834	345	745	90	90	4222181
845	348	749	90	90	4222187
855	352	753	90	90	4222193
865	356	757	90	90	4222200
874	360	757	90	90	4222206
882	364	761	90	90	4222212
890	369	765	90	90	4222218
898	374	769	90	90	4222225
904	379	773	90	90	4222231
911	384	773	90	90	4222237
916	389	773	90	90	4222243
921	394	773	90	90	4222250
926	400	773	90	90	4222256
929	405	773	90	90	4222262
932	411	773	90	90	4222268
934	416	769	90	90	4222275
936	422	769	90	90	4222281
937	427	765	90	90	4222287
937	433	765	90	90	4222293
937	439	765	90	90	4222300
936	445	765	90	90	4222306
935	450	765	90	90	4222312
933	456	765	90	90	4222318
931	462	769	90	90	4222325
928	468	769	90	90	4222331
925	473	765	90	90	4222337
921	479	769	90	90	4222343
917	484	765	90	90	4222350
912	490	765	90	90	4222356
907	495	765	90	90	4222362
902	500	765	90	90	4222368
897	505	761	90	90	4222375
891	511	765	90	90	4222381
886	516	765	90	90	4222387
880	521	765	90	90	4222393
874	526	765	90	90	4222400
868	531	761	90	90	4222406
862	535	761	90	90	4222412
855	539	761	90	90	4222418
849	543	761	90	90	4222425
842	547	757	90	90	4222431
835	551	757	90	90	4222437
827	554	757	90	90	4222443
820	557	753	90	90	4222450
813	560	753	90	90	4222456
805	563	753	90	90	4222462
797	566	753	90	90	4222468
789	569	753	90	90	4222475
781	571	753	90	90	4222481
773	574	753	90	90	4222487
765	576	757	90	90	4222493
757	578	757	90	90	4222500
749	579	757	90	90	4222506
741	580	761	90	90	4222512
733	581	761	90	90	4222518
725	582	765	90	90	4222525
717	583	765	90	90	4222531
709	583	769	90	90	4222537
702	584	769	90	90	4222543
694	584	773	90	90	4222550
687	584	773	90	90	4222556
680	584	769	90	90	4222562
674	584	753	90	90	4222568
667	583	720	90	90	4222575
661	582	628	90	90	4222581
655	581	487	90	90	4222587
649	579	342	90	90	4222593
643	577	189	90	90	4222600
637	575	18	90	90	4222612
56
527	489	16	90	90	4223649
520	485	88	90	90	4223655
516	483	124	90	90	4223662
512	480	157	90	90	4223668
509	477	189	90	90	4223674
505	473	217	90	90	4223680
502	469	253	90	90	4223687
499	464	289	90	90	4223693
496	459	322	90	90	4223699
494	452	354	90	90	4223705
492	446	386	90	90	4223712
491	439	414	90	90	4223718
490	432	430	90	90	4223724
490	425	447	90	90	4223730
491	418	455	90	90	4223737
493	412	455	90	90	4223743
495	406	455	90	90	4223749
498	402	447	90	90	4223755
502	398	439	90	90	4223762
506	395	430	90	90	4223768
511	393	426	90	90	4223774
515	392	422	90	90	4223780
521	392	418	90	90	4223787
527	393	414	90	90	4223793
533	394	414	90	90	4223799
538	396	418	90	90	4223805
543	399	422	90	90	4223812
549	402	422	90	90	4223818
554	406	426	90	90	4223824
559	411	439	90	90	4223830
563	416	443	90	90	4223837
567	421	451	90	90	4223843
570	427	459	90	90	4223849
573	432	467	90	90	4223855
575	438	479	90	90	4223862
577	444	491	90	90	4223868
578	450	503	90	90	4223874
578	456	515	90	90	4223880
578	461	523	90	90	4223887
577	466	527	90	90	4223893
576	471	535	90	90	4223899
574	475	539	90	90	4223905
571	480	543	90	90	4223912
568	483	551	90	90	4223918
565	486	555	90	90	4223924
561	489	563	90	90	4223930
557	492	567	90	90	4223937
552	494	571	90	90	4223943
548	495	575	90	90	4223949
544	496	575	90	90	4223955
539	496	563	90	90	4223962
535	495	539	90	90	4223968
531	494	463	90	90	4223974
528	492	350	90	90	4223980
524	490	225	90	90	4223987
521	487	48	90	90	4223999
67
821	487	4	90	90	4224640
819	490	48	90	90	4224646
817	491	88	90	90	4224652
815	492	132	90	90	4224659
813	493	169	90	90	4224665
810	494	217	90	90	4224671
807	494	265	90	90	4224677
804	494	318	90	90	4224684
801	494	362	90	90	4224690
797	493	398	90	90	4224696
793	492	443	90	90	4224702
788	490	475	90	90	4224709
784	488	511	90	90	4224715
780	486	535	90	90	4224721
776	483	547	90	90	4224727
772	480	559	90	90	4224734
768	476	567	90	90	4224740
764	471	571	90	90	4224746
761	466	583	90	90	4224752
758	460	588	90	90	4224759
756	454	592	90	90	4224765
754	448	596	90	90	4224771
753	441	600	90	90	4224777
752	435	604	90	90	4224784
752	429	604	90	90	4224790
753	423	608	90	90	4224796
754	418	604	90	90	4224802
756	413	604	90	90	4224809
758	409	608	90	90	4224815
761	406	616	90	90	4224821
765	403	620	90	90	4224827
769	400	628	90	90	4224834
774	398	636	90	90	4224840
779	397	648	90	90	4224846
785	397	664	90	90	4224852
791	397	672	90	90	4224859
797	397	680	90	90	4224865
803	398	688	90	90	4224871
808	400	696	90	90	4224877
814	403	704	90	90	4224884
820	407	708	90	90	4224890
825	411	708	90	90	4224896
830	415	712	90	90	4224902
834	421	724	90	90	4224909
838	426	728	90	90	4224915
841	432	728	90	90	4224921
843	438	728	90	90	4224927
845	443	728	90	90	4224934
846	449	724	90	90	4224940
846	454	724	90	90	4224946
846	460	724	90	90	4224952
845	465	720	90	90	4224959
843	469	720	90	90	4224965
841	474	712	90	90	4224971
839	478	712	90	90	4224977
836	482	720	90	90	4224984
833	486	720	90	90	4224990
829	489	720	90	90	4224996
825	492	720	90	90	4225002
821	494	720	90	90	4225009
817	496	708	90	90	4225015
813	497	696	90	90	4225021
808	498	656	90	90	4225027
803	498	543	90	90	4225034
799	498	398	90	90	4225040
794	497	253	90	90	4225046
788	496	52	90	90	4225059
4
1
623	563	0	90	90	4345743
170
787	553	64	90	90	4346093
785	553	157	90	90	4346099
783	554	181	90	90	4346105
781	555	225	90	90	4346111
779	556	257	90	90	4346118
777	556	285	90	90	4346124
774	557	310	90	90	4346130
771	558	342	90	90	4346136
768	558	366	90	90	4346143
764	559	382	90	90	4346149
760	560	394	90	90	4346155
756	560	406	90	90	4346161
752	561	422	90	90	4346168
748	562	439	90	90	4346174
743	562	447	90	90	4346180
737	563	455	90	90	4346186
732	563	463	90	90	4346193
726	564	467	90	90	4346199
719	564	475	90	90	4346205
712	564	479	90	90	4346211
705	564	487	90	90	4346218
697	563	487	90	90	4346224
689	563	491	90	90	4346230
682	563	491	90	90	4346236
674	562	499	90	90	4346243
665	562	499	90	90	4346249
658	561	499	90	90	4346255
650	560	499	90	90	4346261
641	560	499	90	90	4346268
633	559	499	90	90	4346274
625	558	499	90	90	4346280
616	556	499	90	90	4346286
607	555	491	90	90	4346293
599	553	491	90	90	4346299
590	551	487	90	90	4346305
581	548	479	90	90	4346311
572	545	475	90	90	4346318
563	543	471	90	90	4346324
554	540	471	90	90	4346330
545	537	467	90	90	4346336
536	534	467	90	90	4346343
528	531	471	90	90	4346349
519	527	471	90	90	4346355
511	524	475	90	90	4346361
503	520	479	90	90	4346368
496	516	479	90	90	4346374
488	511	487	90	90	4346380
481	506	487	90	90	4346386
474	501	487	90	90	4346393
468	496	487	90	90	4346399
463	490	487	90	90	4346405
458	485	487	90	90	4346411
455	479	479	90	90	4346418
451	473	479	90	90	4346424
449	468	475	90	90	4346430
447	463	475	90	90	4346436
446	457	471	90	90	4346443
446	452	471	90	90	4346449
446	447	467	90	90	4346455
447	442	467	90	90	4346461
449	436	467	90	90	4346468
451	431	467	90	90	4346474
454	427	467	90	90	4346480
458	422	463	90	90	4346486
462	417	463	90	90	4346493
467	413	463	90	90	4346499
473	409	463	90	90	4346505
480	406	459	90	90	4346511
488	403	455	90	90	4346518
496	400	455	90	90	4346524
505	398	451	90	90	4346530
514	396	447	90	90	4346536
525	395	439	90	90	4346543
535	393	426	90	90	4346549
546	392	422	90	90	4346555
557	391	418	90	90	4346561
568	391	402	90	90	4346568
580	390	398	90	90	4346574
591	390	398	90	90	4346580
603	390	406	90	90	4346586
615	390	422	90	90	4346593
626	391	447	90	90	4346599
638	391	463	90	90	4346605
650	391	487	90	90	4346611
661	392	523	90	90	4346618
673	392	551	90	90	4346624
684	393	571	90	90	4346630
695	394	596	90	90	4346636
706	395	612	90	90	4346643
717	396	624	90	90	4346649
728	396	632	90	90	4346655
739	398	640	90	90	4346661
750	399	648	90	90	4346668
761	400	652	90	90	4346674
772	401	656	90	90	4346680
783	403	660	90	90	4346686
794	405	660	90	90	4346693
804	407	664	90	90	4346699
814	409	672	90	90	4346705
824	411	676	90	90	4346711
833	413	676	90	90	4346718
842	415	680	90	90	4346724
850	417	684	90	90	4346730
858	419	684	90	90	4346736
865	421	684	90	90	4346743
872	422	688	90	90	4346749
879	424	688	90	90	4346755
885	426	688	90	90	4346761
891	428	692	90	90	4346768
897	430	688	90	90	4346774
902	432	692	90	90	4346780
907	434	696	90	90	4346786
912	436	700	90	90	4346793
917	438	700	90	90	4346799
921	441	704	90	90	4346805
925	443	704	90	90	4346811
928	445	708	90	90	4346818
931	447	708	90	90	4346824
934	450	708	90	90	4346830
937	452	712	90	90	4346836
939	455	712	90	90	4346843
940	458	712	90	90	4346849
941	460	712	90	90	4346855
942	464	712	90	90	4346861
942	467	712	90	90	4346868
943	470	720	90	90	4346874
943	473	724	90	90	4346880
943	476	720	90	90	4346886
942	479	724	90	90	4346893
942	482	724	90	90	4346899
941	485	724	90	90	4346905
940	489	728	90	90	4346911
939	492	728	90	90	4346918
938	495	728	90	90	4346924
935	498	728	90	90	4346930
933	502	728	90	90	4346936
930	505	728	90	90	4346943
927	509	728	90	90	4346949
924	512	728	90	90	4346955
921	515	728	90	90	4346961
917	519	728	90	90	4346968
914	522	728	90	90	4346974
910	525	728	90	90	4346980
906	528	728	90	90	4346986
903	531	728	90	90	4346993
899	534	728	90	90	4346999
895	536	728	90	90	4347005
890	539	728	90	90	4347011
886	541	733	90	90	4347018
882	543	728	90	90	4347024
878	545	728	90	90	4347030
873	547	728	90	90	4347036
869	548	728	90	90	4347043
864	550	728	90	90	4347049
859	551	724	90	90	4347055
854	552	724	90	90	4347061
848	553	724	90	90	4347068
842	554	724	90	90	4347074
836	554	720	90	90	4347080
830	554	720	90	90	4347086
824	555	712	90	90	4347093
817	555	708	90	90	4347099
810	555	696	90	90	4347105
803	554	680	90	90	4347111
796	554	644	90	90	4347118
789	553	563	90	90	4347124
782	553	426	90	90	4347130
775	552	285	90	90	4347136
767	551	144	90	90	4347143
760	551	0	90	90	4347155
49
525	492	8	90	90	4348330
522	491	76	90	90	4348337
520	490	108	90	90	4348343
518	489	140	90	90	4348349
516	487	165	90	90	4348355
514	484	193	90	90	4348362
512	482	225	90	90	4348368
510	478	253	90	90	4348374
508	474	285	90	90	4348380
507	470	318	90	90	4348387
505	466	342	90	90	4348393
505	462	366	90	90	4348399
505	457	382	90	90	4348405
505	452	394	90	90	4348412
506	448	402	90	90	4348418
508	444	414	90	90	4348424
511	440	414	90	90	4348430
514	437	418	90	90	4348437
518	434	418	90	90	4348443
522	432	422	90	90	4348449
526	430	422	90	90	4348455
532	430	422	90	90	4348462
537	430	422	90	90	4348468
542	430	422	90	90	4348474
547	431	418	90	90	4348480
552	433	418	90	90	4348487
557	436	414	90	90	4348493
561	438	414	90	90	4348499
565	441	414	90	90	4348505
569	445	414	90	90	4348512
572	448	414	90	90	4348518
574	452	418	90	90	4348524
576	456	422	90	90	4348530
577	460	422	90	90	4348537
577	464	426	90	90	4348543
577	469	430	90	90	4348549
576	473	439	90	90	4348555
574	477	443	90	90	4348562
571	482	447	90	90	4348568
569	485	451	90	90	4348574
565	488	455	90	90	4348580
562	490	459	90	90	4348587
557	492	459	90	90	4348593
553	493	455	90	90	4348599
548	493	443	90	90	4348605
544	492	398	90	90	4348612
539	491	302	90	90	4348618
535	489	197	90	90	4348624
530	487	44	90	90	4348637
46
825	507	52	90	90	4349549
819	506	136	90	90	4349555
816	505	213	90	90	4349561
812	504	233	90	90	4349568
809	502	249	90	90	4349574
806	500	265	90	90	4349580
803	497	294	90	90	4349586
800	494	322	90	90	4349593
797	491	354	90	90	4349599
795	487	390	90	90	4349605
794	483	422	90	90	4349611
793	478	451	90	90	4349618
793	473	475	90	90	4349624
793	468	499	90	90	4349630
795	463	515	90	90	4349636
797	458	519	90	90	4349643
799	453	515	90	90	4349649
802	449	511	90	90	4349655
806	445	503	90	90	4349661
811	442	491	90	90	4349668
816	440	479	90	90	4349674
821	439	471	90	90	4349680
826	439	463	90	90	4349686
831	439	459	90	90	4349693
836	441	459	90	90	4349699
840	443	459	90	90	4349705
845	447	459	90	90	4349711
849	451	459	90	90	4349718
852	455	463	90	90	4349724
854	460	467	90	90	4349730
856	465	471	90	90	4349736
858	470	479	90	90	4349743
858	475	487	90	90	4349749
857	481	499	90	90	4349755
856	486	511	90	90	4349761
854	491	519	90	90	4349768
851	495	527	90	90	4349774
848	499	531	90	90	4349780
844	503	539	90	90	4349786
840	505	539	90	90	4349793
835	507	535	90	90	4349799
830	508	519	90	90	4349805
825	509	451	90	90	4349811
820	509	338	90	90	4349818
815	508	213	90	90	4349824
810	507	44	90	90	4349836
4
1
560	526	0	90	90	4502592
175
749	512	4	90	90	4503261
742	513	28	90	90	4503267
739	513	56	90	90	4503274
735	514	88	90	90	4503280
731	514	124	90	90	4503286
726	515	153	90	90	4503292
721	515	177	90	90	4503299
716	516	213	90	90	4503305
710	516	249	90	90	4503311
704	517	281	90	90	4503317
698	518	306	90	90	4503324
692	518	334	90	90	4503330
685	519	354	90	90	4503336
678	519	374	90	90	4503342
670	519	386	90	90	4503349
662	519	398	90	90	4503355
654	519	406	90	90	4503361
646	519	414	90	90	4503367
637	518	422	90	90	4503374
628	518	426	90	90	4503380
619	517	430	90	90	4503386
610	516	439	90	90	4503392
601	515	443	90	90	4503399
591	514	443	90	90	4503405
582	512	447	90	90	4503411
573	511	447	90	90	4503417
563	509	447	90	90	4503424
554	508	443	90	90	4503430
544	506	439	90	90	4503436
534	504	430	90	90	4503442
525	501	430	90	90	4503449
515	499	426	90	90	4503455
506	496	422	90	90	4503461
497	494	418	90	90	4503467
488	491	418	90	90	4503474
479	488	418	90	90	4503480
471	484	414	90	90	4503486
463	481	414	90	90	4503492
455	477	414	90	90	4503499
447	473	418	90	90	4503505
440	469	418	90	90	4503511
434	465	422	90	90	4503517
428	461	426	90	90	4503524
422	457	430	90	90	4503530
416	452	439	90	90	4503536
411	447	443	90	90	4503542
407	443	447	90	90	4503549
403	438	451	90	90	4503555
400	433	455	90	90	4503561
397	428	455	90	90	4503567
395	423	459	90	90	4503574
394	418	459	90	90	4503580
393	413	459	90	90	4503586
393	408	459	90	90	4503592
393	403	459	90	90	4503599
394	398	459	90	90	4503605
396	392	459	90	90	4503611
397	387	459	90	90	4503617
400	382	459	90	90	4503624
403	376	459	90	90	4503630
406	371	459	90	90	4503636
410	366	455	90	90	4503642
414	361	459	90	90	4503649
419	357	459	90	90	4503655
425	352	467	90	90	4503661
431	349	471	90	90	4503667
438	345	479	90	90	4503674
445	342	499	90	90	4503680
453	340	515	90	90	4503686
461	337	527	90	90	4503692
470	335	539	90	90	4503699
480	333	551	90	90	4503705
490	331	563	90	90	4503711
500	330	575	90	90	4503717
511	328	592	90	90	4503724
522	327	604	90	90	4503730
533	326	612	90	90	4503736
544	325	620	90	90	4503742
556	324	632	90	90	4503749
568	324	640	90	90	4503755
580	323	644	90	90	4503761
593	323	652	90	90	4503767
605	323	660	90	90	4503774
618	323	668	90	90	4503780
631	323	676	90	90	4503786
644	323	684	90	90	4503792
656	323	688	90	90	4503799
669	324	692	90	90	4503805
682	324	696	90	90	4503811
694	324	700	90	90	4503817
706	325	704	90	90	4503824
718	325	704	90	90	4503830
730	326	704	90	90	4503836
742	326	704	90	90	4503842
753	327	708	90	90	4503849
764	328	708	90	90	4503855
774	329	708	90	90	4503861
784	330	712	90	90	4503867
794	331	712	90	90	4503874
803	332	720	90	90	4503880
812	333	724	90	90	4503886
820	334	728	90	90	4503892
828	336	733	90	90	4503899
836	337	737	90	90	4503905
844	339	741	90	90	4503911
851	340	745	90	90	4503917
859	342	745	90	90	4503924
865	343	745	90	90	4503930
872	345	745	90	90	4503936
878	347	745	90	90	4503942
884	349	741	90	90	4503949
890	351	741	90	90	4503955
895	354	737	90	90	4503961
900	356	733	90	90	4503967
904	359	737	90	90	4503974
909	362	737	90	90	4503980
913	364	737	90	90	4503986
917	367	737	90	90	4503992
921	371	737	90	90	4503999
925	374	741	90	90	4504005
929	377	741	90	90	4504011
932	381	749	90	90	4504017
936	384	749	90	90	4504024
939	388	749	90	90	4504030
942	392	753	90	90	4504036
944	395	753	90	90	4504042
946	399	757	90	90	4504049
948	403	757	90	90	4504055
950	406	761	90	90	4504061
951	410	757	90	90	4504067
951	414	757	90	90	4504074
952	417	757	90	90	4504080
952	421	757	90	90	4504086
952	424	753	90	90	4504092
952	428	753	90	90	4504099
951	432	753	90	90	4504105
950	435	757	90	90	4504111
948	438	753	90	90	4504117
946	442	749	90	90	4504124
944	445	749	90	90	4504130
942	449	745	90	90	4504136
938	452	745	90	90	4504142
935	455	745	90	90	4504149
931	458	741	90	90	4504155
927	461	737	90	90	4504161
923	464	741	90	90	4504167
918	467	741	90	90	4504174
914	470	741	90	90	4504180
909	472	737	90	90	4504186
904	475	737	90	90	4504192
898	478	733	90	90	4504199
893	480	733	90	90	4504205
887	482	733	90	90	4504211
881	485	728	90	90	4504217
875	487	728	90	90	4504224
869	489	728	90	90	4504230
863	491	728	90	90	4504236
856	493	733	90	90	4504242
849	495	733	90	90	4504249
843	497	733	90	90	4504255
836	498	733	90	90	4504261
829	499	733	90	90	4504267
822	500	733	90	90	4504274
815	501	728	90	90	4504280
808	502	728	90	90	4504286
801	502	728	90	90	4504292
794	503	724	90	90	4504299
787	503	720	90	90	4504305
781	503	708	90	90	4504311
774	503	688	90	90	4504317
768	503	628	90	90	4504324
762	503	499	90	90	4504330
755	503	354	90	90	4504336
749	503	213	90	90	4504342
743	503	32	90	90	4504355
47
498	439	8	90	90	4505539
493	432	92	90	90	4505545
491	429	144	90	90	4505551
489	425	181	90	90	4505558
488	421	229	90	90	4505564
487	416	265	90	90	4505570
487	412	298	90	90	4505576
488	408	326	90	90	4505583
490	404	354	90	90	4505589
492	399	374	90	90	4505595
496	395	378	90	90	4505601
499	391	378	90	90	4505608
504	388	366	90	90	4505614
508	386	346	90	90	4505620
513	384	326	90	90	4505626
518	382	310	90	90	4505633
523	382	298	90	90	4505639
529	382	285	90	90	4505645
534	383	277	90	90	4505651
538	385	277	90	90	4505658
542	387	285	90	90	4505664
546	390	298	90	90	4505670
550	393	306	90	90	4505676
553	396	318	90	90	4505683
555	400	322	90	90	4505689
557	404	334	90	90	4505695
559	409	338	90	90	4505701
560	413	342	90	90	4505708
561	418	350	90	90	4505714
561	422	362	90	90	4505720
560	427	374	90	90	4505726
559	431	386	90	90	4505733
557	435	402	90	90	4505739
555	439	422	90	90	4505745
551	442	447	90	90	4505751
547	445	463	90	90	4505758
543	447	479	90	90	4505764
538	449	503	90	90	4505770
533	450	519	90	90	4505776
528	451	527	90	90	4505783
523	451	535	90	90	4505789
518	451	531	90	90	4505795
513	451	503	90	90	4505801
509	450	406	90	90	4505808
505	448	294	90	90	4505814
501	446	169	90	90	4505820
497	444	20	90	90	4505833
61
829	455	64	90	90	4506584
825	456	112	90	90	4506590
822	457	136	90	90	4506596
820	457	157	90	90	4506602
818	457	173	90	90	4506609
815	457	197	90	90	4506615
813	456	225	90	90	4506621
810	456	253	90	90	4506627
807	455	281	90	90	4506634
804	454	306	90	90	4506640
801	452	338	90	90	4506646
797	450	370	90	90	4506652
794	448	398	90	90	4506659
790	445	439	90	90	4506665
787	442	471	90	90	4506671
784	438	511	90	90	4506677
781	434	539	90	90	4506684
779	430	563	90	90	4506690
777	425	588	90	90	4506696
776	420	604	90	90	4506702
776	415	616	90	90	4506709
777	410	624	90	90	4506715
778	405	628	90	90	4506721
779	401	624	90	90	4506727
782	396	620	90	90	4506734
785	392	616	90	90	4506740
788	389	612	90	90	4506746
792	386	608	90	90	4506752
797	384	600	90	90	4506759
801	382	596	90	90	4506765
806	381	592	90	90	4506771
811	380	592	90	90	4506777
816	380	592	90	90	4506784
822	381	592	90	90	4506790
826	383	596	90	90	4506796
831	385	596	90	90	4506802
835	389	600	90	90	4506809
840	392	600	90	90	4506815
844	397	600	90	90	4506821
847	401	604	90	90	4506827
851	406	604	90	90	4506834
854	412	604	90	90	4506840
856	417	604	90	90	4506846
858	422	604	90	90	4506852
860	428	608	90	90	4506859
861	433	612	90	90	4506865
861	437	612	90	90	4506871
860	441	612	90	90	4506877
858	445	616	90	90	4506884
856	449	616	90	90	4506890
853	453	620	90	90	4506896
849	456	620	90	90	4506902
846	459	616	90	90	4506909
842	461	616	90	90	4506915
837	463	612	90	90	4506921
832	464	600	90	90	4506927
827	464	559	90	90	4506934
821	464	459	90	90	4506940
816	463	338	90	90	4506946
810	462	205	90	90	4506952
804	460	34	90	90	4506965
4
1
655	530	0	90	90	4626397
152
794	529	48	90	90	4626703
791	530	136	90	90	4626709
790	531	165	90	90	4626715
788	532	197	90	90	4626722
786	533	225	90	90	4626728
783	533	245	90	90	4626734
781	534	261	90	90	4626740
778	534	277	90	90	4626747
775	535	285	90	90	4626753
771	535	294	90	90	4626759
767	535	302	90	90	4626765
762	536	310	90	90	4626772
757	536	326	90	90	4626778
752	537	346	90	90	4626784
746	537	370	90	90	4626790
740	538	390	90	90	4626797
733	539	418	90	90	4626803
725	539	443	90	90	4626809
717	540	467	90	90	4626815
709	541	491	90	90	4626822
700	541	519	90	90	4626828
691	541	531	90	90	4626834
681	541	539	90	90	4626840
671	541	551	90	90	4626847
661	541	555	90	90	4626853
651	540	559	90	90	4626859
640	539	563	90	90	4626865
629	538	567	90	90	4626872
618	536	571	90	90	4626878
607	534	571	90	90	4626884
596	532	571	90	90	4626890
585	530	571	90	90	4626897
573	527	571	90	90	4626903
562	524	571	90	90	4626909
551	520	571	90	90	4626915
540	517	571	90	90	4626922
530	513	567	90	90	4626928
519	508	567	90	90	4626934
508	503	563	90	90	4626940
497	497	563	90	90	4626947
487	491	563	90	90	4626953
477	485	563	90	90	4626959
468	478	559	90	90	4626965
459	471	559	90	90	4626972
451	464	559	90	90	4626978
443	455	559	90	90	4626984
436	447	563	90	90	4626990
429	439	563	90	90	4626997
424	430	563	90	90	4627003
419	421	563	90	90	4627009
414	412	563	90	90	4627015
411	402	567	90	90	4627022
409	393	567	90	90	4627028
408	385	567	90	90	4627034
408	376	567	90	90	4627040
408	367	571	90	90	4627047
410	359	571	90	90	4627053
412	352	575	90	90	4627059
416	345	575	90	90	4627065
420	338	588	90	90	4627072
425	332	592	90	90	4627078
431	326	600	90	90	4627084
439	321	604	90	90	4627090
447	316	612	90	90	4627097
456	312	620	90	90	4627103
466	308	624	90	90	4627109
476	305	632	90	90	4627115
488	302	644	90	90	4627122
500	299	656	90	90	4627128
512	297	664	90	90	4627134
525	295	676	90	90	4627140
538	294	684	90	90	4627147
552	293	696	90	90	4627153
566	292	708	90	90	4627159
580	292	720	90	90	4627165
596	292	724	90	90	4627172
610	292	724	90	90	4627178
625	293	724	90	90	4627184
641	294	724	90	90	4627190
656	295	728	90	90	4627197
671	297	724	90	90	4627203
686	300	724	90	90	4627209
701	302	724	90	90	4627215
714	305	720	90	90	4627222
729	307	720	90	90	4627228
743	310	720	90	90	4627234
757	312	720	90	90	4627240
771	315	724	90	90	4627247
784	318	724	90	90	4627253
797	321	724	90	90	4627259
809	324	724	90	90	4627265
821	328	733	90	90	4627272
832	331	737	90	90	4627278
843	335	741	90	90	4627284
853	339	745	90	90	4627290
863	343	749	90	90	4627297
873	347	757	90	90	4627303
881	351	761	90	90	4627309
889	355	765	90	90	4627315
896	358	765	90	90	4627322
902	362	765	90	90	4627328
907	366	769	90	90	4627334
912	370	769	90	90	4627340
915	375	769	90	90	4627347
919	379	773	90	90	4627353
921	384	773	90	90	4627359
924	389	781	90	90	4627365
925	394	793	90	90	4627372
927	399	805	90	90	4627378
927	404	813	90	90	4627384
928	409	825	90	90	4627390
928	414	833	90	90	4627397
927	419	837	90	90	4627403
926	424	845	90	90	4627409
924	429	845	90	90	4627415
923	434	841	90	90	4627422
921	439	837	90	90	4627428
919	444	833	90	90	4627434
917	449	829	90	90	4627440
915	454	825	90	90	4627447
913	459	821	90	90	4627453
910	464	817	90	90	4627459
908	468	817	90	90	4627465
905	473	817	90	90	4627472
902	478	817	90	90	4627478
899	483	817	90	90	4627484
895	487	821	90	90	4627490
891	491	821	90	90	4627497
888	495	821	90	90	4627503
884	499	817	90	90	4627509
880	503	817	90	90	4627515
876	507	813	90	90	4627522
872	510	813	90	90	4627528
868	514	809	90	90	4627534
864	517	809	90	90	4627540
860	520	805	90	90	4627547
856	523	805	90	90	4627553
852	526	801	90	90	4627559
847	528	801	90	90	4627565
841	530	797	90	90	4627572
836	532	797	90	90	4627578
830	534	793	90	90	4627584
824	535	793	90	90	4627590
818	536	789	90	90	4627597
811	537	785	90	90	4627603
804	538	777	90	90	4627609
797	538	757	90	90	4627615
790	537	720	90	90	4627622
782	536	600	90	90	4627628
775	535	451	90	90	4627634
767	534	298	90	90	4627640
760	532	72	90	90	4627653
61
487	430	64	90	90	4628443
486	431	157	90	90	4628450
485	432	233	90	90	4628456
484	432	273	90	90	4628462
482	432	298	90	90	4628468
481	432	318	90	90	4628475
480	431	326	90	90	4628481
478	430	338	90	90	4628487
477	429	346	90	90	4628493
475	427	362	90	90	4628500
473	424	374	90	90	4628506
472	421	390	90	90	4628512
470	417	414	90	90	4628518
468	413	443	90	90	4628525
467	409	463	90	90	4628531
465	404	491	90	90	4628537
464	398	519	90	90	4628543
464	393	535	90	90	4628550
464	388	551	90	90	4628556
465	383	563	90	90	4628562
467	379	571	90	90	4628568
469	375	575	90	90	4628575
473	371	583	90	90	4628581
477	368	583	90	90	4628587
482	366	583	90	90	4628593
487	363	583	90	90	4628600
493	361	575	90	90	4628606
499	360	571	90	90	4628612
505	359	567	90	90	4628618
511	359	563	90	90	4628625
517	359	559	90	90	4628631
522	361	555	90	90	4628637
528	363	555	90	90	4628643
532	366	555	90	90	4628650
537	369	559	90	90	4628656
540	373	559	90	90	4628662
543	378	567	90	90	4628668
546	382	567	90	90	4628675
548	387	571	90	90	4628681
549	392	575	90	90	4628687
550	397	588	90	90	4628693
550	401	592	90	90	4628700
550	406	596	90	90	4628706
548	410	596	90	90	4628712
547	415	600	90	90	4628718
544	419	600	90	90	4628725
541	422	604	90	90	4628731
537	425	604	90	90	4628737
532	428	604	90	90	4628743
527	430	604	90	90	4628750
521	432	604	90	90	4628756
515	434	604	90	90	4628762
509	435	604	90	90	4628768
503	435	604	90	90	4628775
497	434	604	90	90	4628781
492	433	592	90	90	4628787
487	432	563	90	90	4628793
482	430	459	90	90	4628800
479	427	338	90	90	4628806
475	424	209	90	90	4628812
473	421	36	90	90	4628825
51
775	444	4	90	90	4629748
767	436	140	90	90	4629754
763	432	261	90	90	4629761
760	427	386	90	90	4629767
758	421	511	90	90	4629773
756	416	539	90	90	4629779
755	411	551	90	90	4629786
756	406	555	90	90	4629792
757	401	555	90	90	4629798
759	396	551	90	90	4629804
762	391	547	90	90	4629811
766	386	543	90	90	4629817
770	382	543	90	90	4629823
775	378	543	90	90	4629829
779	374	547	90	90	4629836
784	371	551	90	90	4629842
789	369	563	90	90	4629848
795	367	567	90	90	4629854
800	366	583	90	90	4629861
805	366	604	90	90	4629867
810	366	620	90	90	4629873
816	368	640	90	90	4629879
821	369	660	90	90	4629886
826	372	680	90	90	4629892
831	375	700	90	90	4629898
835	379	724	90	90	4629904
839	383	741	90	90	4629911
843	388	749	90	90	4629917
847	393	753	90	90	4629923
849	399	757	90	90	4629929
852	404	757	90	90	4629936
854	410	757	90	90	4629942
855	417	753	90	90	4629948
855	423	753	90	90	4629954
855	429	749	90	90	4629961
854	435	749	90	90	4629967
852	441	749	90	90	4629973
849	446	749	90	90	4629979
846	450	749	90	90	4629986
841	453	753	90	90	4629992
836	455	753	90	90	4629998
830	456	753	90	90	4630004
824	456	753	90	90	4630011
817	455	749	90	90	4630017
810	454	741	90	90	4630023
802	452	712	90	90	4630029
795	449	624	90	90	4630036
788	446	479	90	90	4630042
781	442	338	90	90	4630048
773	439	181	90	90	4630054
766	436	14	90	90	4630067
4
1
721	493	0	90	90	4740050
177
797	484	60	90	90	4740550
794	485	173	90	90	4740556
793	486	285	90	90	4740562
792	487	382	90	90	4740568
791	488	418	90	90	4740575
789	489	443	90	90	4740581
787	490	459	90	90	4740587
785	491	467	90	90	4740593
783	492	471	90	90	4740600
780	493	475	90	90	4740606
777	494	475	90	90	4740612
774	494	487	90	90	4740618
770	495	503	90	90	4740625
766	496	519	90	90	4740631
761	497	539	90	90	4740637
756	498	559	90	90	4740643
751	499	588	90	90	4740650
745	500	608	90	90	4740656
739	500	632	90	90	4740662
733	501	652	90	90	4740668
727	502	672	90	90	4740675
720	503	684	90	90	4740681
714	503	692	90	90	4740687
707	504	700	90	90	4740693
700	504	704	90	90	4740700
693	505	704	90	90	4740706
686	505	708	90	90	4740712
678	505	712	90	90	4740718
671	505	712	90	90	4740725
663	505	720	90	90	4740731
656	505	720	90	90	4740737
648	505	724	90	90	4740743
639	505	724	90	90	4740750
631	505	728	90	90	4740756
623	505	733	90	90	4740762
614	504	733	90	90	4740768
606	504	737	90	90	4740775
597	503	741	90	90	4740781
589	503	745	90	90	4740787
580	502	745	90	90	4740793
572	501	749	90	90	4740800
563	500	749	90	90	4740806
554	499	749	90	90	4740812
546	497	745	90	90	4740818
538	495	745	90	90	4740825
530	493	745	90	90	4740831
522	491	741	90	90	4740837
514	488	741	90	90	4740843
506	485	741	90	90	4740850
499	482	741	90	90	4740856
492	479	737	90	90	4740862
484	476	737	90	90	4740868
477	472	737	90	90	4740875
471	468	737	90	90	4740881
464	464	737	90	90	4740887
458	459	737	90	90	4740893
453	455	733	90	90	4740900
448	449	733	90	90	4740906
443	444	733	90	90	4740912
438	438	733	90	90	4740918
434	433	733	90	90	4740925
431	427	737	90	90	4740931
428	421	737	90	90	4740937
426	415	737	90	90	4740943
424	410	737	90	90	4740950
423	404	737	90	90	4740956
423	399	741	90	90	4740962
424	394	741	90	90	4740968
426	389	741	90	90	4740975
429	384	741	90	90	4740981
432	379	741	90	90	4740987
436	374	741	90	90	4740993
441	369	741	90	90	4741000
447	364	741	90	90	4741006
454	360	741	90	90	4741012
462	356	741	90	90	4741018
470	352	741	90	90	4741025
479	349	741	90	90	4741031
490	345	741	90	90	4741037
501	342	741	90	90	4741043
512	339	745	90	90	4741050
524	336	745	90	90	4741056
537	333	745	90	90	4741062
549	331	745	90	90	4741068
562	329	745	90	90	4741075
575	327	741	90	90	4741081
589	325	741	90	90	4741087
602	324	741	90	90	4741093
617	323	745	90	90	4741100
631	323	745	90	90	4741106
645	323	745	90	90	4741112
659	323	749	90	90	4741118
675	323	749	90	90	4741125
690	324	749	90	90	4741131
704	325	753	90	90	4741137
718	326	757	90	90	4741143
732	327	761	90	90	4741150
746	328	761	90	90	4741156
759	329	765	90	90	4741162
772	330	769	90	90	4741168
784	332	773	90	90	4741175
796	333	773	90	90	4741181
808	334	777	90	90	4741187
820	335	777	90	90	4741193
831	337	781	90	90	4741200
842	338	785	90	90	4741206
852	339	785	90	90	4741212
862	341	789	90	90	4741218
871	342	793	90	90	4741225
879	343	793	90	90	4741231
887	344	797	90	90	4741237
894	346	797	90	90	4741243
900	347	797	90	90	4741250
906	349	801	90	90	4741256
911	351	801	90	90	4741262
916	353	805	90	90	4741268
920	355	805	90	90	4741275
924	357	805	90	90	4741281
928	360	809	90	90	4741287
931	362	809	90	90	4741293
933	364	809	90	90	4741300
936	367	809	90	90	4741306
937	369	809	90	90	4741312
938	372	809	90	90	4741318
939	375	813	90	90	4741325
939	378	813	90	90	4741331
939	381	817	90	90	4741337
939	385	821	90	90	4741343
939	388	821	90	90	4741350
938	391	821	90	90	4741356
936	395	825	90	90	4741362
934	399	825	90	90	4741368
933	402	829	90	90	4741375
930	406	829	90	90	4741381
928	409	829	90	90	4741387
926	413	825	90	90	4741393
923	416	825	90	90	4741400
920	420	821	90	90	4741406
917	424	821	90	90	4741412
915	427	817	90	90	4741418
911	431	817	90	90	4741425
908	434	817	90	90	4741431
904	438	817	90	90	4741437
901	441	817	90	90	4741443
897	444	821	90	90	4741450
893	447	821	90	90	4741456
890	449	821	90	90	4741462
886	452	821	90	90	4741468
882	455	821	90	90	4741475
878	457	817	90	90	4741481
874	460	817	90	90	4741487
869	463	813	90	90	4741493
865	465	813	90	90	4741500
861	468	813	90	90	4741506
857	470	813	90	90	4741512
852	473	813	90	90	4741518
848	475	817	90	90	4741525
844	477	821	90	90	4741531
839	479	821	90	90	4741537
835	481	825	90	90	4741543
830	483	825	90	90	4741550
826	484	829	90	90	4741556
821	486	829	90	90	4741562
817	487	833	90	90	4741568
812	489	833	90	90	4741575
807	490	833	90	90	4741581
802	491	833	90	90	4741587
798	492	833	90	90	4741593
793	493	833	90	90	4741600
789	493	829	90	90	4741606
785	494	817	90	90	4741612
781	494	781	90	90	4741618
777	494	640	90	90	4741625
773	493	491	90	90	4741631
769	493	334	90	90	4741637
765	492	165	90	90	4741643
761	491	0	90	90	4741656
57
510	428	68	90	90	4742454
511	429	173	90	90	4742460
512	430	313	90	90	4742472
512	432	427	90	90	4742491
511	432	527	90	90	4742504
509	432	567	90	90	4742510
509	431	596	90	90	4742516
508	429	616	90	90	4742522
507	427	636	90	90	4742529
506	425	660	90	90	4742535
505	422	680	90	90	4742541
505	419	696	90	90	4742547
505	415	712	90	90	4742554
506	411	728	90	90	4742560
507	407	741	90	90	4742566
508	403	749	90	90	4742572
510	399	753	90	90	4742579
513	395	757	90	90	4742585
516	392	757	90	90	4742591
520	390	761	90	90	4742597
524	387	761	90	90	4742604
528	386	761	90	90	4742610
533	385	761	90	90	4742616
538	385	761	90	90	4742622
543	385	761	90	90	4742629
548	386	761	90	90	4742635
553	387	765	90	90	4742641
558	389	765	90	90	4742647
562	391	765	90	90	4742654
566	394	765	90	90	4742660
570	396	769	90	90	4742666
573	400	769	90	90	4742672
576	403	769	90	90	4742679
578	407	773	90	90	4742685
579	410	773	90	90	4742691
580	414	773	90	90	4742697
580	418	777	90	90	4742704
580	422	777	90	90	4742710
578	426	781	90	90	4742716
576	430	781	90	90	4742722
573	433	781	90	90	4742729
570	436	785	90	90	4742735
566	439	785	90	90	4742741
561	441	789	90	90	4742747
556	443	793	90	90	4742754
550	445	793	90	90	4742760
545	445	797	90	90	4742766
539	445	797	90	90	4742772
533	445	797	90	90	4742779
528	444	793	90	90	4742785
522	443	789	90	90	4742791
518	441	765	90	90	4742797
513	439	672	90	90	4742804
510	436	535	90	90	4742810
506	433	378	90	90	4742816
504	431	217	90	90	4742822
502	428	26	90	90	4742835
58
794	428	24	90	90	4743486
791	429	149	90	90	4743492
788	429	265	90	90	4743498
786	429	386	90	90	4743505
783	428	511	90	90	4743511
780	428	539	90	90	4743517
776	427	555	90	90	4743523
773	426	567	90	90	4743530
769	424	592	90	90	4743536
766	422	612	90	90	4743542
762	419	636	90	90	4743548
759	416	660	90	90	4743555
756	413	684	90	90	4743561
754	409	708	90	90	4743567
751	405	733	90	90	4743573
750	400	753	90	90	4743580
748	394	769	90	90	4743586
748	389	781	90	90	4743592
748	384	789	90	90	4743598
750	379	797	90	90	4743605
752	374	797	90	90	4743611
755	370	801	90	90	4743617
758	367	797	90	90	4743623
763	365	797	90	90	4743630
768	364	797	90	90	4743636
773	363	793	90	90	4743642
779	362	793	90	90	4743648
784	363	789	90	90	4743655
789	364	793	90	90	4743661
795	365	793	90	90	4743667
799	367	797	90	90	4743673
804	369	801	90	90	4743680
808	371	805	90	90	4743686
812	374	809	90	90	4743692
815	377	817	90	90	4743698
818	380	821	90	90	4743705
820	384	825	90	90	4743711
821	387	833	90	90	4743717
822	391	837	90	90	4743723
822	396	837	90	90	4743730
821	400	841	90	90	4743736
820	404	841	90	90	4743742
818	409	841	90	90	4743748
815	413	845	90	90	4743755
812	417	845	90	90	4743761
808	420	845	90	90	4743767
804	423	849	90	90	4743773
799	425	849	90	90	4743780
794	427	845	90	90	4743786
789	428	845	90	90	4743792
783	429	837	90	90	4743798
778	429	825	90	90	4743805
773	429	785	90	90	4743811
768	428	648	90	90	4743817
763	428	499	90	90	4743823
758	427	342	90	90	4743830
753	426	169	90	90	4743836
749	425	0	90	90	4743848
