4
1
839	612	0	90	90	3513585
140
825	605	60	90	90	3513817
816	605	153	90	90	3513823
811	605	249	90	90	3513829
806	605	285	90	90	3513835
799	604	310	90	90	3513842
793	604	334	90	90	3513848
785	604	342	90	90	3513854
777	604	350	90	90	3513860
769	604	362	90	90	3513867
760	603	366	90	90	3513873
751	603	370	90	90	3513879
741	603	370	90	90	3513885
731	603	378	90	90	3513892
721	603	386	90	90	3513898
711	603	398	90	90	3513904
700	603	414	90	90	3513910
689	603	430	90	90	3513917
678	603	451	90	90	3513923
667	603	463	90	90	3513929
657	603	479	90	90	3513935
646	603	499	90	90	3513942
635	603	511	90	90	3513948
625	603	515	90	90	3513954
615	603	519	90	90	3513960
605	602	519	90	90	3513967
595	602	523	90	90	3513973
586	602	523	90	90	3513979
578	602	527	90	90	3513985
570	602	531	90	90	3513992
562	602	535	90	90	3513998
556	602	539	90	90	3514004
549	602	547	90	90	3514010
544	602	555	90	90	3514017
539	602	567	90	90	3514023
534	602	575	90	90	3514029
530	602	588	90	90	3514035
527	602	592	90	90	3514042
524	602	600	90	90	3514048
521	602	600	90	90	3514054
519	601	604	90	90	3514060
518	600	600	90	90	3514067
516	598	600	90	90	3514073
515	597	600	90	90	3514079
515	595	596	90	90	3514085
514	592	596	90	90	3514092
514	589	596	90	90	3514098
514	586	596	90	90	3514104
514	582	592	90	90	3514110
515	578	592	90	90	3514117
515	574	592	90	90	3514123
515	569	592	90	90	3514129
516	564	592	90	90	3514135
516	558	592	90	90	3514142
517	552	592	90	90	3514148
517	546	588	90	90	3514154
518	540	588	90	90	3514160
518	533	583	90	90	3514167
518	526	583	90	90	3514173
518	519	583	90	90	3514179
518	512	575	90	90	3514185
518	504	575	90	90	3514192
518	497	575	90	90	3514198
518	489	575	90	90	3514204
518	481	583	90	90	3514210
517	474	583	90	90	3514217
517	466	588	90	90	3514223
517	458	592	90	90	3514229
516	450	596	90	90	3514235
516	443	600	90	90	3514242
515	436	600	90	90	3514248
514	428	604	90	90	3514254
514	422	604	90	90	3514260
513	415	608	90	90	3514267
512	409	612	90	90	3514273
512	403	612	90	90	3514279
511	397	612	90	90	3514285
510	392	612	90	90	3514292
510	387	612	90	90	3514298
510	382	616	90	90	3514304
509	378	616	90	90	3514310
509	375	620	90	90	3514317
509	372	620	90	90	3514323
510	369	620	90	90	3514329
510	367	620	90	90	3514335
511	365	620	90	90	3514342
512	363	624	90	90	3514348
513	362	624	90	90	3514354
514	361	624	90	90	3514360
516	360	628	90	90	3514367
518	359	632	90	90	3514373
521	359	636	90	90	3514379
523	359	644	90	90	3514385
526	359	648	90	90	3514392
530	360	656	90	90	3514398
534	361	664	90	90	3514404
538	362	668	90	90	3514410
543	362	676	90	90	3514417
549	363	680	90	90	3514423
555	364	684	90	90	3514429
561	365	692	90	90	3514435
569	366	696	90	90	3514442
576	367	696	90	90	3514448
584	368	700	90	90	3514454
593	369	704	90	90	3514460
602	369	704	90	90	3514467
612	370	708	90	90	3514473
622	370	712	90	90	3514479
632	371	712	90	90	3514485
643	371	720	90	90	3514492
654	371	724	90	90	3514498
666	371	728	90	90	3514504
677	371	737	90	90	3514510
688	371	745	90	90	3514517
700	370	753	90	90	3514523
711	370	761	90	90	3514529
722	369	769	90	90	3514535
733	369	773	90	90	3514542
745	369	781	90	90	3514548
755	368	789	90	90	3514554
766	368	793	90	90	3514560
777	368	797	90	90	3514567
787	368	801	90	90	3514573
797	368	805	90	90	3514579
807	368	809	90	90	3514585
817	368	809	90	90	3514592
825	368	813	90	90	3514598
834	368	813	90	90	3514604
842	369	813	90	90	3514610
849	369	813	90	90	3514617
855	369	809	90	90	3514623
860	369	805	90	90	3514629
865	370	797	90	90	3514635
870	370	785	90	90	3514642
874	370	765	90	90	3514648
877	371	737	90	90	3514654
880	371	676	90	90	3514660
883	372	559	90	90	3514667
885	373	414	90	90	3514673
886	374	265	90	90	3514679
887	375	60	90	90	3514692
30
585	540	36	90	90	3515117
584	542	190	90	90	3515129
583	544	350	90	90	3515142
582	544	396	90	90	3515154
581	542	414	90	90	3515160
581	540	418	90	90	3515167
581	538	422	90	90	3515173
581	535	422	90	90	3515179
581	531	422	90	90	3515185
581	526	422	90	90	3515192
581	521	426	90	90	3515198
581	516	426	90	90	3515204
581	510	426	90	90	3515210
581	504	426	90	90	3515217
582	498	439	90	90	3515223
582	492	447	90	90	3515229
582	486	459	90	90	3515235
583	481	471	90	90	3515242
583	475	487	90	90	3515248
584	470	503	90	90	3515254
584	465	519	90	90	3515260
584	461	527	90	90	3515267
585	457	531	90	90	3515273
585	453	531	90	90	3515279
585	449	523	90	90	3515285
585	447	503	90	90	3515292
585	444	467	90	90	3515298
586	443	402	90	90	3515304
586	441	233	90	90	3515317
586	440	28	90	90	3515329
40
578	486	64	90	90	3515592
579	485	108	90	90	3515598
580	485	136	90	90	3515604
581	485	153	90	90	3515610
583	485	169	90	90	3515617
585	486	193	90	90	3515623
587	486	217	90	90	3515629
590	486	245	90	90	3515635
593	487	273	90	90	3515642
597	488	298	90	90	3515648
602	488	334	90	90	3515654
607	489	362	90	90	3515660
612	490	386	90	90	3515667
618	491	406	90	90	3515673
625	492	430	90	90	3515679
632	493	451	90	90	3515685
639	494	471	90	90	3515692
647	495	499	90	90	3515698
655	496	519	90	90	3515704
664	497	539	90	90	3515710
672	499	563	90	90	3515717
681	499	588	90	90	3515723
691	500	608	90	90	3515729
700	501	628	90	90	3515735
709	502	644	90	90	3515742
719	502	660	90	90	3515748
728	503	676	90	90	3515754
737	503	688	90	90	3515760
746	503	700	90	90	3515767
755	503	708	90	90	3515773
763	503	720	90	90	3515779
771	503	728	90	90	3515785
778	502	728	90	90	3515792
785	502	728	90	90	3515798
791	502	708	90	90	3515804
797	501	664	90	90	3515810
802	501	535	90	90	3515817
806	500	390	90	90	3515823
809	500	245	90	90	3515829
812	500	44	90	90	3515842
4
1
530	467	0	90	90	3648541
170
852	612	56	90	90	3648972
855	611	76	90	90	3648978
856	611	108	90	90	3648984
857	610	158	90	90	3648997
858	609	217	90	90	3649009
857	609	249	90	90	3649016
855	608	261	90	90	3649022
853	608	277	90	90	3649028
851	608	281	90	90	3649034
848	608	285	90	90	3649041
844	608	285	90	90	3649047
840	608	298	90	90	3649053
835	608	306	90	90	3649059
829	608	326	90	90	3649066
823	608	346	90	90	3649072
817	609	366	90	90	3649078
810	609	382	90	90	3649084
802	610	398	90	90	3649091
794	611	418	90	90	3649097
786	611	426	90	90	3649103
777	612	430	90	90	3649109
768	612	430	90	90	3649116
758	612	426	90	90	3649122
748	613	422	90	90	3649128
737	613	418	90	90	3649134
726	613	406	90	90	3649141
714	613	402	90	90	3649147
703	613	398	90	90	3649153
691	613	398	90	90	3649159
680	613	398	90	90	3649166
669	613	402	90	90	3649172
657	613	406	90	90	3649178
646	613	418	90	90	3649184
636	613	422	90	90	3649191
625	612	426	90	90	3649197
614	612	439	90	90	3649203
604	612	443	90	90	3649209
594	611	451	90	90	3649216
585	611	459	90	90	3649222
576	611	467	90	90	3649228
567	610	479	90	90	3649234
559	610	491	90	90	3649241
552	610	499	90	90	3649247
546	610	511	90	90	3649253
539	610	515	90	90	3649259
534	610	523	90	90	3649266
528	610	527	90	90	3649272
523	610	531	90	90	3649278
519	610	535	90	90	3649284
514	610	543	90	90	3649291
510	610	551	90	90	3649297
507	609	559	90	90	3649303
503	609	567	90	90	3649309
501	609	571	90	90	3649316
498	608	575	90	90	3649322
496	608	588	90	90	3649328
495	608	592	90	90	3649334
493	607	596	90	90	3649341
492	606	596	90	90	3649347
492	605	596	90	90	3649353
491	604	596	90	90	3649359
491	602	596	90	90	3649366
491	600	596	90	90	3649372
491	597	592	90	90	3649378
491	595	592	90	90	3649384
492	592	588	90	90	3649391
492	588	588	90	90	3649397
493	585	588	90	90	3649403
493	580	588	90	90	3649409
494	576	583	90	90	3649416
495	571	583	90	90	3649422
495	566	583	90	90	3649428
495	561	583	90	90	3649434
496	555	583	90	90	3649441
496	548	575	90	90	3649447
496	542	575	90	90	3649453
496	535	571	90	90	3649459
496	528	571	90	90	3649466
495	521	567	90	90	3649472
495	513	567	90	90	3649478
495	506	563	90	90	3649484
495	499	563	90	90	3649491
494	492	563	90	90	3649497
494	485	559	90	90	3649503
494	478	559	90	90	3649509
493	471	559	90	90	3649516
492	463	559	90	90	3649522
492	456	559	90	90	3649528
491	448	559	90	90	3649534
490	440	559	90	90	3649541
489	432	559	90	90	3649547
488	425	559	90	90	3649553
487	417	559	90	90	3649559
486	410	559	90	90	3649566
485	402	559	90	90	3649572
484	395	563	90	90	3649578
483	388	563	90	90	3649584
483	382	563	90	90	3649591
482	376	563	90	90	3649597
482	369	563	90	90	3649603
481	363	563	90	90	3649609
481	358	563	90	90	3649616
481	352	567	90	90	3649622
480	347	567	90	90	3649628
480	342	567	90	90	3649634
480	337	571	90	90	3649641
480	333	571	90	90	3649647
480	329	575	90	90	3649653
480	326	583	90	90	3649659
480	323	583	90	90	3649666
481	320	588	90	90	3649672
481	318	592	90	90	3649678
482	317	596	90	90	3649684
483	315	600	90	90	3649691
484	315	604	90	90	3649697
485	314	608	90	90	3649703
487	314	608	90	90	3649709
489	314	612	90	90	3649716
491	315	612	90	90	3649722
493	316	612	90	90	3649728
496	317	612	90	90	3649734
499	318	612	90	90	3649741
502	319	608	90	90	3649747
506	321	608	90	90	3649753
510	323	608	90	90	3649759
514	325	604	90	90	3649766
519	327	604	90	90	3649772
524	329	604	90	90	3649778
530	331	604	90	90	3649784
535	332	604	90	90	3649791
541	334	608	90	90	3649797
547	336	608	90	90	3649803
554	337	608	90	90	3649809
561	338	608	90	90	3649816
569	339	612	90	90	3649822
577	341	616	90	90	3649828
585	342	616	90	90	3649834
595	342	620	90	90	3649841
604	343	628	90	90	3649847
614	344	636	90	90	3649853
625	345	648	90	90	3649859
635	345	660	90	90	3649866
647	346	672	90	90	3649872
658	346	684	90	90	3649878
670	346	696	90	90	3649884
682	347	708	90	90	3649891
694	347	720	90	90	3649897
706	347	728	90	90	3649903
719	348	737	90	90	3649909
731	348	741	90	90	3649916
744	348	749	90	90	3649922
756	347	753	90	90	3649928
768	347	757	90	90	3649934
780	347	761	90	90	3649941
792	346	761	90	90	3649947
804	346	765	90	90	3649953
815	346	765	90	90	3649959
826	345	769	90	90	3649966
836	344	769	90	90	3649972
845	344	773	90	90	3649978
855	343	773	90	90	3649984
863	343	769	90	90	3649991
871	342	765	90	90	3649997
878	342	749	90	90	3650003
884	342	724	90	90	3650009
890	342	668	90	90	3650016
895	342	559	90	90	3650022
899	342	414	90	90	3650028
902	342	273	90	90	3650034
904	343	62	90	90	3650047
28
579	542	28	90	90	3650516
578	543	215	90	90	3650534
578	541	338	90	90	3650541
578	540	354	90	90	3650547
578	538	366	90	90	3650553
578	535	370	90	90	3650559
578	532	374	90	90	3650566
578	527	378	90	90	3650572
578	522	378	90	90	3650578
578	517	382	90	90	3650584
578	510	382	90	90	3650591
578	504	386	90	90	3650597
578	497	394	90	90	3650603
578	490	406	90	90	3650609
577	483	422	90	90	3650616
577	476	439	90	90	3650622
576	469	455	90	90	3650628
576	462	467	90	90	3650634
575	455	487	90	90	3650641
574	448	503	90	90	3650647
574	442	515	90	90	3650653
573	437	515	90	90	3650659
573	432	511	90	90	3650666
572	428	499	90	90	3650672
572	424	467	90	90	3650678
571	421	418	90	90	3650684
571	419	306	90	90	3650691
571	418	89	90	90	3650709
38
574	479	70	90	90	3650997
574	478	171	90	90	3651009
575	477	225	90	90	3651016
576	477	257	90	90	3651022
578	477	294	90	90	3651028
580	477	338	90	90	3651034
583	477	370	90	90	3651041
586	477	394	90	90	3651047
590	478	422	90	90	3651053
594	478	443	90	90	3651059
600	479	455	90	90	3651066
606	480	467	90	90	3651072
612	481	475	90	90	3651078
619	482	487	90	90	3651084
627	483	491	90	90	3651091
636	484	499	90	90	3651097
645	485	499	90	90	3651103
655	486	503	90	90	3651109
665	487	503	90	90	3651116
675	488	503	90	90	3651122
687	489	511	90	90	3651128
698	489	515	90	90	3651134
709	490	523	90	90	3651141
721	490	535	90	90	3651147
732	491	547	90	90	3651153
743	491	563	90	90	3651159
754	491	583	90	90	3651166
764	490	604	90	90	3651172
774	490	624	90	90	3651178
784	490	640	90	90	3651184
793	490	656	90	90	3651191
802	489	664	90	90	3651197
809	489	660	90	90	3651203
817	488	616	90	90	3651209
823	488	487	90	90	3651216
829	488	350	90	90	3651222
833	488	209	90	90	3651228
837	488	30	90	90	3651241
4
1
828	613	0	90	90	3801681
130
819	592	72	90	90	3802024
816	592	173	90	90	3802031
813	591	277	90	90	3802037
811	591	370	90	90	3802043
808	591	382	90	90	3802049
804	591	386	90	90	3802056
800	591	386	90	90	3802062
796	590	386	90	90	3802068
791	590	390	90	90	3802074
786	590	390	90	90	3802081
780	590	390	90	90	3802087
773	589	390	90	90	3802093
766	589	394	90	90	3802099
758	589	394	90	90	3802106
749	588	398	90	90	3802112
740	588	406	90	90	3802118
731	588	414	90	90	3802124
721	587	422	90	90	3802131
711	587	430	90	90	3802137
700	587	443	90	90	3802143
690	586	451	90	90	3802149
679	586	455	90	90	3802156
668	586	459	90	90	3802162
657	586	459	90	90	3802168
646	585	459	90	90	3802174
635	585	459	90	90	3802181
625	585	459	90	90	3802187
614	585	459	90	90	3802193
604	585	459	90	90	3802199
594	584	463	90	90	3802206
585	584	467	90	90	3802212
576	584	471	90	90	3802218
568	584	479	90	90	3802224
560	584	491	90	90	3802231
553	585	503	90	90	3802237
546	585	519	90	90	3802243
541	585	531	90	90	3802249
535	585	543	90	90	3802256
531	585	551	90	90	3802262
527	584	563	90	90	3802268
523	584	571	90	90	3802274
520	584	575	90	90	3802281
517	583	583	90	90	3802287
515	582	588	90	90	3802293
513	581	588	90	90	3802299
511	579	588	90	90	3802306
509	577	588	90	90	3802312
508	575	592	90	90	3802318
507	572	592	90	90	3802324
506	568	600	90	90	3802331
505	564	604	90	90	3802337
504	560	612	90	90	3802343
504	554	620	90	90	3802349
503	549	628	90	90	3802356
502	543	632	90	90	3802362
502	536	640	90	90	3802368
501	529	644	90	90	3802374
500	522	648	90	90	3802381
499	515	648	90	90	3802387
498	507	652	90	90	3802393
497	499	652	90	90	3802399
496	492	656	90	90	3802406
495	484	656	90	90	3802412
494	476	660	90	90	3802418
493	468	664	90	90	3802424
492	461	668	90	90	3802431
491	453	672	90	90	3802437
490	447	676	90	90	3802443
489	440	680	90	90	3802449
488	434	680	90	90	3802456
487	428	684	90	90	3802462
487	422	684	90	90	3802468
486	417	688	90	90	3802474
485	412	688	90	90	3802481
485	407	692	90	90	3802487
484	403	692	90	90	3802493
484	399	692	90	90	3802499
484	395	688	90	90	3802506
484	392	688	90	90	3802512
484	389	684	90	90	3802518
484	386	680	90	90	3802524
484	384	676	90	90	3802531
485	381	668	90	90	3802537
486	379	664	90	90	3802543
487	378	660	90	90	3802549
489	376	660	90	90	3802556
490	375	660	90	90	3802562
492	374	660	90	90	3802568
494	373	660	90	90	3802574
497	372	660	90	90	3802581
500	372	660	90	90	3802587
504	371	660	90	90	3802593
508	371	664	90	90	3802599
513	371	664	90	90	3802606
519	371	664	90	90	3802612
525	371	664	90	90	3802618
532	372	668	90	90	3802624
539	372	668	90	90	3802631
547	373	668	90	90	3802637
556	373	668	90	90	3802643
566	374	672	90	90	3802649
576	375	672	90	90	3802656
587	375	676	90	90	3802662
598	376	676	90	90	3802668
610	376	680	90	90	3802674
622	377	684	90	90	3802681
635	377	688	90	90	3802687
648	377	692	90	90	3802693
661	377	700	90	90	3802699
674	377	704	90	90	3802706
686	377	712	90	90	3802712
699	377	724	90	90	3802718
711	377	733	90	90	3802724
723	377	737	90	90	3802731
735	377	745	90	90	3802737
746	377	753	90	90	3802743
756	377	757	90	90	3802749
766	376	761	90	90	3802756
776	376	765	90	90	3802762
785	376	769	90	90	3802768
793	376	769	90	90	3802774
800	377	765	90	90	3802781
806	377	761	90	90	3802787
812	377	745	90	90	3802793
817	378	712	90	90	3802799
822	378	640	90	90	3802806
825	379	503	90	90	3802812
827	380	354	90	90	3802818
829	382	205	90	90	3802824
830	383	26	90	90	3802837
32
570	524	56	90	90	3803299
568	524	211	90	90	3803312
567	524	372	90	90	3803324
566	523	400	90	90	3803337
565	521	418	90	90	3803343
565	520	426	90	90	3803349
565	518	430	90	90	3803356
565	516	443	90	90	3803362
564	513	451	90	90	3803368
564	510	455	90	90	3803374
564	507	463	90	90	3803381
564	503	467	90	90	3803387
565	499	471	90	90	3803393
565	495	479	90	90	3803399
565	491	491	90	90	3803406
565	486	511	90	90	3803412
565	482	527	90	90	3803418
564	477	543	90	90	3803424
564	473	559	90	90	3803431
563	469	575	90	90	3803437
563	465	592	90	90	3803443
562	461	604	90	90	3803449
562	457	616	90	90	3803456
561	453	620	90	90	3803462
560	450	624	90	90	3803468
560	447	628	90	90	3803474
559	444	628	90	90	3803481
559	441	620	90	90	3803487
558	439	608	90	90	3803493
558	437	571	90	90	3803499
558	436	515	90	90	3803506
558	435	156	90	90	3803537
44
564	481	76	90	90	3803843
565	480	177	90	90	3803849
567	480	285	90	90	3803856
568	480	334	90	90	3803862
570	480	370	90	90	3803868
572	480	402	90	90	3803874
575	480	430	90	90	3803881
579	480	451	90	90	3803887
583	481	463	90	90	3803893
587	481	471	90	90	3803899
591	481	475	90	90	3803906
597	482	479	90	90	3803912
602	482	479	90	90	3803918
608	483	491	90	90	3803924
614	483	499	90	90	3803931
621	484	503	90	90	3803937
628	484	519	90	90	3803943
635	484	527	90	90	3803949
642	485	535	90	90	3803956
650	485	543	90	90	3803962
657	485	551	90	90	3803968
665	485	563	90	90	3803974
672	484	571	90	90	3803981
680	484	588	90	90	3803987
688	484	600	90	90	3803993
695	484	616	90	90	3803999
703	484	632	90	90	3804006
710	484	648	90	90	3804012
717	484	664	90	90	3804018
724	484	676	90	90	3804024
730	484	688	90	90	3804031
736	484	700	90	90	3804037
743	484	704	90	90	3804043
748	483	708	90	90	3804049
753	483	712	90	90	3804056
758	482	712	90	90	3804062
762	482	712	90	90	3804068
767	481	708	90	90	3804074
770	480	696	90	90	3804081
774	479	664	90	90	3804087
776	479	539	90	90	3804093
779	478	394	90	90	3804099
781	478	257	90	90	3804106
782	478	52	90	90	3804118
4
1
693	556	0	90	90	3928213
143
843	573	12	90	90	3928544
834	573	52	90	90	3928550
829	573	92	90	90	3928556
823	573	140	90	90	3928563
816	573	181	90	90	3928569
809	572	229	90	90	3928575
802	572	265	90	90	3928581
794	572	294	90	90	3928588
786	572	310	90	90	3928594
777	571	326	90	90	3928600
768	571	342	90	90	3928606
758	570	342	90	90	3928613
748	570	338	90	90	3928619
737	569	326	90	90	3928625
726	568	318	90	90	3928631
715	567	298	90	90	3928638
703	566	281	90	90	3928644
691	565	261	90	90	3928650
679	564	245	90	90	3928656
666	563	229	90	90	3928663
654	562	213	90	90	3928669
641	561	197	90	90	3928675
628	561	193	90	90	3928681
615	560	189	90	90	3928688
602	560	189	90	90	3928694
589	559	193	90	90	3928700
576	558	209	90	90	3928706
564	558	225	90	90	3928713
552	557	245	90	90	3928719
539	557	261	90	90	3928725
528	556	285	90	90	3928731
517	556	306	90	90	3928738
506	556	334	90	90	3928744
497	555	354	90	90	3928750
488	555	370	90	90	3928756
479	555	386	90	90	3928763
472	555	398	90	90	3928769
465	556	406	90	90	3928775
459	556	418	90	90	3928781
454	556	422	90	90	3928788
451	556	430	90	90	3928794
447	557	430	90	90	3928800
445	557	439	90	90	3928806
443	557	439	90	90	3928813
441	557	439	90	90	3928819
440	557	441	90	90	3928831
439	556	447	90	90	3928838
439	555	451	90	90	3928844
439	553	459	90	90	3928850
440	551	467	90	90	3928856
440	548	479	90	90	3928863
440	545	491	90	90	3928869
441	541	511	90	90	3928875
442	536	519	90	90	3928881
442	531	527	90	90	3928888
443	525	535	90	90	3928894
444	519	539	90	90	3928900
444	513	539	90	90	3928906
445	506	543	90	90	3928913
445	498	547	90	90	3928919
446	490	547	90	90	3928925
446	482	551	90	90	3928931
446	474	555	90	90	3928938
446	465	563	90	90	3928944
446	456	571	90	90	3928950
446	447	583	90	90	3928956
446	437	596	90	90	3928963
445	428	604	90	90	3928969
445	419	616	90	90	3928975
444	409	628	90	90	3928981
443	400	640	90	90	3928988
443	390	648	90	90	3928994
442	381	656	90	90	3929000
441	371	668	90	90	3929006
440	362	680	90	90	3929013
440	353	688	90	90	3929019
439	344	692	90	90	3929025
438	336	700	90	90	3929031
437	327	700	90	90	3929038
436	320	704	90	90	3929044
435	313	708	90	90	3929050
434	306	712	90	90	3929056
434	299	712	90	90	3929063
433	294	712	90	90	3929069
433	288	712	90	90	3929075
433	283	708	90	90	3929081
433	279	708	90	90	3929088
433	275	708	90	90	3929094
434	271	708	90	90	3929100
435	268	704	90	90	3929106
437	265	704	90	90	3929113
439	263	704	90	90	3929119
441	262	704	90	90	3929125
444	261	704	90	90	3929131
448	260	704	90	90	3929138
452	259	704	90	90	3929144
457	259	708	90	90	3929150
463	260	708	90	90	3929156
469	260	704	90	90	3929163
477	261	700	90	90	3929169
485	263	696	90	90	3929175
493	264	692	90	90	3929181
503	265	684	90	90	3929188
512	267	672	90	90	3929194
523	268	656	90	90	3929200
533	270	644	90	90	3929206
544	271	628	90	90	3929213
556	272	616	90	90	3929219
567	273	608	90	90	3929225
579	274	600	90	90	3929231
590	275	596	90	90	3929238
602	275	592	90	90	3929244
614	276	596	90	90	3929250
626	276	600	90	90	3929256
638	275	604	90	90	3929263
650	275	608	90	90	3929269
662	275	612	90	90	3929275
674	275	620	90	90	3929281
686	274	624	90	90	3929288
698	274	628	90	90	3929294
711	273	636	90	90	3929300
722	273	640	90	90	3929306
734	272	648	90	90	3929313
746	272	652	90	90	3929319
757	271	660	90	90	3929325
767	271	668	90	90	3929331
778	270	672	90	90	3929338
788	269	676	90	90	3929344
798	268	680	90	90	3929350
807	267	680	90	90	3929356
816	266	684	90	90	3929363
825	266	688	90	90	3929369
833	265	688	90	90	3929375
841	265	692	90	90	3929381
849	264	692	90	90	3929388
855	264	692	90	90	3929394
861	263	684	90	90	3929400
866	263	660	90	90	3929406
871	263	588	90	90	3929413
874	263	455	90	90	3929419
877	263	318	90	90	3929425
878	263	173	90	90	3929431
879	264	14	90	90	3929444
34
529	498	28	90	90	3930316
529	496	108	90	90	3930322
529	494	193	90	90	3930328
529	492	217	90	90	3930334
530	490	249	90	90	3930341
530	487	277	90	90	3930347
531	484	302	90	90	3930353
531	480	326	90	90	3930359
532	475	346	90	90	3930366
533	470	370	90	90	3930372
533	464	386	90	90	3930378
534	458	398	90	90	3930384
534	451	418	90	90	3930391
535	444	430	90	90	3930397
535	437	451	90	90	3930403
536	430	467	90	90	3930409
536	423	491	90	90	3930416
536	416	519	90	90	3930422
536	408	535	90	90	3930428
537	402	555	90	90	3930434
537	395	571	90	90	3930441
537	388	592	90	90	3930447
538	382	604	90	90	3930453
538	376	612	90	90	3930459
538	371	620	90	90	3930466
538	365	624	90	90	3930472
538	360	628	90	90	3930478
537	356	628	90	90	3930484
537	352	628	90	90	3930491
537	348	612	90	90	3930497
537	345	583	90	90	3930503
537	342	511	90	90	3930509
537	340	382	90	90	3930516
537	339	95	90	90	3930541
41
536	420	54	90	90	3930953
536	421	332	90	90	3931041
538	421	479	90	90	3931047
539	421	511	90	90	3931053
540	422	531	90	90	3931059
541	422	551	90	90	3931066
544	422	567	90	90	3931072
546	422	583	90	90	3931078
549	423	592	90	90	3931084
553	423	600	90	90	3931091
557	423	604	90	90	3931097
562	424	608	90	90	3931103
567	424	612	90	90	3931109
573	425	612	90	90	3931116
580	425	616	90	90	3931122
587	426	620	90	90	3931128
595	427	624	90	90	3931134
603	428	628	90	90	3931141
611	428	632	90	90	3931147
620	429	636	90	90	3931153
630	430	640	90	90	3931159
639	431	644	90	90	3931166
649	431	644	90	90	3931172
659	432	648	90	90	3931178
669	432	652	90	90	3931184
679	433	656	90	90	3931191
689	433	660	90	90	3931197
698	433	664	90	90	3931203
707	433	668	90	90	3931209
716	433	672	90	90	3931216
725	433	676	90	90	3931222
734	433	676	90	90	3931228
741	433	680	90	90	3931234
749	433	676	90	90	3931241
755	433	672	90	90	3931247
761	432	656	90	90	3931253
767	432	612	90	90	3931259
771	432	479	90	90	3931266
775	432	350	90	90	3931272
778	432	209	90	90	3931278
780	432	32	90	90	3931291
4
1
588	505	0	90	90	4077628
161
867	589	36	90	90	4078228
867	590	182	90	90	4078240
866	591	334	90	90	4078253
864	592	354	90	90	4078259
863	592	370	90	90	4078265
861	592	382	90	90	4078271
860	592	394	90	90	4078278
857	592	406	90	90	4078284
855	592	418	90	90	4078290
851	591	426	90	90	4078296
848	591	430	90	90	4078303
844	590	439	90	90	4078309
839	590	447	90	90	4078315
833	589	455	90	90	4078321
827	589	463	90	90	4078328
821	589	471	90	90	4078334
814	588	479	90	90	4078340
806	588	491	90	90	4078346
797	587	511	90	90	4078353
788	587	519	90	90	4078359
778	587	527	90	90	4078365
768	586	535	90	90	4078371
758	586	543	90	90	4078378
747	585	551	90	90	4078384
736	585	559	90	90	4078390
724	584	563	90	90	4078396
712	584	571	90	90	4078403
700	584	575	90	90	4078409
688	583	575	90	90	4078415
676	583	583	90	90	4078421
663	583	575	90	90	4078428
651	582	575	90	90	4078434
638	582	571	90	90	4078440
625	581	567	90	90	4078446
612	581	567	90	90	4078453
599	580	567	90	90	4078459
587	580	571	90	90	4078465
574	579	575	90	90	4078471
563	579	583	90	90	4078478
551	579	588	90	90	4078484
541	578	592	90	90	4078490
531	578	596	90	90	4078496
522	578	600	90	90	4078503
513	578	604	90	90	4078509
505	577	608	90	90	4078515
498	577	608	90	90	4078521
492	577	608	90	90	4078528
486	577	612	90	90	4078534
481	577	612	90	90	4078540
477	577	612	90	90	4078546
474	578	612	90	90	4078553
471	578	612	90	90	4078559
469	578	608	90	90	4078565
467	577	604	90	90	4078571
466	577	600	90	90	4078578
465	577	596	90	90	4078584
465	576	592	90	90	4078590
464	574	588	90	90	4078596
464	573	588	90	90	4078603
464	570	588	90	90	4078609
464	568	588	90	90	4078615
465	565	588	90	90	4078621
465	561	592	90	90	4078628
466	557	592	90	90	4078634
466	552	596	90	90	4078640
467	547	596	90	90	4078646
468	542	600	90	90	4078653
469	536	600	90	90	4078659
469	530	600	90	90	4078665
470	523	600	90	90	4078671
471	517	600	90	90	4078678
471	510	600	90	90	4078684
472	503	604	90	90	4078690
472	495	604	90	90	4078696
472	488	608	90	90	4078703
473	480	612	90	90	4078709
473	472	616	90	90	4078715
473	464	620	90	90	4078721
473	455	628	90	90	4078728
473	447	632	90	90	4078734
472	439	640	90	90	4078740
472	430	644	90	90	4078746
472	422	652	90	90	4078753
472	415	656	90	90	4078759
472	407	660	90	90	4078765
472	400	664	90	90	4078771
472	393	664	90	90	4078778
472	386	668	90	90	4078784
472	380	668	90	90	4078790
472	374	668	90	90	4078796
472	368	668	90	90	4078803
473	362	664	90	90	4078809
473	357	664	90	90	4078815
473	353	664	90	90	4078821
474	349	660	90	90	4078828
474	345	660	90	90	4078834
475	341	656	90	90	4078840
476	338	652	90	90	4078846
477	335	648	90	90	4078853
478	332	644	90	90	4078859
479	330	636	90	90	4078865
480	328	632	90	90	4078871
481	326	628	90	90	4078878
483	324	628	90	90	4078884
485	323	624	90	90	4078890
487	322	620	90	90	4078896
489	321	620	90	90	4078903
491	320	620	90	90	4078909
494	320	616	90	90	4078915
497	320	616	90	90	4078921
501	320	616	90	90	4078928
505	320	616	90	90	4078934
509	321	620	90	90	4078940
514	321	620	90	90	4078946
520	322	620	90	90	4078953
526	323	620	90	90	4078959
532	325	624	90	90	4078965
539	326	624	90	90	4078971
546	327	628	90	90	4078978
554	329	628	90	90	4078984
562	331	628	90	90	4078990
571	332	632	90	90	4078996
580	334	632	90	90	4079003
589	336	636	90	90	4079009
599	337	636	90	90	4079015
609	339	640	90	90	4079021
620	340	640	90	90	4079028
631	342	640	90	90	4079034
642	343	640	90	90	4079040
653	344	640	90	90	4079046
664	346	640	90	90	4079053
675	347	640	90	90	4079059
687	348	640	90	90	4079065
698	349	640	90	90	4079071
709	349	640	90	90	4079078
721	350	640	90	90	4079084
731	351	644	90	90	4079090
742	352	648	90	90	4079096
753	352	652	90	90	4079103
763	353	660	90	90	4079109
773	354	664	90	90	4079115
783	354	672	90	90	4079121
793	354	680	90	90	4079128
802	355	688	90	90	4079134
811	355	696	90	90	4079140
819	355	704	90	90	4079146
827	356	712	90	90	4079153
835	356	724	90	90	4079159
842	356	733	90	90	4079165
848	356	741	90	90	4079171
855	356	745	90	90	4079178
861	357	749	90	90	4079184
866	357	753	90	90	4079190
871	357	753	90	90	4079196
876	357	745	90	90	4079203
880	358	733	90	90	4079209
883	358	700	90	90	4079215
886	358	620	90	90	4079221
888	359	475	90	90	4079228
890	359	259	90	90	4079240
891	361	16	90	90	4079253
29
564	524	12	90	90	4079615
563	521	104	90	90	4079621
563	519	193	90	90	4079628
563	516	285	90	90	4079634
563	512	298	90	90	4079640
564	508	310	90	90	4079646
564	504	334	90	90	4079653
565	499	350	90	90	4079659
566	493	374	90	90	4079665
567	488	390	90	90	4079671
568	482	406	90	90	4079678
569	476	426	90	90	4079684
569	469	443	90	90	4079690
570	463	455	90	90	4079696
571	457	467	90	90	4079703
571	451	475	90	90	4079709
571	444	491	90	90	4079715
572	438	503	90	90	4079721
572	433	515	90	90	4079728
572	428	523	90	90	4079734
572	423	527	90	90	4079740
572	418	531	90	90	4079746
573	415	531	90	90	4079753
573	411	523	90	90	4079759
573	408	499	90	90	4079765
574	406	451	90	90	4079771
574	404	366	90	90	4079778
575	403	190	90	90	4079790
576	402	4	90	90	4079803
54
563	463	76	90	90	4080021
564	464	138	90	90	4080034
566	464	157	90	90	4080040
567	464	173	90	90	4080046
569	464	197	90	90	4080053
570	464	225	90	90	4080059
572	464	249	90	90	4080065
574	464	281	90	90	4080071
575	464	306	90	90	4080078
577	464	346	90	90	4080084
579	464	378	90	90	4080090
581	464	406	90	90	4080096
584	465	443	90	90	4080103
586	465	467	90	90	4080109
590	465	499	90	90	4080115
593	465	519	90	90	4080121
597	465	535	90	90	4080128
602	466	547	90	90	4080134
608	466	555	90	90	4080140
614	466	563	90	90	4080146
620	467	567	90	90	4080153
627	467	571	90	90	4080159
635	468	571	90	90	4080165
643	469	575	90	90	4080171
652	469	575	90	90	4080178
661	470	583	90	90	4080184
671	471	583	90	90	4080190
681	472	588	90	90	4080196
692	473	588	90	90	4080203
703	474	592	90	90	4080209
714	475	596	90	90	4080215
726	476	600	90	90	4080221
737	477	608	90	90	4080228
749	478	616	90	90	4080234
760	479	624	90	90	4080240
771	480	636	90	90	4080246
782	480	644	90	90	4080253
793	481	656	90	90	4080259
803	482	664	90	90	4080265
813	482	672	90	90	4080271
822	483	680	90	90	4080278
831	483	688	90	90	4080284
839	483	692	90	90	4080290
846	483	696	90	90	4080296
853	484	696	90	90	4080303
859	484	696	90	90	4080309
864	484	692	90	90	4080315
869	484	680	90	90	4080321
874	483	652	90	90	4080328
877	483	596	90	90	4080334
880	483	459	90	90	4080340
882	483	318	90	90	4080346
884	483	173	90	90	4080353
885	483	14	90	90	4080365
4
1
579	569	0	90	90	4235685
144
830	604	8	90	90	4236016
832	604	160	90	90	4236028
834	604	333	90	90	4236047
833	605	418	90	90	4236053
831	605	443	90	90	4236060
829	605	459	90	90	4236066
827	605	467	90	90	4236072
824	605	463	90	90	4236078
820	605	459	90	90	4236085
815	605	455	90	90	4236091
810	605	451	90	90	4236097
804	605	455	90	90	4236103
798	605	459	90	90	4236110
791	605	467	90	90	4236116
784	606	479	90	90	4236122
776	606	499	90	90	4236128
768	606	511	90	90	4236135
759	607	523	90	90	4236141
749	607	527	90	90	4236147
739	607	535	90	90	4236153
729	607	539	90	90	4236160
718	607	539	90	90	4236166
707	607	535	90	90	4236172
695	607	531	90	90	4236178
682	606	523	90	90	4236185
670	606	515	90	90	4236191
657	605	511	90	90	4236197
644	605	499	90	90	4236203
631	604	491	90	90	4236210
618	603	487	90	90	4236216
605	602	487	90	90	4236222
592	602	487	90	90	4236228
580	601	487	90	90	4236235
568	600	491	90	90	4236241
557	600	491	90	90	4236247
546	599	491	90	90	4236253
536	597	491	90	90	4236260
525	596	491	90	90	4236266
516	595	491	90	90	4236272
507	593	491	90	90	4236278
499	592	487	90	90	4236285
491	591	479	90	90	4236291
484	590	475	90	90	4236297
479	589	471	90	90	4236303
474	588	459	90	90	4236310
470	588	447	90	90	4236316
467	588	426	90	90	4236322
464	588	406	90	90	4236328
462	587	394	90	90	4236335
460	587	378	90	90	4236341
459	586	370	90	90	4236347
457	585	366	90	90	4236353
457	584	370	90	90	4236360
456	582	378	90	90	4236366
456	580	390	90	90	4236372
456	577	406	90	90	4236378
457	573	430	90	90	4236385
457	568	455	90	90	4236391
458	563	479	90	90	4236397
459	558	515	90	90	4236403
460	551	539	90	90	4236410
461	545	563	90	90	4236416
462	537	592	90	90	4236422
463	530	612	90	90	4236428
464	522	632	90	90	4236435
465	513	652	90	90	4236441
466	505	668	90	90	4236447
467	496	680	90	90	4236453
468	487	692	90	90	4236460
469	477	700	90	90	4236466
470	468	708	90	90	4236472
471	458	712	90	90	4236478
471	447	720	90	90	4236485
471	437	724	90	90	4236491
472	426	724	90	90	4236497
472	415	728	90	90	4236503
472	404	733	90	90	4236510
472	393	733	90	90	4236516
472	383	733	90	90	4236522
472	372	733	90	90	4236528
471	361	733	90	90	4236535
471	351	733	90	90	4236541
471	341	733	90	90	4236547
470	331	733	90	90	4236553
470	322	733	90	90	4236560
469	313	733	90	90	4236566
469	305	737	90	90	4236572
468	296	737	90	90	4236578
468	289	737	90	90	4236585
468	282	737	90	90	4236591
469	276	737	90	90	4236597
470	270	737	90	90	4236603
471	265	737	90	90	4236610
473	261	733	90	90	4236616
475	257	733	90	90	4236622
478	254	728	90	90	4236628
481	251	724	90	90	4236635
485	249	720	90	90	4236641
489	247	708	90	90	4236647
494	246	704	90	90	4236653
500	245	700	90	90	4236660
506	245	700	90	90	4236666
513	246	696	90	90	4236672
520	246	696	90	90	4236678
527	247	696	90	90	4236685
535	249	696	90	90	4236691
543	250	700	90	90	4236697
552	252	700	90	90	4236703
560	254	704	90	90	4236710
570	256	708	90	90	4236716
579	258	708	90	90	4236722
589	260	708	90	90	4236728
600	262	712	90	90	4236735
610	264	712	90	90	4236741
621	266	712	90	90	4236747
632	268	712	90	90	4236753
643	269	712	90	90	4236760
653	271	712	90	90	4236766
664	272	712	90	90	4236772
675	274	720	90	90	4236778
685	275	724	90	90	4236785
695	277	728	90	90	4236791
706	278	737	90	90	4236797
715	279	741	90	90	4236803
725	280	749	90	90	4236810
734	281	757	90	90	4236816
743	281	765	90	90	4236822
752	282	769	90	90	4236828
760	283	777	90	90	4236835
768	284	781	90	90	4236841
776	285	785	90	90	4236847
783	285	789	90	90	4236853
790	286	789	90	90	4236860
796	287	789	90	90	4236866
801	287	785	90	90	4236872
806	288	781	90	90	4236878
811	288	769	90	90	4236885
815	289	749	90	90	4236891
819	289	704	90	90	4236897
822	290	636	90	90	4236903
825	291	499	90	90	4236910
827	292	346	90	90	4236916
829	293	193	90	90	4236922
830	294	24	90	90	4236935
31
552	499	16	90	90	4237422
552	494	124	90	90	4237428
552	491	241	90	90	4237435
552	488	302	90	90	4237441
552	484	366	90	90	4237447
552	479	422	90	90	4237453
552	474	479	90	90	4237460
552	468	527	90	90	4237466
553	461	559	90	90	4237472
553	454	588	90	90	4237478
554	447	608	90	90	4237485
555	439	624	90	90	4237491
555	430	632	90	90	4237497
556	422	644	90	90	4237503
557	414	652	90	90	4237510
558	406	656	90	90	4237516
558	398	664	90	90	4237522
558	391	668	90	90	4237528
559	384	672	90	90	4237535
559	377	676	90	90	4237541
559	371	680	90	90	4237547
559	365	680	90	90	4237553
559	359	676	90	90	4237560
559	355	672	90	90	4237566
559	350	664	90	90	4237572
559	346	644	90	90	4237578
559	343	608	90	90	4237585
559	340	547	90	90	4237591
559	338	422	90	90	4237597
559	336	289	90	90	4237603
559	335	56	90	90	4237622
54
558	426	68	90	90	4238091
557	425	164	90	90	4238116
556	425	287	90	90	4238153
555	425	548	90	90	4238210
556	425	644	90	90	4238222
558	426	656	90	90	4238228
559	426	664	90	90	4238235
561	427	672	90	90	4238241
563	427	676	90	90	4238247
566	428	684	90	90	4238253
568	429	688	90	90	4238260
572	429	688	90	90	4238266
575	430	692	90	90	4238272
579	431	692	90	90	4238278
584	431	696	90	90	4238285
589	432	696	90	90	4238291
595	433	696	90	90	4238297
602	435	700	90	90	4238303
609	436	700	90	90	4238310
616	438	700	90	90	4238316
624	439	704	90	90	4238322
633	441	704	90	90	4238328
642	443	704	90	90	4238335
651	444	704	90	90	4238341
660	446	704	90	90	4238347
669	447	704	90	90	4238353
679	448	708	90	90	4238360
688	449	708	90	90	4238366
697	450	708	90	90	4238372
706	451	708	90	90	4238378
714	451	712	90	90	4238385
723	451	720	90	90	4238391
732	451	724	90	90	4238397
740	451	728	90	90	4238403
749	451	737	90	90	4238410
757	451	741	90	90	4238416
765	451	745	90	90	4238422
773	451	753	90	90	4238428
780	450	757	90	90	4238435
788	450	761	90	90	4238441
794	449	765	90	90	4238447
801	449	769	90	90	4238453
806	448	773	90	90	4238460
812	448	777	90	90	4238466
817	448	781	90	90	4238472
821	448	777	90	90	4238478
825	447	777	90	90	4238485
828	447	769	90	90	4238491
831	447	753	90	90	4238497
834	447	708	90	90	4238503
836	447	604	90	90	4238510
837	447	380	90	90	4238522
838	448	153	90	90	4238528
837	449	0	90	90	4238541
4
1
563	545	0	90	90	4362459
147
845	583	8	90	90	4362978
837	585	96	90	90	4362984
832	587	189	90	90	4362990
826	588	277	90	90	4362997
820	590	277	90	90	4363003
814	592	277	90	90	4363009
807	593	281	90	90	4363015
799	595	285	90	90	4363022
792	596	289	90	90	4363028
784	598	289	90	90	4363034
775	599	294	90	90	4363040
766	600	294	90	90	4363047
757	601	294	90	90	4363053
747	601	298	90	90	4363059
736	602	298	90	90	4363065
725	602	298	90	90	4363072
713	603	298	90	90	4363078
701	603	298	90	90	4363084
688	604	302	90	90	4363090
675	604	306	90	90	4363097
662	605	310	90	90	4363103
649	606	318	90	90	4363109
636	606	322	90	90	4363115
623	607	326	90	90	4363122
610	608	338	90	90	4363128
598	608	342	90	90	4363134
586	608	346	90	90	4363140
575	608	350	90	90	4363147
565	608	350	90	90	4363153
555	608	354	90	90	4363159
545	607	354	90	90	4363165
536	606	354	90	90	4363172
527	604	354	90	90	4363178
519	602	354	90	90	4363184
511	600	350	90	90	4363190
504	598	350	90	90	4363197
497	596	350	90	90	4363203
491	594	350	90	90	4363209
486	592	346	90	90	4363215
482	590	346	90	90	4363222
478	589	346	90	90	4363228
474	587	346	90	90	4363234
472	586	346	90	90	4363240
470	585	350	90	90	4363247
468	583	350	90	90	4363253
466	582	350	90	90	4363259
465	581	350	90	90	4363265
465	579	350	90	90	4363272
464	577	350	90	90	4363278
464	576	346	90	90	4363284
464	573	346	90	90	4363290
465	571	346	90	90	4363297
465	568	346	90	90	4363303
466	565	342	90	90	4363309
466	562	342	90	90	4363315
467	558	342	90	90	4363322
468	553	346	90	90	4363328
468	548	354	90	90	4363334
469	543	366	90	90	4363340
469	537	378	90	90	4363347
470	530	390	90	90	4363353
470	523	402	90	90	4363359
470	515	418	90	90	4363365
471	507	426	90	90	4363372
472	499	443	90	90	4363378
473	490	447	90	90	4363384
473	481	451	90	90	4363390
474	471	455	90	90	4363397
475	461	455	90	90	4363403
476	451	459	90	90	4363409
477	441	459	90	90	4363415
478	431	463	90	90	4363422
479	421	463	90	90	4363428
480	411	463	90	90	4363434
480	401	467	90	90	4363440
481	392	471	90	90	4363447
481	383	471	90	90	4363453
481	374	471	90	90	4363459
482	366	475	90	90	4363465
482	359	475	90	90	4363472
482	351	479	90	90	4363478
482	345	487	90	90	4363484
481	338	491	90	90	4363490
481	332	499	90	90	4363497
481	327	503	90	90	4363503
480	321	515	90	90	4363509
480	316	519	90	90	4363515
479	311	523	90	90	4363522
479	306	527	90	90	4363528
479	303	531	90	90	4363534
479	299	539	90	90	4363540
479	296	539	90	90	4363547
479	294	543	90	90	4363553
480	292	547	90	90	4363559
481	290	551	90	90	4363565
482	289	555	90	90	4363572
484	288	563	90	90	4363578
486	288	567	90	90	4363584
489	287	571	90	90	4363590
492	287	575	90	90	4363597
496	287	583	90	90	4363603
500	287	588	90	90	4363609
505	287	592	90	90	4363615
511	287	600	90	90	4363622
518	288	604	90	90	4363628
525	289	608	90	90	4363634
532	290	616	90	90	4363640
541	292	616	90	90	4363647
550	294	620	90	90	4363653
559	296	628	90	90	4363659
570	298	632	90	90	4363665
580	300	636	90	90	4363672
591	303	640	90	90	4363678
602	305	644	90	90	4363684
614	307	648	90	90	4363690
626	310	660	90	90	4363697
638	312	664	90	90	4363703
650	315	668	90	90	4363709
663	318	672	90	90	4363715
675	320	680	90	90	4363722
688	323	688	90	90	4363728
700	326	696	90	90	4363734
713	329	708	90	90	4363740
725	331	720	90	90	4363747
737	333	733	90	90	4363753
749	335	745	90	90	4363759
760	337	757	90	90	4363765
771	338	765	90	90	4363772
781	339	773	90	90	4363778
792	339	781	90	90	4363784
801	340	785	90	90	4363790
811	340	789	90	90	4363797
820	340	793	90	90	4363803
829	340	797	90	90	4363809
837	340	801	90	90	4363815
845	340	801	90	90	4363822
852	340	797	90	90	4363828
859	340	797	90	90	4363834
865	341	785	90	90	4363840
871	341	773	90	90	4363847
876	342	745	90	90	4363853
880	342	696	90	90	4363859
883	343	608	90	90	4363865
885	344	459	90	90	4363872
887	345	310	90	90	4363878
888	346	161	90	90	4363884
889	347	6	90	90	4363897
28
522	511	65	90	90	4364422
523	508	165	90	90	4364428
523	505	225	90	90	4364434
523	502	289	90	90	4364440
523	497	362	90	90	4364447
523	491	426	90	90	4364453
523	484	487	90	90	4364459
523	475	539	90	90	4364465
523	465	571	90	90	4364472
523	454	604	90	90	4364478
524	443	628	90	90	4364484
524	431	644	90	90	4364490
525	419	652	90	90	4364497
525	408	660	90	90	4364503
526	397	664	90	90	4364509
527	387	672	90	90	4364515
527	378	676	90	90	4364522
528	370	680	90	90	4364528
528	364	680	90	90	4364534
528	358	680	90	90	4364540
529	354	676	90	90	4364547
529	351	668	90	90	4364553
529	349	652	90	90	4364559
529	347	560	90	90	4364578
529	348	386	90	90	4364584
529	350	253	90	90	4364590
528	353	120	90	90	4364597
528	356	0	90	90	4364609
41
520	430	36	90	90	4364872
519	431	116	90	90	4364884
520	430	181	90	90	4364890
521	430	229	90	90	4364897
522	430	265	90	90	4364903
524	429	302	90	90	4364909
526	429	350	90	90	4364915
530	429	394	90	90	4364922
533	429	439	90	90	4364928
538	429	475	90	90	4364934
544	430	519	90	90	4364940
550	430	551	90	90	4364947
558	431	583	90	90	4364953
566	432	608	90	90	4364959
575	434	628	90	90	4364965
585	435	644	90	90	4364972
595	436	660	90	90	4364978
607	437	672	90	90	4364984
618	439	680	90	90	4364990
630	440	688	90	90	4364997
643	441	692	90	90	4365003
655	442	696	90	90	4365009
667	444	700	90	90	4365015
679	445	700	90	90	4365022
691	446	704	90	90	4365028
703	448	708	90	90	4365034
714	449	712	90	90	4365040
725	451	720	90	90	4365047
735	452	724	90	90	4365053
745	453	728	90	90	4365059
754	454	733	90	90	4365065
763	455	737	90	90	4365072
771	456	737	90	90	4365078
778	457	728	90	90	4365084
785	457	712	90	90	4365090
791	458	680	90	90	4365097
796	458	616	90	90	4365103
800	458	475	90	90	4365109
803	458	334	90	90	4365115
805	458	181	90	90	4365122
806	458	18	90	90	4365134
4
1
591	534	0	90	90	4514766
150
836	617	28	90	90	4515166
834	617	40	90	90	4515172
832	617	56	90	90	4515178
830	617	64	90	90	4515184
828	617	76	90	90	4515191
826	617	92	90	90	4515197
822	616	108	90	90	4515203
818	616	132	90	90	4515209
814	616	144	90	90	4515216
809	615	153	90	90	4515222
802	615	161	90	90	4515228
795	614	169	90	90	4515234
787	613	177	90	90	4515241
778	613	189	90	90	4515247
768	613	205	90	90	4515253
757	613	229	90	90	4515259
745	613	253	90	90	4515266
733	613	277	90	90	4515272
721	613	302	90	90	4515278
708	614	326	90	90	4515284
695	614	350	90	90	4515291
682	614	374	90	90	4515297
669	614	386	90	90	4515303
655	614	394	90	90	4515309
642	614	402	90	90	4515316
628	613	406	90	90	4515322
615	613	414	90	90	4515328
601	612	418	90	90	4515334
588	611	418	90	90	4515341
576	610	422	90	90	4515347
564	610	422	90	90	4515353
553	609	422	90	90	4515359
542	609	426	90	90	4515366
531	608	426	90	90	4515372
522	608	426	90	90	4515378
513	608	426	90	90	4515384
505	608	430	90	90	4515391
497	608	430	90	90	4515397
490	607	430	90	90	4515403
484	606	439	90	90	4515409
479	606	439	90	90	4515416
474	605	439	90	90	4515422
471	604	439	90	90	4515428
468	603	439	90	90	4515434
466	602	439	90	90	4515441
464	600	430	90	90	4515447
463	598	430	90	90	4515453
462	596	430	90	90	4515459
462	593	430	90	90	4515466
462	590	439	90	90	4515472
463	586	443	90	90	4515478
464	581	447	90	90	4515484
464	576	455	90	90	4515491
465	569	459	90	90	4515497
466	563	467	90	90	4515503
467	555	471	90	90	4515509
468	547	475	90	90	4515516
469	538	475	90	90	4515522
470	528	475	90	90	4515528
471	519	475	90	90	4515534
471	509	475	90	90	4515541
472	498	475	90	90	4515547
472	488	475	90	90	4515553
473	478	475	90	90	4515559
473	467	475	90	90	4515566
474	457	475	90	90	4515572
474	447	475	90	90	4515578
475	437	475	90	90	4515584
475	428	475	90	90	4515591
475	418	471	90	90	4515597
475	409	471	90	90	4515603
475	401	467	90	90	4515609
475	392	467	90	90	4515616
475	384	463	90	90	4515622
475	376	459	90	90	4515628
475	369	455	90	90	4515634
474	362	455	90	90	4515641
474	356	451	90	90	4515647
473	350	451	90	90	4515653
473	344	447	90	90	4515659
473	339	447	90	90	4515666
473	334	447	90	90	4515672
472	330	451	90	90	4515678
472	326	451	90	90	4515684
472	322	451	90	90	4515691
472	319	455	90	90	4515697
472	315	455	90	90	4515703
473	312	455	90	90	4515709
473	310	459	90	90	4515716
474	307	459	90	90	4515722
475	305	459	90	90	4515728
476	303	463	90	90	4515734
477	302	463	90	90	4515741
479	300	467	90	90	4515747
481	299	471	90	90	4515753
484	299	475	90	90	4515759
487	299	479	90	90	4515766
490	299	491	90	90	4515772
494	299	503	90	90	4515778
498	300	515	90	90	4515784
504	301	523	90	90	4515791
509	302	531	90	90	4515797
515	303	543	90	90	4515803
522	305	555	90	90	4515809
529	307	567	90	90	4515816
537	309	583	90	90	4515822
545	311	592	90	90	4515828
554	313	596	90	90	4515834
563	315	600	90	90	4515841
573	317	604	90	90	4515847
583	320	604	90	90	4515853
593	322	608	90	90	4515859
604	325	612	90	90	4515866
615	327	620	90	90	4515872
626	329	624	90	90	4515878
638	332	632	90	90	4515884
650	334	640	90	90	4515891
662	335	648	90	90	4515897
673	337	656	90	90	4515903
685	338	664	90	90	4515909
696	340	668	90	90	4515916
707	341	668	90	90	4515922
719	342	668	90	90	4515928
730	343	672	90	90	4515934
741	344	676	90	90	4515941
752	345	684	90	90	4515947
762	346	692	90	90	4515953
773	347	704	90	90	4515959
784	347	712	90	90	4515966
794	347	728	90	90	4515972
804	347	745	90	90	4515978
813	347	753	90	90	4515984
822	347	761	90	90	4515991
830	347	769	90	90	4515997
838	347	773	90	90	4516003
845	347	777	90	90	4516009
852	348	777	90	90	4516016
858	348	777	90	90	4516022
864	348	781	90	90	4516028
870	348	781	90	90	4516034
875	348	781	90	90	4516041
880	348	781	90	90	4516047
884	348	781	90	90	4516053
888	348	773	90	90	4516059
891	348	761	90	90	4516066
893	347	728	90	90	4516072
895	347	660	90	90	4516078
896	347	452	90	90	4516091
896	349	229	90	90	4516097
895	350	36	90	90	4516109
22
544	524	8	90	90	4516497
545	516	104	90	90	4516503
546	510	197	90	90	4516509
547	504	294	90	90	4516516
548	496	318	90	90	4516522
549	487	342	90	90	4516528
549	478	366	90	90	4516534
550	468	382	90	90	4516541
551	458	394	90	90	4516547
551	449	402	90	90	4516553
552	440	414	90	90	4516559
552	431	422	90	90	4516566
553	423	426	90	90	4516572
553	416	426	90	90	4516578
554	410	430	90	90	4516584
554	405	430	90	90	4516591
554	401	430	90	90	4516597
554	397	418	90	90	4516603
554	394	398	90	90	4516609
554	392	354	90	90	4516616
554	390	281	90	90	4516622
553	389	80	90	90	4516641
47
547	456	138	90	90	4516941
548	455	281	90	90	4516953
549	455	346	90	90	4516959
550	455	386	90	90	4516966
552	455	426	90	90	4516972
555	456	459	90	90	4516978
558	456	491	90	90	4516984
561	457	523	90	90	4516991
565	458	543	90	90	4516997
570	459	563	90	90	4517003
576	461	583	90	90	4517009
582	462	600	90	90	4517016
590	464	612	90	90	4517022
598	466	624	90	90	4517028
607	468	636	90	90	4517034
616	469	648	90	90	4517041
627	471	660	90	90	4517047
638	472	668	90	90	4517053
650	473	676	90	90	4517059
663	474	680	90	90	4517066
677	475	688	90	90	4517072
691	476	692	90	90	4517078
704	476	696	90	90	4517084
718	477	700	90	90	4517091
732	477	704	90	90	4517097
746	477	704	90	90	4517103
760	477	708	90	90	4517109
774	476	712	90	90	4517116
786	476	720	90	90	4517122
799	476	720	90	90	4517128
811	476	724	90	90	4517134
823	476	724	90	90	4517141
835	476	728	90	90	4517147
845	476	733	90	90	4517153
855	477	737	90	90	4517159
864	477	741	90	90	4517166
872	478	745	90	90	4517172
878	478	749	90	90	4517178
884	478	753	90	90	4517184
889	479	757	90	90	4517191
894	479	757	90	90	4517197
897	479	757	90	90	4517203
900	479	749	90	90	4517209
902	479	724	90	90	4517216
904	478	664	90	90	4517222
906	478	380	90	90	4517241
905	480	36	90	90	4517253
4
1
792	542	0	90	90	4642180
140
835	553	56	90	90	4642530
833	553	104	90	90	4642536
832	553	140	90	90	4642542
831	552	161	90	90	4642548
829	552	181	90	90	4642555
827	552	205	90	90	4642561
825	552	217	90	90	4642567
823	552	229	90	90	4642573
820	552	241	90	90	4642580
817	551	245	90	90	4642586
813	551	245	90	90	4642592
808	551	249	90	90	4642598
802	550	249	90	90	4642605
796	550	249	90	90	4642611
788	550	257	90	90	4642617
780	550	265	90	90	4642623
771	550	285	90	90	4642630
761	550	306	90	90	4642636
751	550	334	90	90	4642642
741	550	362	90	90	4642648
730	551	390	90	90	4642655
719	551	418	90	90	4642661
708	551	447	90	90	4642667
697	552	463	90	90	4642673
685	552	475	90	90	4642680
673	552	491	90	90	4642686
661	552	503	90	90	4642692
649	552	511	90	90	4642698
636	551	515	90	90	4642705
623	551	515	90	90	4642711
610	550	519	90	90	4642717
598	549	523	90	90	4642723
585	548	527	90	90	4642730
573	547	535	90	90	4642736
562	547	543	90	90	4642742
551	546	551	90	90	4642748
540	546	559	90	90	4642755
530	546	567	90	90	4642761
520	546	575	90	90	4642767
511	546	588	90	90	4642773
502	546	592	90	90	4642780
494	546	596	90	90	4642786
486	546	600	90	90	4642792
479	545	604	90	90	4642798
473	545	604	90	90	4642805
468	545	608	90	90	4642811
463	545	608	90	90	4642817
459	545	608	90	90	4642823
456	545	612	90	90	4642830
453	545	612	90	90	4642836
451	545	608	90	90	4642842
450	545	608	90	90	4642855
449	543	604	90	90	4642861
450	541	604	90	90	4642867
450	538	600	90	90	4642873
451	535	596	90	90	4642880
452	531	596	90	90	4642886
453	526	592	90	90	4642892
455	521	592	90	90	4642898
456	514	592	90	90	4642905
457	508	588	90	90	4642911
458	500	588	90	90	4642917
460	492	588	90	90	4642923
460	484	588	90	90	4642930
461	475	588	90	90	4642936
462	466	588	90	90	4642942
462	456	588	90	90	4642948
462	446	592	90	90	4642955
462	436	592	90	90	4642961
463	426	592	90	90	4642967
463	416	596	90	90	4642973
463	406	600	90	90	4642980
463	395	604	90	90	4642986
463	386	608	90	90	4642992
463	376	608	90	90	4642998
463	367	612	90	90	4643005
463	357	616	90	90	4643011
463	349	616	90	90	4643017
463	341	620	90	90	4643023
463	333	620	90	90	4643030
463	326	620	90	90	4643036
463	319	620	90	90	4643042
463	313	620	90	90	4643048
464	307	624	90	90	4643055
464	302	624	90	90	4643061
465	297	624	90	90	4643067
465	292	624	90	90	4643073
466	288	624	90	90	4643080
467	284	628	90	90	4643086
468	280	628	90	90	4643092
469	277	628	90	90	4643098
471	274	624	90	90	4643105
473	271	624	90	90	4643111
476	269	624	90	90	4643117
479	267	624	90	90	4643123
484	266	628	90	90	4643130
488	265	628	90	90	4643136
494	264	632	90	90	4643142
501	263	632	90	90	4643148
508	263	636	90	90	4643155
516	263	640	90	90	4643161
525	263	640	90	90	4643167
534	263	640	90	90	4643173
543	264	640	90	90	4643180
553	264	640	90	90	4643186
564	264	636	90	90	4643192
575	265	632	90	90	4643198
586	265	632	90	90	4643205
598	266	632	90	90	4643211
610	266	632	90	90	4643217
623	267	632	90	90	4643223
635	269	632	90	90	4643230
648	270	640	90	90	4643236
662	272	648	90	90	4643242
675	274	656	90	90	4643248
687	276	664	90	90	4643255
700	277	672	90	90	4643261
713	279	676	90	90	4643267
725	280	684	90	90	4643273
736	281	692	90	90	4643280
748	282	696	90	90	4643286
758	282	704	90	90	4643292
768	283	704	90	90	4643298
778	283	708	90	90	4643305
788	283	712	90	90	4643311
796	283	712	90	90	4643317
804	284	712	90	90	4643323
812	284	712	90	90	4643330
819	284	712	90	90	4643336
825	284	712	90	90	4643342
831	284	712	90	90	4643348
836	283	708	90	90	4643355
840	283	704	90	90	4643361
844	283	692	90	90	4643367
848	283	664	90	90	4643373
850	283	604	90	90	4643380
852	284	467	90	90	4643386
853	285	334	90	90	4643392
853	287	189	90	90	4643398
852	288	24	90	90	4643411
23
543	477	24	90	90	4644168
544	471	76	90	90	4644174
544	467	144	90	90	4644180
545	462	209	90	90	4644187
545	455	281	90	90	4644193
546	448	346	90	90	4644199
547	439	398	90	90	4644205
547	430	447	90	90	4644212
548	421	475	90	90	4644218
549	411	503	90	90	4644224
549	401	523	90	90	4644230
550	391	535	90	90	4644237
550	382	543	90	90	4644243
550	373	551	90	90	4644249
551	365	559	90	90	4644255
551	358	563	90	90	4644262
551	351	567	90	90	4644268
551	346	567	90	90	4644274
551	340	559	90	90	4644280
551	336	535	90	90	4644287
551	332	471	90	90	4644293
551	330	374	90	90	4644299
551	328	98	90	90	4644324
37
547	405	12	90	90	4644637
546	404	117	90	90	4644655
548	404	225	90	90	4644662
549	403	277	90	90	4644668
551	403	318	90	90	4644674
554	403	366	90	90	4644680
557	402	402	90	90	4644687
561	402	443	90	90	4644693
566	401	471	90	90	4644699
572	401	503	90	90	4644705
579	400	527	90	90	4644712
587	400	543	90	90	4644718
596	400	555	90	90	4644724
605	399	567	90	90	4644730
616	399	583	90	90	4644737
628	400	592	90	90	4644743
640	400	596	90	90	4644749
653	401	604	90	90	4644755
666	402	608	90	90	4644762
680	403	616	90	90	4644768
694	405	624	90	90	4644774
707	407	632	90	90	4644780
721	408	636	90	90	4644787
734	410	648	90	90	4644793
746	411	656	90	90	4644799
757	412	664	90	90	4644805
768	413	672	90	90	4644812
778	413	676	90	90	4644818
787	413	680	90	90	4644824
795	413	680	90	90	4644830
802	412	672	90	90	4644837
808	411	656	90	90	4644843
814	411	620	90	90	4644849
819	410	531	90	90	4644855
824	410	394	90	90	4644862
827	410	257	90	90	4644868
829	410	56	90	90	4644880
4
1
578	527	0	90	90	4755713
141
845	559	48	90	90	4756150
842	559	153	90	90	4756156
841	560	257	90	90	4756163
840	560	362	90	90	4756169
839	561	390	90	90	4756175
837	561	414	90	90	4756181
835	562	426	90	90	4756188
833	562	443	90	90	4756194
831	563	451	90	90	4756200
828	563	459	90	90	4756206
825	564	463	90	90	4756213
821	564	463	90	90	4756219
816	565	463	90	90	4756225
811	565	463	90	90	4756231
804	565	459	90	90	4756238
796	566	459	90	90	4756244
787	566	463	90	90	4756250
776	566	471	90	90	4756256
765	566	479	90	90	4756263
752	567	503	90	90	4756269
739	567	527	90	90	4756275
726	567	547	90	90	4756281
711	567	567	90	90	4756288
697	568	592	90	90	4756294
683	568	608	90	90	4756300
668	568	620	90	90	4756306
654	567	632	90	90	4756313
639	567	636	90	90	4756319
625	566	636	90	90	4756325
610	565	636	90	90	4756331
596	564	636	90	90	4756338
581	563	632	90	90	4756344
568	561	632	90	90	4756350
555	560	628	90	90	4756356
542	558	628	90	90	4756363
530	557	624	90	90	4756369
519	556	624	90	90	4756375
508	556	624	90	90	4756381
499	555	624	90	90	4756388
490	555	628	90	90	4756394
482	554	636	90	90	4756400
474	554	640	90	90	4756406
468	553	644	90	90	4756413
463	553	648	90	90	4756419
459	552	652	90	90	4756425
455	551	656	90	90	4756431
453	550	656	90	90	4756438
451	548	656	90	90	4756444
450	546	656	90	90	4756450
450	543	652	90	90	4756456
450	540	652	90	90	4756463
450	536	648	90	90	4756469
451	531	648	90	90	4756475
452	525	652	90	90	4756481
453	519	652	90	90	4756488
454	512	656	90	90	4756494
455	503	660	90	90	4756500
456	494	664	90	90	4756506
458	485	668	90	90	4756513
459	475	672	90	90	4756519
460	464	672	90	90	4756525
460	453	676	90	90	4756531
461	442	680	90	90	4756538
462	431	684	90	90	4756544
462	420	684	90	90	4756550
462	409	688	90	90	4756556
462	399	692	90	90	4756563
462	389	692	90	90	4756569
461	379	696	90	90	4756575
460	369	700	90	90	4756581
459	360	704	90	90	4756588
458	351	704	90	90	4756594
457	342	708	90	90	4756600
456	334	712	90	90	4756606
455	326	720	90	90	4756613
454	319	724	90	90	4756619
453	312	728	90	90	4756625
453	306	733	90	90	4756631
452	300	733	90	90	4756638
452	295	737	90	90	4756644
452	291	737	90	90	4756650
452	287	737	90	90	4756656
452	283	733	90	90	4756663
452	281	733	90	90	4756669
453	278	733	90	90	4756675
453	276	733	90	90	4756681
455	275	728	90	90	4756688
456	273	728	90	90	4756694
458	272	728	90	90	4756700
461	272	728	90	90	4756706
464	271	728	90	90	4756713
468	271	733	90	90	4756719
473	271	733	90	90	4756725
478	271	737	90	90	4756731
484	272	745	90	90	4756738
491	273	749	90	90	4756744
498	274	753	90	90	4756750
507	275	761	90	90	4756756
516	276	765	90	90	4756763
525	278	769	90	90	4756769
535	279	773	90	90	4756775
546	281	781	90	90	4756781
557	283	785	90	90	4756788
569	284	789	90	90	4756794
581	286	793	90	90	4756800
593	287	801	90	90	4756806
606	288	805	90	90	4756813
619	289	809	90	90	4756819
632	290	813	90	90	4756825
645	291	813	90	90	4756831
658	292	813	90	90	4756838
672	293	813	90	90	4756844
685	293	813	90	90	4756850
698	294	813	90	90	4756856
711	295	813	90	90	4756863
725	296	813	90	90	4756869
737	296	813	90	90	4756875
750	297	817	90	90	4756881
762	297	817	90	90	4756888
774	298	821	90	90	4756894
785	298	825	90	90	4756900
796	297	833	90	90	4756906
806	297	837	90	90	4756913
815	296	841	90	90	4756919
824	295	849	90	90	4756925
833	294	853	90	90	4756931
841	293	857	90	90	4756938
848	292	865	90	90	4756944
855	291	865	90	90	4756950
861	289	869	90	90	4756956
867	288	873	90	90	4756963
872	287	869	90	90	4756969
877	286	869	90	90	4756975
881	286	861	90	90	4756981
885	285	849	90	90	4756988
888	285	821	90	90	4756994
891	286	753	90	90	4757000
892	287	612	90	90	4757006
893	289	455	90	90	4757013
894	291	289	90	90	4757019
893	294	62	90	90	4757031
23
545	488	103	90	90	4757469
545	486	306	90	90	4757475
544	484	354	90	90	4757481
544	481	386	90	90	4757488
544	476	422	90	90	4757494
543	471	455	90	90	4757500
543	464	491	90	90	4757506
543	457	527	90	90	4757513
542	449	551	90	90	4757519
542	440	567	90	90	4757525
541	431	583	90	90	4757531
541	422	596	90	90	4757538
540	414	604	90	90	4757544
539	406	612	90	90	4757550
538	398	620	90	90	4757556
537	391	628	90	90	4757563
536	385	636	90	90	4757569
535	380	640	90	90	4757575
534	376	640	90	90	4757581
533	372	628	90	90	4757588
533	369	600	90	90	4757594
532	367	342	90	90	4757619
531	368	2	90	90	4757631
67
538	426	60	90	90	4757994
539	427	192	90	90	4758019
540	427	323	90	90	4758038
541	428	406	90	90	4758050
542	428	471	90	90	4758063
543	429	523	90	90	4758069
544	429	551	90	90	4758075
545	429	575	90	90	4758081
547	430	600	90	90	4758088
549	430	620	90	90	4758094
551	430	636	90	90	4758100
553	431	648	90	90	4758106
556	431	660	90	90	4758113
560	431	672	90	90	4758119
564	432	680	90	90	4758125
568	432	688	90	90	4758131
573	433	696	90	90	4758138
579	433	704	90	90	4758144
585	434	712	90	90	4758150
592	434	720	90	90	4758156
599	435	724	90	90	4758163
606	435	728	90	90	4758169
614	436	733	90	90	4758175
622	436	737	90	90	4758181
630	437	741	90	90	4758188
638	437	745	90	90	4758194
647	437	749	90	90	4758200
655	437	753	90	90	4758206
663	438	753	90	90	4758213
672	438	757	90	90	4758219
680	438	757	90	90	4758225
687	438	761	90	90	4758231
695	437	761	90	90	4758238
703	437	765	90	90	4758244
710	437	765	90	90	4758250
717	437	765	90	90	4758256
723	437	765	90	90	4758263
729	437	769	90	90	4758269
735	437	769	90	90	4758275
740	437	769	90	90	4758281
745	437	769	90	90	4758288
750	437	769	90	90	4758294
753	437	773	90	90	4758300
757	438	777	90	90	4758306
760	438	781	90	90	4758313
762	438	785	90	90	4758319
764	438	789	90	90	4758325
765	437	797	90	90	4758331
766	437	801	90	90	4758338
767	437	809	90	90	4758344
768	436	813	90	90	4758350
769	436	817	90	90	4758356
770	436	821	90	90	4758363
771	435	825	90	90	4758369
772	435	829	90	90	4758375
773	435	829	90	90	4758381
774	434	833	90	90	4758388
775	434	833	90	90	4758394
776	434	833	90	90	4758400
777	433	835	90	90	4758413
778	433	833	90	90	4758425
779	433	827	90	90	4758438
780	432	815	90	90	4758450
781	432	734	90	90	4758463
782	432	470	90	90	4758475
782	434	233	90	90	4758481
781	435	32	90	90	4758494
