2
1
438	413	0	90	90	3547095
365
364	399	108	90	90	3547538
366	398	225	90	90	3547545
367	398	338	90	90	3547551
368	398	443	90	90	3547557
370	398	475	90	90	3547563
372	398	479	90	90	3547570
375	398	487	90	90	3547576
378	398	491	90	90	3547582
382	399	499	90	90	3547588
386	399	511	90	90	3547595
391	399	511	90	90	3547601
396	400	515	90	90	3547607
401	400	519	90	90	3547613
406	400	519	90	90	3547620
412	401	523	90	90	3547626
417	401	527	90	90	3547632
422	401	531	90	90	3547638
428	401	535	90	90	3547645
433	401	547	90	90	3547651
437	400	555	90	90	3547657
441	400	563	90	90	3547663
445	400	575	90	90	3547670
449	400	592	90	90	3547676
452	399	604	90	90	3547682
455	399	612	90	90	3547688
457	399	620	90	90	3547695
459	400	628	90	90	3547701
461	400	632	90	90	3547707
463	401	640	90	90	3547713
465	402	648	90	90	3547720
466	404	652	90	90	3547726
468	406	656	90	90	3547732
469	408	660	90	90	3547738
470	410	664	90	90	3547745
471	413	664	90	90	3547751
472	416	668	90	90	3547757
473	419	668	90	90	3547763
474	422	668	90	90	3547770
475	426	668	90	90	3547776
476	430	668	90	90	3547782
477	434	668	90	90	3547788
478	439	668	90	90	3547795
479	444	668	90	90	3547801
480	450	672	90	90	3547807
482	455	676	90	90	3547813
484	461	680	90	90	3547820
486	467	680	90	90	3547826
487	473	684	90	90	3547832
489	479	688	90	90	3547838
491	485	688	90	90	3547845
493	490	688	90	90	3547851
494	496	692	90	90	3547857
496	502	692	90	90	3547863
497	507	692	90	90	3547870
498	512	692	90	90	3547876
499	517	696	90	90	3547882
500	522	696	90	90	3547888
501	527	696	90	90	3547895
502	531	696	90	90	3547901
502	535	696	90	90	3547907
503	538	700	90	90	3547913
503	541	700	90	90	3547920
504	543	700	90	90	3547926
504	545	700	90	90	3547932
505	547	704	90	90	3547938
505	548	704	90	90	3547951
507	548	708	90	90	3547963
508	548	712	90	90	3547970
509	546	712	90	90	3547976
511	545	720	90	90	3547982
512	542	720	90	90	3547988
514	540	724	90	90	3547995
515	537	724	90	90	3548001
517	533	724	90	90	3548007
519	528	724	90	90	3548013
520	524	724	90	90	3548020
522	519	724	90	90	3548026
524	514	724	90	90	3548032
526	508	724	90	90	3548038
528	502	724	90	90	3548045
530	496	724	90	90	3548051
532	490	724	90	90	3548057
535	483	724	90	90	3548063
537	477	728	90	90	3548070
540	470	728	90	90	3548076
543	463	733	90	90	3548082
546	456	733	90	90	3548088
549	449	737	90	90	3548095
552	442	741	90	90	3548101
555	434	741	90	90	3548107
559	427	741	90	90	3548113
562	420	741	90	90	3548120
565	412	741	90	90	3548126
568	405	741	90	90	3548132
571	397	741	90	90	3548138
573	390	741	90	90	3548145
576	383	741	90	90	3548151
579	376	741	90	90	3548157
582	369	741	90	90	3548163
584	363	741	90	90	3548170
587	357	745	90	90	3548176
590	351	745	90	90	3548182
592	345	749	90	90	3548188
595	339	749	90	90	3548195
597	334	749	90	90	3548201
599	328	753	90	90	3548207
600	324	753	90	90	3548213
602	319	757	90	90	3548220
603	315	757	90	90	3548226
604	311	757	90	90	3548232
606	307	757	90	90	3548238
606	304	757	90	90	3548245
607	302	757	90	90	3548251
608	300	757	90	90	3548257
608	299	757	90	90	3548270
609	298	759	90	90	3548282
610	299	761	90	90	3548288
610	300	765	90	90	3548295
610	302	765	90	90	3548301
610	304	769	90	90	3548307
610	307	769	90	90	3548313
611	310	769	90	90	3548320
611	314	769	90	90	3548326
611	319	769	90	90	3548332
612	324	769	90	90	3548338
612	329	765	90	90	3548345
613	334	765	90	90	3548351
613	340	765	90	90	3548357
614	346	765	90	90	3548363
614	353	765	90	90	3548370
615	359	765	90	90	3548376
616	366	769	90	90	3548382
617	373	769	90	90	3548388
618	380	773	90	90	3548395
619	388	777	90	90	3548401
620	395	781	90	90	3548407
622	403	785	90	90	3548413
623	411	793	90	90	3548420
625	418	797	90	90	3548426
627	426	801	90	90	3548432
629	434	801	90	90	3548438
630	442	805	90	90	3548445
632	449	805	90	90	3548451
634	457	805	90	90	3548457
636	464	805	90	90	3548463
638	471	809	90	90	3548470
640	478	809	90	90	3548476
642	485	809	90	90	3548482
644	492	813	90	90	3548488
646	498	813	90	90	3548495
647	504	813	90	90	3548501
649	510	817	90	90	3548507
650	515	817	90	90	3548513
652	520	821	90	90	3548520
653	525	821	90	90	3548526
654	529	825	90	90	3548532
656	534	825	90	90	3548538
657	537	829	90	90	3548545
658	541	829	90	90	3548551
659	544	829	90	90	3548557
661	547	829	90	90	3548563
662	549	833	90	90	3548570
663	551	833	90	90	3548576
664	553	833	90	90	3548582
665	554	829	90	90	3548588
666	555	829	90	90	3548595
667	555	829	90	90	3548601
668	555	825	90	90	3548607
670	554	825	90	90	3548613
671	553	825	90	90	3548620
672	551	821	90	90	3548626
674	549	821	90	90	3548632
675	546	821	90	90	3548638
676	543	821	90	90	3548645
677	539	821	90	90	3548651
679	535	821	90	90	3548657
680	530	821	90	90	3548663
681	525	821	90	90	3548670
682	519	821	90	90	3548676
684	514	821	90	90	3548682
685	508	821	90	90	3548688
687	501	817	90	90	3548695
689	495	817	90	90	3548701
692	488	817	90	90	3548707
694	480	817	90	90	3548713
697	473	817	90	90	3548720
700	465	813	90	90	3548726
703	457	813	90	90	3548732
706	449	813	90	90	3548738
708	440	813	90	90	3548745
711	432	813	90	90	3548751
714	423	813	90	90	3548757
717	415	813	90	90	3548763
720	407	813	90	90	3548770
723	398	813	90	90	3548776
725	390	813	90	90	3548782
728	382	813	90	90	3548788
731	374	813	90	90	3548795
733	367	813	90	90	3548801
735	359	813	90	90	3548807
737	352	813	90	90	3548813
739	346	813	90	90	3548820
741	340	813	90	90	3548826
742	335	809	90	90	3548832
744	330	809	90	90	3548838
745	326	813	90	90	3548845
746	322	809	90	90	3548851
747	320	809	90	90	3548857
748	317	809	90	90	3548863
749	316	809	90	90	3548870
750	315	813	90	90	3548876
751	315	811	90	90	3548888
752	316	809	90	90	3548895
753	318	805	90	90	3548901
754	321	805	90	90	3548907
755	324	801	90	90	3548913
755	328	801	90	90	3548920
756	333	797	90	90	3548926
757	338	793	90	90	3548932
757	343	793	90	90	3548938
758	349	793	90	90	3548945
758	356	793	90	90	3548951
759	362	793	90	90	3548957
759	369	793	90	90	3548963
760	376	793	90	90	3548970
760	384	797	90	90	3548976
761	391	797	90	90	3548982
762	399	801	90	90	3548988
763	407	805	90	90	3548995
764	415	809	90	90	3549001
765	424	813	90	90	3549007
766	432	817	90	90	3549013
767	441	821	90	90	3549020
769	450	825	90	90	3549026
770	458	829	90	90	3549032
772	467	837	90	90	3549038
773	475	841	90	90	3549045
775	483	845	90	90	3549051
777	490	849	90	90	3549057
778	498	857	90	90	3549063
780	505	861	90	90	3549070
782	512	861	90	90	3549076
784	518	865	90	90	3549082
786	525	869	90	90	3549088
788	530	869	90	90	3549095
790	536	869	90	90	3549101
792	540	869	90	90	3549107
794	544	873	90	90	3549113
795	548	873	90	90	3549120
797	550	873	90	90	3549126
799	553	873	90	90	3549132
800	554	873	90	90	3549138
801	555	873	90	90	3549145
803	556	873	90	90	3549151
804	556	873	90	90	3549157
806	555	873	90	90	3549163
807	554	873	90	90	3549170
809	553	869	90	90	3549176
811	550	869	90	90	3549182
812	547	869	90	90	3549188
814	543	869	90	90	3549195
815	539	869	90	90	3549201
816	534	865	90	90	3549207
817	528	865	90	90	3549213
818	522	865	90	90	3549220
819	516	865	90	90	3549226
820	510	865	90	90	3549232
820	503	865	90	90	3549238
821	496	865	90	90	3549245
822	488	865	90	90	3549251
822	481	865	90	90	3549257
823	473	865	90	90	3549263
823	466	865	90	90	3549270
824	458	865	90	90	3549276
824	450	869	90	90	3549282
825	442	869	90	90	3549288
825	433	873	90	90	3549295
825	425	873	90	90	3549301
826	417	873	90	90	3549307
826	410	878	90	90	3549313
826	402	878	90	90	3549320
826	395	878	90	90	3549326
826	388	878	90	90	3549332
826	381	878	90	90	3549338
826	374	878	90	90	3549345
826	368	878	90	90	3549351
826	362	878	90	90	3549357
826	357	878	90	90	3549363
826	352	878	90	90	3549370
827	348	878	90	90	3549376
827	343	873	90	90	3549382
827	340	873	90	90	3549388
828	337	873	90	90	3549395
828	334	873	90	90	3549401
829	332	873	90	90	3549407
830	330	869	90	90	3549413
830	329	869	90	90	3549426
832	328	869	90	90	3549432
833	328	869	90	90	3549438
834	329	869	90	90	3549445
835	331	869	90	90	3549451
836	333	869	90	90	3549457
837	335	869	90	90	3549463
838	338	869	90	90	3549470
839	341	873	90	90	3549476
840	345	873	90	90	3549482
840	349	873	90	90	3549488
841	353	878	90	90	3549495
842	357	878	90	90	3549501
843	362	878	90	90	3549507
844	367	878	90	90	3549513
845	372	882	90	90	3549520
846	377	882	90	90	3549526
847	382	882	90	90	3549532
848	387	882	90	90	3549538
849	392	878	90	90	3549545
850	397	878	90	90	3549551
851	402	882	90	90	3549557
852	406	882	90	90	3549563
853	411	882	90	90	3549570
854	415	882	90	90	3549576
855	419	886	90	90	3549582
856	423	890	90	90	3549588
857	427	894	90	90	3549595
857	430	898	90	90	3549601
858	433	902	90	90	3549607
858	436	906	90	90	3549613
859	438	914	90	90	3549620
859	441	918	90	90	3549626
859	443	922	90	90	3549632
860	444	922	90	90	3549638
860	446	926	90	90	3549645
860	447	926	90	90	3549651
860	448	926	90	90	3549663
861	449	922	90	90	3549701
862	449	926	90	90	3549713
863	448	926	90	90	3549720
864	448	930	90	90	3549726
865	447	934	90	90	3549732
867	447	934	90	90	3549738
869	446	938	90	90	3549745
872	446	938	90	90	3549751
875	445	938	90	90	3549757
878	445	942	90	90	3549763
882	444	942	90	90	3549770
887	444	942	90	90	3549776
892	444	942	90	90	3549782
898	444	942	90	90	3549788
903	444	946	90	90	3549795
909	444	946	90	90	3549801
915	444	950	90	90	3549807
921	444	950	90	90	3549813
927	445	954	90	90	3549820
933	445	954	90	90	3549826
939	445	958	90	90	3549832
944	445	958	90	90	3549838
949	445	954	90	90	3549845
954	445	946	90	90	3549851
959	445	942	90	90	3549857
963	445	926	90	90	3549863
967	444	898	90	90	3549870
971	444	825	90	90	3549876
974	444	672	90	90	3549882
977	444	432	90	90	3549895
981	444	56	90	90	3549913
2
1
463	415	0	90	90	3674288
307
402	418	68	90	90	3674556
399	418	333	90	90	3674588
401	418	447	90	90	3674594
403	418	463	90	90	3674600
406	417	475	90	90	3674606
409	417	491	90	90	3674613
413	417	503	90	90	3674619
418	417	515	90	90	3674625
423	417	523	90	90	3674631
428	417	523	90	90	3674638
434	417	523	90	90	3674644
439	417	523	90	90	3674650
445	417	523	90	90	3674656
450	418	523	90	90	3674663
455	418	523	90	90	3674669
460	418	523	90	90	3674675
465	418	527	90	90	3674681
470	419	527	90	90	3674688
475	419	531	90	90	3674694
479	420	531	90	90	3674700
483	421	535	90	90	3674706
486	422	539	90	90	3674713
489	424	539	90	90	3674719
492	425	543	90	90	3674725
494	427	547	90	90	3674731
496	429	547	90	90	3674738
497	432	547	90	90	3674744
498	434	551	90	90	3674750
499	437	555	90	90	3674756
500	441	563	90	90	3674763
501	445	567	90	90	3674769
502	449	575	90	90	3674775
503	454	588	90	90	3674781
504	459	596	90	90	3674788
504	464	604	90	90	3674794
505	470	612	90	90	3674800
506	476	620	90	90	3674806
507	482	628	90	90	3674813
509	488	632	90	90	3674819
510	495	636	90	90	3674825
511	502	636	90	90	3674831
512	508	640	90	90	3674838
513	515	640	90	90	3674844
514	522	640	90	90	3674850
515	528	644	90	90	3674856
516	535	644	90	90	3674863
517	542	644	90	90	3674869
518	548	644	90	90	3674875
519	554	648	90	90	3674881
520	560	652	90	90	3674888
522	565	656	90	90	3674894
523	569	660	90	90	3674900
524	573	664	90	90	3674906
525	576	664	90	90	3674913
526	578	668	90	90	3674919
527	580	672	90	90	3674925
528	580	672	90	90	3674931
529	580	676	90	90	3674938
530	578	680	90	90	3674944
532	576	680	90	90	3674950
534	572	684	90	90	3674956
535	568	684	90	90	3674963
537	562	684	90	90	3674969
539	555	684	90	90	3674975
542	547	684	90	90	3674981
544	538	680	90	90	3674988
546	529	676	90	90	3674994
548	518	672	90	90	3675000
551	507	668	90	90	3675006
553	496	664	90	90	3675013
555	483	660	90	90	3675019
558	471	656	90	90	3675025
561	457	652	90	90	3675031
564	444	652	90	90	3675038
567	430	652	90	90	3675044
570	416	652	90	90	3675050
574	402	652	90	90	3675056
578	388	656	90	90	3675063
582	374	656	90	90	3675069
586	360	660	90	90	3675075
589	346	664	90	90	3675081
593	333	668	90	90	3675088
597	321	672	90	90	3675094
600	309	672	90	90	3675100
604	298	676	90	90	3675106
607	287	676	90	90	3675113
610	278	680	90	90	3675119
613	270	676	90	90	3675125
616	262	672	90	90	3675131
619	256	668	90	90	3675138
621	252	664	90	90	3675144
623	248	656	90	90	3675150
625	246	648	90	90	3675156
627	245	644	90	90	3675163
628	245	636	90	90	3675169
629	247	632	90	90	3675175
630	250	628	90	90	3675181
630	253	624	90	90	3675188
631	258	624	90	90	3675194
631	264	624	90	90	3675200
631	270	624	90	90	3675206
631	278	628	90	90	3675213
632	286	628	90	90	3675219
632	294	628	90	90	3675225
632	304	632	90	90	3675231
633	313	636	90	90	3675238
633	323	636	90	90	3675244
634	333	640	90	90	3675250
635	344	644	90	90	3675256
636	355	652	90	90	3675263
637	366	656	90	90	3675269
639	378	664	90	90	3675275
640	389	668	90	90	3675281
642	401	676	90	90	3675288
644	412	680	90	90	3675294
647	424	684	90	90	3675300
649	436	688	90	90	3675306
651	447	692	90	90	3675313
653	458	692	90	90	3675319
655	469	696	90	90	3675325
657	480	700	90	90	3675331
658	489	700	90	90	3675338
660	499	708	90	90	3675344
661	508	708	90	90	3675350
662	516	712	90	90	3675356
664	524	724	90	90	3675363
665	531	728	90	90	3675369
666	539	733	90	90	3675375
668	545	737	90	90	3675381
669	552	745	90	90	3675388
671	557	749	90	90	3675394
672	563	753	90	90	3675400
674	568	757	90	90	3675406
675	572	761	90	90	3675413
677	575	765	90	90	3675419
678	578	765	90	90	3675425
680	580	769	90	90	3675431
681	582	769	90	90	3675438
682	583	769	90	90	3675444
684	583	769	90	90	3675450
685	583	765	90	90	3675456
687	582	765	90	90	3675463
689	581	765	90	90	3675469
691	580	765	90	90	3675475
693	577	765	90	90	3675481
696	574	765	90	90	3675488
699	569	765	90	90	3675494
701	564	765	90	90	3675500
704	558	761	90	90	3675506
706	551	761	90	90	3675513
709	543	761	90	90	3675519
711	534	761	90	90	3675525
714	526	761	90	90	3675531
717	517	757	90	90	3675538
719	507	757	90	90	3675544
722	498	753	90	90	3675550
725	487	753	90	90	3675556
729	477	753	90	90	3675563
732	466	749	90	90	3675569
736	455	749	90	90	3675575
740	443	749	90	90	3675581
743	432	749	90	90	3675588
747	420	749	90	90	3675594
751	409	753	90	90	3675600
756	397	753	90	90	3675606
760	386	757	90	90	3675613
764	375	761	90	90	3675619
768	364	765	90	90	3675625
771	354	769	90	90	3675631
775	344	777	90	90	3675638
779	334	781	90	90	3675644
783	324	785	90	90	3675650
786	315	789	90	90	3675656
790	307	793	90	90	3675663
793	299	793	90	90	3675669
796	293	793	90	90	3675675
800	287	793	90	90	3675681
803	281	789	90	90	3675688
806	277	785	90	90	3675694
809	274	777	90	90	3675700
812	271	773	90	90	3675706
814	270	761	90	90	3675713
817	269	757	90	90	3675719
818	270	749	90	90	3675725
820	271	745	90	90	3675731
821	274	741	90	90	3675738
823	277	741	90	90	3675744
823	281	741	90	90	3675750
824	287	745	90	90	3675756
825	293	749	90	90	3675763
825	300	753	90	90	3675769
826	307	761	90	90	3675775
826	315	765	90	90	3675781
827	324	769	90	90	3675788
827	333	777	90	90	3675794
828	343	781	90	90	3675800
829	353	785	90	90	3675806
830	364	785	90	90	3675813
831	376	789	90	90	3675819
832	388	785	90	90	3675825
833	400	789	90	90	3675831
834	413	789	90	90	3675838
835	427	785	90	90	3675844
836	441	789	90	90	3675850
837	455	789	90	90	3675856
838	469	793	90	90	3675863
839	482	797	90	90	3675869
841	496	801	90	90	3675875
842	508	809	90	90	3675881
844	520	813	90	90	3675888
845	531	821	90	90	3675894
847	542	825	90	90	3675900
849	551	833	90	90	3675906
852	560	837	90	90	3675913
854	567	841	90	90	3675919
856	574	841	90	90	3675925
858	580	841	90	90	3675931
860	584	837	90	90	3675938
862	588	833	90	90	3675944
864	590	829	90	90	3675950
865	592	825	90	90	3675956
866	592	821	90	90	3675963
867	592	817	90	90	3675969
868	590	813	90	90	3675975
869	587	809	90	90	3675981
870	584	809	90	90	3675988
870	579	809	90	90	3675994
871	574	813	90	90	3676000
872	568	813	90	90	3676006
874	560	817	90	90	3676013
875	552	817	90	90	3676019
877	543	817	90	90	3676025
878	533	817	90	90	3676031
880	522	821	90	90	3676038
882	511	821	90	90	3676044
884	499	821	90	90	3676050
886	487	825	90	90	3676056
887	474	825	90	90	3676063
889	461	829	90	90	3676069
890	448	833	90	90	3676075
892	435	837	90	90	3676081
893	421	841	90	90	3676088
895	409	845	90	90	3676094
896	396	849	90	90	3676100
897	383	857	90	90	3676106
898	371	861	90	90	3676113
899	359	865	90	90	3676119
899	348	869	90	90	3676125
900	338	869	90	90	3676131
901	328	873	90	90	3676138
902	319	873	90	90	3676144
902	311	878	90	90	3676150
904	304	873	90	90	3676156
905	299	873	90	90	3676163
906	295	869	90	90	3676169
907	291	865	90	90	3676175
909	289	861	90	90	3676181
910	288	853	90	90	3676188
911	288	849	90	90	3676194
912	289	841	90	90	3676200
914	292	833	90	90	3676206
915	295	825	90	90	3676213
916	299	825	90	90	3676219
916	304	825	90	90	3676225
917	310	825	90	90	3676231
918	317	829	90	90	3676238
918	325	833	90	90	3676244
919	333	841	90	90	3676250
919	341	845	90	90	3676256
920	349	853	90	90	3676263
920	358	857	90	90	3676269
920	366	861	90	90	3676275
921	374	865	90	90	3676281
921	383	869	90	90	3676288
921	391	869	90	90	3676294
921	399	869	90	90	3676300
922	407	869	90	90	3676306
923	414	869	90	90	3676313
924	421	869	90	90	3676319
925	428	869	90	90	3676325
926	433	869	90	90	3676331
927	439	865	90	90	3676338
929	443	865	90	90	3676344
930	448	865	90	90	3676350
931	451	865	90	90	3676356
931	454	861	90	90	3676363
932	457	861	90	90	3676369
933	459	861	90	90	3676375
933	461	861	90	90	3676381
934	462	861	90	90	3676388
935	463	857	90	90	3676394
937	464	861	90	90	3676400
938	465	865	90	90	3676406
941	465	869	90	90	3676413
944	465	869	90	90	3676419
947	464	873	90	90	3676425
951	464	873	90	90	3676431
956	463	878	90	90	3676438
961	462	882	90	90	3676444
966	461	878	90	90	3676450
971	460	869	90	90	3676456
976	459	857	90	90	3676463
981	458	829	90	90	3676469
986	456	781	90	90	3676475
990	456	652	90	90	3676481
993	455	404	90	90	3676494
998	454	74	90	90	3676506
2
1
457	409	0	90	90	3824584
270
369	400	16	90	90	3824784
365	399	120	90	90	3824790
364	399	217	90	90	3824796
363	398	310	90	90	3824802
362	398	390	90	90	3824821
363	397	443	90	90	3824827
364	396	463	90	90	3824834
367	396	487	90	90	3824840
370	396	515	90	90	3824846
374	395	535	90	90	3824852
379	395	551	90	90	3824859
385	395	563	90	90	3824865
391	395	575	90	90	3824871
398	395	583	90	90	3824877
405	395	588	90	90	3824884
413	395	592	90	90	3824890
421	395	592	90	90	3824896
429	394	588	90	90	3824902
437	394	588	90	90	3824909
444	394	588	90	90	3824915
452	393	588	90	90	3824921
458	393	583	90	90	3824927
465	393	583	90	90	3824934
471	393	583	90	90	3824940
476	393	583	90	90	3824946
481	393	583	90	90	3824952
485	393	575	90	90	3824959
489	394	575	90	90	3824965
492	396	575	90	90	3824971
495	397	575	90	90	3824977
497	399	575	90	90	3824984
498	402	575	90	90	3824990
499	405	575	90	90	3824996
500	408	575	90	90	3825002
501	412	575	90	90	3825009
502	416	575	90	90	3825015
503	421	575	90	90	3825021
503	427	583	90	90	3825027
504	432	583	90	90	3825034
504	438	588	90	90	3825040
505	444	588	90	90	3825046
506	450	588	90	90	3825052
508	457	592	90	90	3825059
509	463	592	90	90	3825065
510	471	596	90	90	3825071
512	478	596	90	90	3825077
514	485	596	90	90	3825084
516	493	600	90	90	3825090
518	500	600	90	90	3825096
520	507	604	90	90	3825102
523	515	604	90	90	3825109
525	522	608	90	90	3825115
528	529	608	90	90	3825121
531	536	612	90	90	3825127
534	542	612	90	90	3825134
536	548	616	90	90	3825140
539	552	616	90	90	3825146
542	557	616	90	90	3825152
545	560	620	90	90	3825159
548	562	620	90	90	3825165
550	564	620	90	90	3825171
553	564	620	90	90	3825177
555	563	620	90	90	3825184
557	562	624	90	90	3825190
559	559	628	90	90	3825196
560	555	632	90	90	3825202
562	550	640	90	90	3825209
564	544	644	90	90	3825215
565	536	652	90	90	3825221
567	528	660	90	90	3825227
568	519	664	90	90	3825234
569	509	672	90	90	3825240
570	498	676	90	90	3825246
572	487	680	90	90	3825252
573	475	684	90	90	3825259
575	463	692	90	90	3825265
576	450	696	90	90	3825271
578	437	700	90	90	3825277
580	424	708	90	90	3825284
583	410	712	90	90	3825290
585	397	724	90	90	3825296
588	384	737	90	90	3825302
590	372	745	90	90	3825309
593	360	753	90	90	3825315
596	348	761	90	90	3825321
598	338	769	90	90	3825327
600	328	777	90	90	3825334
603	319	777	90	90	3825340
605	312	781	90	90	3825346
606	305	785	90	90	3825352
608	300	785	90	90	3825359
609	296	785	90	90	3825365
611	294	781	90	90	3825371
612	292	773	90	90	3825377
613	293	769	90	90	3825384
614	294	761	90	90	3825390
614	297	753	90	90	3825396
615	301	741	90	90	3825402
615	307	733	90	90	3825409
616	313	724	90	90	3825415
616	321	712	90	90	3825421
616	329	708	90	90	3825427
616	339	700	90	90	3825434
616	349	700	90	90	3825440
616	360	696	90	90	3825446
616	372	696	90	90	3825452
616	384	696	90	90	3825459
617	397	696	90	90	3825465
617	409	700	90	90	3825471
618	423	700	90	90	3825477
619	436	700	90	90	3825484
620	449	704	90	90	3825490
621	461	708	90	90	3825496
622	474	712	90	90	3825502
623	486	720	90	90	3825509
625	497	720	90	90	3825515
627	507	728	90	90	3825521
628	517	733	90	90	3825527
630	526	737	90	90	3825534
632	534	741	90	90	3825540
634	541	745	90	90	3825546
636	546	749	90	90	3825552
638	551	753	90	90	3825559
641	555	753	90	90	3825565
643	557	753	90	90	3825571
646	558	753	90	90	3825577
648	558	753	90	90	3825584
651	557	753	90	90	3825590
653	554	749	90	90	3825596
656	551	749	90	90	3825602
658	546	749	90	90	3825609
661	541	745	90	90	3825615
664	534	749	90	90	3825621
667	527	749	90	90	3825627
669	518	749	90	90	3825634
672	509	749	90	90	3825640
675	498	753	90	90	3825646
678	487	753	90	90	3825652
681	475	757	90	90	3825659
685	463	757	90	90	3825665
688	450	761	90	90	3825671
691	437	765	90	90	3825677
695	424	765	90	90	3825684
698	411	769	90	90	3825690
702	397	773	90	90	3825696
705	384	777	90	90	3825702
709	372	781	90	90	3825709
712	359	785	90	90	3825715
716	348	789	90	90	3825721
719	336	793	90	90	3825727
722	326	793	90	90	3825734
726	316	797	90	90	3825740
728	308	797	90	90	3825746
731	301	797	90	90	3825752
734	295	797	90	90	3825759
736	291	797	90	90	3825765
738	288	801	90	90	3825771
739	286	801	90	90	3825777
740	286	801	90	90	3825784
741	287	801	90	90	3825790
742	290	801	90	90	3825796
743	294	801	90	90	3825802
743	299	801	90	90	3825809
744	306	805	90	90	3825815
744	314	805	90	90	3825821
744	323	805	90	90	3825827
745	333	805	90	90	3825834
745	344	805	90	90	3825840
745	356	801	90	90	3825846
745	368	797	90	90	3825852
744	381	793	90	90	3825859
744	394	793	90	90	3825865
744	408	789	90	90	3825871
743	422	785	90	90	3825877
743	437	785	90	90	3825884
742	451	781	90	90	3825890
742	466	781	90	90	3825896
741	481	781	90	90	3825902
741	495	785	90	90	3825909
742	509	785	90	90	3825915
742	522	789	90	90	3825921
743	535	793	90	90	3825927
745	546	797	90	90	3825934
746	557	797	90	90	3825940
748	566	801	90	90	3825946
750	574	805	90	90	3825952
751	580	805	90	90	3825959
753	585	805	90	90	3825965
754	588	805	90	90	3825971
755	591	805	90	90	3825977
756	591	801	90	90	3825990
757	588	797	90	90	3825996
758	585	797	90	90	3826002
759	580	793	90	90	3826009
761	573	793	90	90	3826015
762	565	789	90	90	3826021
763	556	789	90	90	3826027
765	546	785	90	90	3826034
767	535	785	90	90	3826040
769	523	785	90	90	3826046
771	511	781	90	90	3826052
774	498	781	90	90	3826059
777	484	781	90	90	3826065
780	470	785	90	90	3826071
783	455	785	90	90	3826077
786	441	789	90	90	3826084
790	426	793	90	90	3826090
794	411	797	90	90	3826096
797	396	801	90	90	3826102
801	382	801	90	90	3826109
805	368	809	90	90	3826115
808	355	813	90	90	3826121
812	343	813	90	90	3826127
816	331	817	90	90	3826134
819	321	821	90	90	3826140
822	311	821	90	90	3826146
825	304	821	90	90	3826152
828	298	821	90	90	3826159
830	293	821	90	90	3826165
832	290	821	90	90	3826171
833	288	821	90	90	3826177
835	288	821	90	90	3826184
835	290	817	90	90	3826190
836	293	817	90	90	3826196
836	298	817	90	90	3826202
835	303	817	90	90	3826209
834	310	817	90	90	3826215
833	317	817	90	90	3826221
832	325	817	90	90	3826227
830	334	817	90	90	3826234
829	343	817	90	90	3826240
827	352	817	90	90	3826246
825	361	821	90	90	3826252
822	370	817	90	90	3826259
821	379	817	90	90	3826265
819	388	817	90	90	3826271
817	397	813	90	90	3826277
815	405	813	90	90	3826284
814	413	813	90	90	3826290
813	421	813	90	90	3826296
812	427	813	90	90	3826302
812	433	813	90	90	3826309
811	439	813	90	90	3826315
811	443	813	90	90	3826321
812	447	817	90	90	3826327
813	450	817	90	90	3826334
815	452	821	90	90	3826340
817	454	821	90	90	3826346
821	456	825	90	90	3826352
825	457	829	90	90	3826359
830	457	829	90	90	3826365
837	458	833	90	90	3826371
844	458	837	90	90	3826377
852	458	841	90	90	3826384
861	458	845	90	90	3826390
871	457	845	90	90	3826396
881	457	849	90	90	3826402
891	456	849	90	90	3826409
902	455	853	90	90	3826415
912	454	857	90	90	3826421
923	453	857	90	90	3826427
933	452	857	90	90	3826434
943	451	853	90	90	3826440
953	449	841	90	90	3826446
961	448	805	90	90	3826452
969	446	700	90	90	3826459
975	445	551	90	90	3826465
981	444	386	90	90	3826471
986	443	217	90	90	3826477
990	443	24	90	90	3826490
2
1
416	398	0	90	90	3953680
355
365	395	50	90	90	3953967
364	395	281	90	90	3954005
366	394	382	90	90	3954011
367	394	398	90	90	3954017
369	394	418	90	90	3954023
372	394	443	90	90	3954030
375	395	459	90	90	3954036
378	395	475	90	90	3954042
382	396	491	90	90	3954048
386	397	511	90	90	3954055
391	397	527	90	90	3954061
395	398	539	90	90	3954067
401	399	551	90	90	3954073
406	399	563	90	90	3954080
411	400	575	90	90	3954086
417	401	588	90	90	3954092
423	401	596	90	90	3954098
429	402	604	90	90	3954105
435	402	608	90	90	3954111
441	403	612	90	90	3954117
447	404	612	90	90	3954123
453	404	616	90	90	3954130
459	405	616	90	90	3954136
464	406	620	90	90	3954142
469	406	624	90	90	3954148
474	407	624	90	90	3954155
479	407	628	90	90	3954161
483	408	632	90	90	3954167
486	408	632	90	90	3954173
490	409	636	90	90	3954180
492	409	640	90	90	3954186
495	409	648	90	90	3954192
497	410	652	90	90	3954198
498	410	656	90	90	3954205
500	410	664	90	90	3954211
501	410	668	90	90	3954217
502	410	672	90	90	3954230
503	411	678	90	90	3954248
504	411	694	90	90	3954292
503	412	708	90	90	3954305
503	413	712	90	90	3954317
502	414	712	90	90	3954323
502	415	712	90	90	3954330
502	416	712	90	90	3954336
502	417	712	90	90	3954342
502	419	712	90	90	3954348
503	421	708	90	90	3954355
503	423	708	90	90	3954361
504	425	708	90	90	3954367
506	428	704	90	90	3954373
507	431	704	90	90	3954380
509	435	700	90	90	3954386
511	439	696	90	90	3954392
513	443	696	90	90	3954398
515	448	692	90	90	3954405
517	452	688	90	90	3954411
519	457	688	90	90	3954417
521	462	684	90	90	3954423
524	467	680	90	90	3954430
526	473	680	90	90	3954436
528	478	680	90	90	3954442
530	484	680	90	90	3954448
532	489	680	90	90	3954455
534	495	680	90	90	3954461
536	500	680	90	90	3954467
538	505	680	90	90	3954473
540	511	684	90	90	3954480
542	516	684	90	90	3954486
544	521	688	90	90	3954492
546	526	688	90	90	3954498
548	531	688	90	90	3954505
550	536	692	90	90	3954511
552	540	692	90	90	3954517
554	544	696	90	90	3954523
556	548	696	90	90	3954530
557	551	696	90	90	3954536
559	554	696	90	90	3954542
560	557	696	90	90	3954548
562	559	696	90	90	3954555
563	560	696	90	90	3954561
565	561	696	90	90	3954567
566	562	692	90	90	3954573
567	563	692	90	90	3954580
568	562	692	90	90	3954586
569	562	688	90	90	3954592
569	561	688	90	90	3954598
570	559	688	90	90	3954605
571	557	688	90	90	3954611
572	554	688	90	90	3954617
573	550	688	90	90	3954623
573	546	688	90	90	3954630
574	541	688	90	90	3954636
575	535	688	90	90	3954642
576	529	684	90	90	3954648
576	522	684	90	90	3954655
577	515	680	90	90	3954661
578	508	680	90	90	3954667
579	500	676	90	90	3954673
580	492	676	90	90	3954680
581	483	672	90	90	3954686
582	474	672	90	90	3954692
583	465	672	90	90	3954698
584	455	668	90	90	3954705
585	445	668	90	90	3954711
587	436	668	90	90	3954717
588	425	668	90	90	3954723
590	415	668	90	90	3954730
592	405	668	90	90	3954736
593	394	668	90	90	3954742
595	384	668	90	90	3954748
597	373	672	90	90	3954755
599	363	672	90	90	3954761
601	353	680	90	90	3954767
602	343	680	90	90	3954773
604	333	684	90	90	3954780
605	323	688	90	90	3954786
606	314	692	90	90	3954792
608	305	696	90	90	3954798
609	297	696	90	90	3954805
610	290	696	90	90	3954811
611	283	700	90	90	3954817
613	277	700	90	90	3954823
614	273	700	90	90	3954830
615	269	700	90	90	3954836
616	266	700	90	90	3954842
617	264	696	90	90	3954848
618	262	696	90	90	3954855
619	262	696	90	90	3954861
620	262	696	90	90	3954867
622	263	692	90	90	3954873
623	265	692	90	90	3954880
624	268	692	90	90	3954886
626	272	692	90	90	3954892
627	276	692	90	90	3954898
628	281	692	90	90	3954905
630	287	692	90	90	3954911
631	293	692	90	90	3954917
633	301	688	90	90	3954923
634	308	688	90	90	3954930
636	316	684	90	90	3954936
637	325	680	90	90	3954942
639	334	680	90	90	3954948
640	343	676	90	90	3954955
642	352	672	90	90	3954961
643	362	672	90	90	3954967
644	372	668	90	90	3954973
646	382	668	90	90	3954980
647	392	668	90	90	3954986
648	403	668	90	90	3954992
649	413	668	90	90	3954998
650	425	668	90	90	3955005
651	435	672	90	90	3955011
652	446	672	90	90	3955017
653	457	676	90	90	3955023
654	468	676	90	90	3955030
655	478	680	90	90	3955036
657	488	684	90	90	3955042
658	498	684	90	90	3955048
659	507	688	90	90	3955055
661	515	692	90	90	3955061
662	524	696	90	90	3955067
664	531	696	90	90	3955073
665	538	700	90	90	3955080
667	544	704	90	90	3955086
668	550	704	90	90	3955092
670	555	704	90	90	3955098
672	560	708	90	90	3955105
673	563	708	90	90	3955111
675	566	708	90	90	3955117
676	569	704	90	90	3955123
678	570	704	90	90	3955130
679	571	700	90	90	3955136
680	572	700	90	90	3955142
681	571	696	90	90	3955148
682	570	696	90	90	3955155
683	568	692	90	90	3955161
684	565	692	90	90	3955167
685	562	696	90	90	3955173
686	558	696	90	90	3955180
687	552	696	90	90	3955186
688	546	700	90	90	3955192
690	539	700	90	90	3955198
692	532	704	90	90	3955205
694	523	704	90	90	3955211
696	514	704	90	90	3955217
698	505	704	90	90	3955223
700	495	700	90	90	3955230
702	485	704	90	90	3955236
704	475	700	90	90	3955242
707	465	700	90	90	3955248
709	454	700	90	90	3955255
711	444	700	90	90	3955261
714	433	700	90	90	3955267
716	423	700	90	90	3955273
719	412	700	90	90	3955280
722	402	700	90	90	3955286
724	392	700	90	90	3955292
727	382	700	90	90	3955298
730	373	700	90	90	3955305
732	364	704	90	90	3955311
735	355	704	90	90	3955317
737	346	708	90	90	3955323
739	338	712	90	90	3955330
741	330	712	90	90	3955336
743	322	712	90	90	3955342
745	315	720	90	90	3955348
747	309	720	90	90	3955355
749	303	724	90	90	3955361
751	298	724	90	90	3955367
752	294	720	90	90	3955373
754	291	720	90	90	3955380
755	288	720	90	90	3955386
756	287	712	90	90	3955392
757	286	712	90	90	3955398
758	285	708	90	90	3955411
759	286	704	90	90	3955417
760	288	704	90	90	3955423
761	290	704	90	90	3955430
761	294	704	90	90	3955436
761	298	704	90	90	3955442
762	302	704	90	90	3955448
762	307	704	90	90	3955455
762	314	704	90	90	3955461
762	320	704	90	90	3955467
763	328	704	90	90	3955473
763	335	704	90	90	3955480
763	344	704	90	90	3955486
763	352	704	90	90	3955492
763	361	704	90	90	3955498
762	370	704	90	90	3955505
762	380	700	90	90	3955511
761	389	700	90	90	3955517
761	399	700	90	90	3955523
760	410	700	90	90	3955530
760	420	700	90	90	3955536
759	431	700	90	90	3955542
758	443	700	90	90	3955548
758	454	704	90	90	3955555
758	466	704	90	90	3955561
758	478	704	90	90	3955567
758	489	708	90	90	3955573
759	500	708	90	90	3955580
760	511	708	90	90	3955586
760	521	708	90	90	3955592
761	531	708	90	90	3955598
762	540	704	90	90	3955605
764	548	704	90	90	3955611
765	556	700	90	90	3955617
766	563	700	90	90	3955623
768	570	696	90	90	3955630
769	576	696	90	90	3955636
771	581	696	90	90	3955642
773	586	696	90	90	3955648
774	590	696	90	90	3955655
776	593	696	90	90	3955661
778	595	696	90	90	3955667
779	597	696	90	90	3955673
781	597	700	90	90	3955680
782	596	700	90	90	3955686
784	594	700	90	90	3955692
785	591	700	90	90	3955698
787	587	700	90	90	3955705
788	582	696	90	90	3955711
790	575	696	90	90	3955717
792	568	696	90	90	3955723
793	560	692	90	90	3955730
795	551	692	90	90	3955736
797	541	688	90	90	3955742
800	531	688	90	90	3955748
802	520	684	90	90	3955755
804	509	684	90	90	3955761
806	497	684	90	90	3955767
809	486	684	90	90	3955773
811	474	688	90	90	3955780
814	463	692	90	90	3955786
816	452	696	90	90	3955792
819	440	700	90	90	3955798
822	429	708	90	90	3955805
825	418	712	90	90	3955811
828	407	720	90	90	3955817
832	396	724	90	90	3955823
835	386	728	90	90	3955830
838	376	728	90	90	3955836
842	366	733	90	90	3955842
845	357	737	90	90	3955848
848	348	737	90	90	3955855
851	340	737	90	90	3955861
854	332	737	90	90	3955867
857	326	737	90	90	3955873
859	320	737	90	90	3955880
861	315	733	90	90	3955886
863	311	728	90	90	3955892
865	308	728	90	90	3955898
866	306	728	90	90	3955905
867	305	728	90	90	3955917
868	306	728	90	90	3955923
868	307	733	90	90	3955930
868	310	733	90	90	3955936
869	313	737	90	90	3955942
869	318	737	90	90	3955948
869	323	737	90	90	3955955
870	328	741	90	90	3955961
870	334	741	90	90	3955967
870	341	745	90	90	3955973
870	348	745	90	90	3955980
869	355	745	90	90	3955986
869	362	745	90	90	3955992
868	369	741	90	90	3955998
868	376	737	90	90	3956005
867	383	737	90	90	3956011
866	390	733	90	90	3956017
865	397	733	90	90	3956023
864	405	728	90	90	3956030
862	412	724	90	90	3956036
861	419	724	90	90	3956042
859	426	724	90	90	3956048
858	432	728	90	90	3956055
857	439	728	90	90	3956061
855	444	733	90	90	3956067
854	449	737	90	90	3956073
853	454	741	90	90	3956080
852	459	749	90	90	3956086
851	462	753	90	90	3956092
850	465	757	90	90	3956098
850	468	761	90	90	3956105
849	471	765	90	90	3956111
849	473	769	90	90	3956117
850	475	769	90	90	3956123
851	476	769	90	90	3956130
853	478	773	90	90	3956136
855	479	773	90	90	3956142
858	481	777	90	90	3956148
861	482	781	90	90	3956155
866	484	785	90	90	3956161
871	485	793	90	90	3956167
876	487	797	90	90	3956173
883	489	805	90	90	3956180
890	490	817	90	90	3956186
898	492	825	90	90	3956192
907	494	829	90	90	3956198
916	496	837	90	90	3956205
925	497	845	90	90	3956211
934	498	849	90	90	3956217
944	500	857	90	90	3956223
953	500	861	90	90	3956230
962	501	861	90	90	3956236
971	501	861	90	90	3956242
979	502	857	90	90	3956248
987	502	837	90	90	3956255
994	502	801	90	90	3956261
1000	501	745	90	90	3956267
1005	501	656	90	90	3956273
1010	501	535	90	90	3956280
1014	501	386	90	90	3956286
1017	501	80	90	90	3956305
2
1
406	365	0	90	90	4118477
273
344	361	52	90	90	4118702
343	360	201	90	90	4118714
344	361	298	90	90	4118720
345	361	346	90	90	4118727
347	361	386	90	90	4118733
349	361	426	90	90	4118739
351	362	459	90	90	4118745
354	362	479	90	90	4118752
357	362	503	90	90	4118758
360	362	515	90	90	4118764
364	362	519	90	90	4118770
368	362	519	90	90	4118777
373	362	519	90	90	4118783
378	362	519	90	90	4118789
383	362	523	90	90	4118795
388	362	523	90	90	4118802
394	362	527	90	90	4118808
400	362	531	90	90	4118814
406	361	531	90	90	4118820
412	361	535	90	90	4118827
418	361	539	90	90	4118833
424	360	543	90	90	4118839
431	360	547	90	90	4118845
437	360	551	90	90	4118852
443	361	555	90	90	4118858
448	361	559	90	90	4118864
454	362	567	90	90	4118870
459	363	575	90	90	4118877
465	365	583	90	90	4118883
469	367	588	90	90	4118889
474	369	596	90	90	4118895
479	372	600	90	90	4118902
483	374	600	90	90	4118908
487	378	604	90	90	4118914
491	382	604	90	90	4118920
494	386	600	90	90	4118927
498	390	596	90	90	4118933
501	396	592	90	90	4118939
504	401	588	90	90	4118945
506	407	575	90	90	4118952
509	414	567	90	90	4118958
511	421	559	90	90	4118964
513	428	555	90	90	4118970
515	435	551	90	90	4118977
517	443	547	90	90	4118983
519	451	547	90	90	4118989
520	458	547	90	90	4118995
521	466	551	90	90	4119002
522	474	555	90	90	4119008
523	482	563	90	90	4119014
525	489	571	90	90	4119020
526	497	583	90	90	4119027
527	503	588	90	90	4119033
528	510	596	90	90	4119039
530	515	600	90	90	4119045
531	519	604	90	90	4119052
533	522	604	90	90	4119058
534	524	604	90	90	4119064
536	525	604	90	90	4119070
537	524	600	90	90	4119077
538	522	600	90	90	4119083
540	519	600	90	90	4119089
541	515	604	90	90	4119095
543	510	604	90	90	4119102
544	503	608	90	90	4119108
545	495	612	90	90	4119114
547	486	616	90	90	4119120
548	475	624	90	90	4119127
550	464	628	90	90	4119133
551	451	632	90	90	4119139
553	437	636	90	90	4119145
555	423	640	90	90	4119152
556	409	648	90	90	4119158
558	394	656	90	90	4119164
561	380	660	90	90	4119170
563	366	668	90	90	4119177
565	352	676	90	90	4119183
568	338	680	90	90	4119189
571	325	688	90	90	4119195
574	313	692	90	90	4119202
576	302	700	90	90	4119208
579	291	704	90	90	4119214
582	281	708	90	90	4119220
584	272	708	90	90	4119227
587	264	708	90	90	4119233
589	257	708	90	90	4119239
591	252	708	90	90	4119245
593	247	704	90	90	4119252
595	244	696	90	90	4119258
597	241	692	90	90	4119264
598	240	684	90	90	4119270
600	240	672	90	90	4119277
601	241	664	90	90	4119283
602	243	660	90	90	4119289
603	247	652	90	90	4119295
604	251	648	90	90	4119302
605	257	648	90	90	4119308
606	263	648	90	90	4119314
607	271	648	90	90	4119320
608	279	652	90	90	4119327
609	288	652	90	90	4119333
610	298	652	90	90	4119339
612	309	648	90	90	4119345
613	320	648	90	90	4119352
615	332	640	90	90	4119358
617	344	636	90	90	4119364
618	357	632	90	90	4119370
620	371	624	90	90	4119377
622	384	620	90	90	4119383
623	398	620	90	90	4119389
625	412	620	90	90	4119395
627	426	620	90	90	4119402
629	440	624	90	90	4119408
631	453	628	90	90	4119414
633	466	632	90	90	4119420
636	478	640	90	90	4119427
638	489	644	90	90	4119433
641	499	648	90	90	4119439
644	508	652	90	90	4119445
646	516	652	90	90	4119452
649	522	652	90	90	4119458
651	528	656	90	90	4119464
652	533	656	90	90	4119470
654	536	652	90	90	4119477
655	538	652	90	90	4119483
656	539	652	90	90	4119489
657	539	652	90	90	4119495
658	538	652	90	90	4119502
659	535	652	90	90	4119508
660	530	656	90	90	4119514
662	525	656	90	90	4119520
663	518	660	90	90	4119527
664	509	660	90	90	4119533
665	499	664	90	90	4119539
666	488	668	90	90	4119545
667	477	672	90	90	4119552
668	464	676	90	90	4119558
669	452	680	90	90	4119564
671	439	684	90	90	4119570
672	426	684	90	90	4119577
674	413	692	90	90	4119583
675	400	696	90	90	4119589
677	388	700	90	90	4119595
679	375	708	90	90	4119602
681	362	712	90	90	4119608
683	350	724	90	90	4119614
686	337	733	90	90	4119620
688	325	741	90	90	4119627
690	314	749	90	90	4119633
692	303	753	90	90	4119639
694	293	761	90	90	4119645
697	283	765	90	90	4119652
699	275	769	90	90	4119658
701	267	769	90	90	4119664
703	261	773	90	90	4119670
705	256	773	90	90	4119677
707	251	769	90	90	4119683
709	248	765	90	90	4119689
711	246	757	90	90	4119695
713	244	749	90	90	4119702
715	244	741	90	90	4119708
717	245	733	90	90	4119714
718	246	724	90	90	4119720
719	249	712	90	90	4119727
721	253	708	90	90	4119733
722	259	704	90	90	4119739
723	265	704	90	90	4119745
723	273	704	90	90	4119752
724	281	704	90	90	4119758
725	291	704	90	90	4119764
726	302	704	90	90	4119770
727	313	700	90	90	4119777
728	325	696	90	90	4119783
729	337	692	90	90	4119789
731	350	688	90	90	4119795
732	363	680	90	90	4119802
733	376	668	90	90	4119808
734	390	660	90	90	4119814
734	404	648	90	90	4119820
735	418	640	90	90	4119827
735	432	628	90	90	4119833
736	447	624	90	90	4119839
736	461	616	90	90	4119845
736	476	616	90	90	4119852
737	489	612	90	90	4119858
738	501	616	90	90	4119864
739	512	620	90	90	4119870
741	522	624	90	90	4119877
742	530	632	90	90	4119883
744	536	636	90	90	4119889
746	541	640	90	90	4119895
748	543	640	90	90	4119902
750	544	644	90	90	4119908
751	544	644	90	90	4119914
753	541	644	90	90	4119920
755	537	644	90	90	4119927
756	532	644	90	90	4119933
758	525	640	90	90	4119939
760	516	644	90	90	4119945
761	504	644	90	90	4119952
763	492	648	90	90	4119958
765	480	652	90	90	4119964
767	467	656	90	90	4119970
768	453	660	90	90	4119977
770	439	668	90	90	4119983
772	425	676	90	90	4119989
774	411	684	90	90	4119995
775	399	692	90	90	4120002
777	385	700	90	90	4120008
779	372	708	90	90	4120014
781	359	720	90	90	4120020
783	346	733	90	90	4120027
786	333	741	90	90	4120033
788	320	753	90	90	4120039
790	308	761	90	90	4120045
792	297	769	90	90	4120052
794	286	777	90	90	4120058
796	276	781	90	90	4120064
798	266	785	90	90	4120070
799	259	789	90	90	4120077
801	252	785	90	90	4120083
803	247	785	90	90	4120089
804	244	781	90	90	4120095
806	241	781	90	90	4120102
808	241	777	90	90	4120108
809	241	777	90	90	4120114
810	243	777	90	90	4120120
812	246	777	90	90	4120127
813	251	777	90	90	4120133
814	256	781	90	90	4120139
815	262	781	90	90	4120145
816	270	781	90	90	4120152
817	278	781	90	90	4120158
818	287	777	90	90	4120164
818	296	773	90	90	4120170
818	305	765	90	90	4120177
819	315	761	90	90	4120183
819	324	757	90	90	4120189
818	333	749	90	90	4120195
818	342	749	90	90	4120202
818	350	745	90	90	4120208
818	358	745	90	90	4120214
818	365	749	90	90	4120220
817	372	753	90	90	4120227
817	379	753	90	90	4120233
818	384	757	90	90	4120239
818	390	761	90	90	4120245
819	394	765	90	90	4120252
820	399	769	90	90	4120258
823	402	773	90	90	4120264
825	405	777	90	90	4120270
829	408	781	90	90	4120277
833	410	789	90	90	4120283
838	412	793	90	90	4120289
844	413	797	90	90	4120295
850	414	801	90	90	4120302
857	415	805	90	90	4120308
865	415	809	90	90	4120314
874	416	813	90	90	4120320
883	416	821	90	90	4120327
893	416	825	90	90	4120333
903	416	829	90	90	4120339
913	415	833	90	90	4120345
923	415	833	90	90	4120352
933	414	833	90	90	4120358
942	413	821	90	90	4120364
950	412	805	90	90	4120370
958	410	757	90	90	4120377
965	409	628	90	90	4120383
972	408	475	90	90	4120389
976	407	322	90	90	4120395
981	407	157	90	90	4120402
983	406	0	90	90	4120414
2
1
384	368	0	90	90	4256575
357
355	365	108	90	90	4256837
355	366	261	90	90	4256843
356	367	362	90	90	4256850
357	367	378	90	90	4256856
359	368	390	90	90	4256862
362	369	398	90	90	4256868
366	370	406	90	90	4256875
370	371	418	90	90	4256881
375	372	426	90	90	4256887
380	373	430	90	90	4256893
387	374	439	90	90	4256900
393	375	439	90	90	4256906
401	376	443	90	90	4256912
408	377	439	90	90	4256918
416	378	430	90	90	4256925
424	378	422	90	90	4256931
432	379	418	90	90	4256937
439	379	414	90	90	4256943
446	380	406	90	90	4256950
453	380	402	90	90	4256956
460	381	402	90	90	4256962
466	382	402	90	90	4256968
472	382	414	90	90	4256975
477	383	418	90	90	4256981
481	384	430	90	90	4256987
486	385	447	90	90	4256993
489	386	459	90	90	4257000
492	387	475	90	90	4257006
495	388	503	90	90	4257012
497	389	523	90	90	4257018
499	390	539	90	90	4257025
501	391	555	90	90	4257031
502	392	567	90	90	4257037
503	393	575	90	90	4257043
504	394	583	90	90	4257050
505	395	588	90	90	4257056
506	397	592	90	90	4257062
507	399	592	90	90	4257068
508	402	588	90	90	4257075
509	405	588	90	90	4257081
511	409	575	90	90	4257087
512	413	571	90	90	4257093
513	417	563	90	90	4257100
514	422	555	90	90	4257106
515	427	547	90	90	4257112
516	433	539	90	90	4257118
517	440	535	90	90	4257125
518	446	527	90	90	4257131
519	453	523	90	90	4257137
519	461	523	90	90	4257143
520	469	523	90	90	4257150
520	476	527	90	90	4257156
521	484	531	90	90	4257162
521	492	535	90	90	4257168
521	500	539	90	90	4257175
522	508	543	90	90	4257181
523	516	551	90	90	4257187
523	523	555	90	90	4257193
524	530	559	90	90	4257200
525	537	563	90	90	4257206
526	543	567	90	90	4257212
527	549	571	90	90	4257218
528	554	583	90	90	4257225
529	558	588	90	90	4257231
530	562	592	90	90	4257237
531	564	600	90	90	4257243
532	566	604	90	90	4257250
533	568	608	90	90	4257256
535	568	616	90	90	4257262
536	568	624	90	90	4257268
538	567	628	90	90	4257275
540	564	632	90	90	4257281
542	562	636	90	90	4257287
544	558	640	90	90	4257293
546	553	644	90	90	4257300
548	548	648	90	90	4257306
550	542	652	90	90	4257312
552	535	652	90	90	4257318
554	528	656	90	90	4257325
556	520	656	90	90	4257331
559	511	660	90	90	4257337
561	502	660	90	90	4257343
564	492	660	90	90	4257350
567	482	660	90	90	4257356
570	471	660	90	90	4257362
573	460	660	90	90	4257368
576	449	656	90	90	4257375
580	437	656	90	90	4257381
583	425	652	90	90	4257387
586	413	648	90	90	4257393
590	402	640	90	90	4257400
593	390	636	90	90	4257406
596	378	632	90	90	4257412
599	366	632	90	90	4257418
602	355	632	90	90	4257425
605	343	632	90	90	4257431
608	332	632	90	90	4257437
611	321	636	90	90	4257443
613	310	640	90	90	4257450
616	300	644	90	90	4257456
618	290	644	90	90	4257462
621	280	648	90	90	4257468
623	270	644	90	90	4257475
625	261	640	90	90	4257481
628	252	640	90	90	4257487
630	244	636	90	90	4257493
632	237	632	90	90	4257500
634	230	628	90	90	4257506
636	224	624	90	90	4257512
638	219	616	90	90	4257518
640	214	612	90	90	4257525
642	210	604	90	90	4257531
645	207	596	90	90	4257537
647	205	583	90	90	4257543
649	203	563	90	90	4257550
651	202	547	90	90	4257556
653	202	531	90	90	4257562
655	203	519	90	90	4257568
657	205	499	90	90	4257575
659	207	479	90	90	4257581
660	211	471	90	90	4257587
662	216	463	90	90	4257593
664	221	463	90	90	4257600
665	227	463	90	90	4257606
667	234	467	90	90	4257612
668	241	471	90	90	4257618
669	249	471	90	90	4257625
670	258	475	90	90	4257631
671	266	479	90	90	4257637
672	275	487	90	90	4257643
672	285	487	90	90	4257650
673	295	487	90	90	4257656
673	305	487	90	90	4257662
674	316	487	90	90	4257668
674	327	487	90	90	4257675
674	339	487	90	90	4257681
675	351	487	90	90	4257687
675	363	487	90	90	4257693
676	375	487	90	90	4257700
677	387	487	90	90	4257706
678	400	479	90	90	4257712
679	411	479	90	90	4257718
679	422	479	90	90	4257725
680	433	479	90	90	4257731
680	444	479	90	90	4257737
681	454	479	90	90	4257743
681	463	479	90	90	4257750
682	472	487	90	90	4257756
682	482	487	90	90	4257762
682	491	487	90	90	4257768
683	500	487	90	90	4257775
683	508	491	90	90	4257781
684	516	491	90	90	4257787
685	524	491	90	90	4257793
685	531	491	90	90	4257800
686	538	491	90	90	4257806
687	543	499	90	90	4257812
687	548	499	90	90	4257818
688	551	503	90	90	4257825
688	554	503	90	90	4257831
688	556	511	90	90	4257837
688	557	513	90	90	4257850
689	558	523	90	90	4257862
690	557	531	90	90	4257868
691	556	539	90	90	4257875
692	553	547	90	90	4257881
693	549	559	90	90	4257887
695	545	567	90	90	4257893
697	538	583	90	90	4257900
699	531	592	90	90	4257906
701	523	596	90	90	4257912
704	513	604	90	90	4257918
706	502	604	90	90	4257925
709	491	608	90	90	4257931
712	479	608	90	90	4257937
715	466	600	90	90	4257943
718	453	588	90	90	4257950
721	439	567	90	90	4257956
725	426	547	90	90	4257962
728	412	523	90	90	4257968
732	398	499	90	90	4257975
735	385	467	90	90	4257981
738	371	451	90	90	4257987
742	358	430	90	90	4257993
745	344	426	90	90	4258000
748	331	426	90	90	4258006
751	317	439	90	90	4258012
753	304	447	90	90	4258018
756	292	459	90	90	4258025
759	279	471	90	90	4258031
761	268	479	90	90	4258037
764	256	491	90	90	4258043
766	246	503	90	90	4258050
769	236	515	90	90	4258056
771	228	515	90	90	4258062
774	220	519	90	90	4258068
777	213	519	90	90	4258075
780	207	515	90	90	4258081
782	202	511	90	90	4258087
785	198	503	90	90	4258093
787	194	499	90	90	4258100
790	192	479	90	90	4258106
792	190	471	90	90	4258112
794	189	463	90	90	4258118
796	189	455	90	90	4258125
797	190	447	90	90	4258131
799	191	443	90	90	4258137
800	193	439	90	90	4258143
802	196	443	90	90	4258150
803	199	443	90	90	4258156
804	204	447	90	90	4258162
805	209	451	90	90	4258168
806	215	455	90	90	4258175
807	222	459	90	90	4258181
807	229	467	90	90	4258187
808	237	471	90	90	4258193
808	245	475	90	90	4258200
808	254	479	90	90	4258206
808	262	487	90	90	4258212
808	271	491	90	90	4258218
808	280	499	90	90	4258225
808	290	503	90	90	4258231
807	300	503	90	90	4258237
807	310	511	90	90	4258243
806	320	511	90	90	4258250
806	332	511	90	90	4258256
806	343	511	90	90	4258262
805	356	511	90	90	4258268
805	368	511	90	90	4258275
805	381	511	90	90	4258281
805	393	503	90	90	4258287
804	406	503	90	90	4258293
804	418	503	90	90	4258300
804	429	503	90	90	4258306
804	440	503	90	90	4258312
803	451	503	90	90	4258318
802	461	503	90	90	4258325
802	472	499	90	90	4258331
801	482	491	90	90	4258337
800	493	487	90	90	4258343
800	504	479	90	90	4258350
800	514	475	90	90	4258356
799	525	467	90	90	4258362
799	535	463	90	90	4258368
799	545	463	90	90	4258375
799	554	463	90	90	4258381
799	562	467	90	90	4258387
799	569	471	90	90	4258393
799	575	475	90	90	4258400
799	580	475	90	90	4258406
799	584	479	90	90	4258412
800	588	487	90	90	4258418
800	590	491	90	90	4258425
800	592	499	90	90	4258431
800	594	503	90	90	4258437
800	595	516	90	90	4258456
800	594	531	90	90	4258462
801	591	539	90	90	4258468
802	588	543	90	90	4258475
802	584	551	90	90	4258481
804	579	559	90	90	4258487
805	573	563	90	90	4258493
807	565	571	90	90	4258500
808	557	575	90	90	4258506
810	548	583	90	90	4258512
813	538	583	90	90	4258518
815	527	583	90	90	4258525
817	516	575	90	90	4258531
820	504	571	90	90	4258537
822	492	559	90	90	4258543
825	480	547	90	90	4258550
828	468	531	90	90	4258556
831	456	515	90	90	4258562
834	444	491	90	90	4258568
837	432	475	90	90	4258575
840	420	467	90	90	4258581
842	408	463	90	90	4258587
845	396	463	90	90	4258593
848	384	463	90	90	4258600
850	373	471	90	90	4258606
853	361	475	90	90	4258612
855	350	487	90	90	4258618
857	338	503	90	90	4258625
860	327	519	90	90	4258631
862	316	527	90	90	4258637
864	305	543	90	90	4258643
867	295	551	90	90	4258650
869	285	563	90	90	4258656
871	275	575	90	90	4258662
874	266	588	90	90	4258668
876	257	592	90	90	4258675
879	249	600	90	90	4258681
881	242	600	90	90	4258687
884	235	600	90	90	4258693
886	229	604	90	90	4258700
889	224	604	90	90	4258706
891	220	608	90	90	4258712
892	217	612	90	90	4258718
894	215	616	90	90	4258725
896	213	616	90	90	4258731
897	213	616	90	90	4258737
898	214	620	90	90	4258743
900	215	620	90	90	4258750
901	218	624	90	90	4258756
902	221	624	90	90	4258762
902	226	628	90	90	4258768
903	231	632	90	90	4258775
903	238	636	90	90	4258781
902	245	644	90	90	4258787
902	252	648	90	90	4258793
901	261	652	90	90	4258800
900	269	652	90	90	4258806
899	278	652	90	90	4258812
897	287	652	90	90	4258818
896	296	648	90	90	4258825
894	305	648	90	90	4258831
893	314	644	90	90	4258837
891	323	644	90	90	4258843
889	332	644	90	90	4258850
886	341	648	90	90	4258856
884	349	648	90	90	4258862
881	357	656	90	90	4258868
879	365	664	90	90	4258875
876	372	672	90	90	4258881
874	379	680	90	90	4258887
872	385	692	90	90	4258893
870	391	704	90	90	4258900
868	396	720	90	90	4258906
867	400	737	90	90	4258912
866	404	749	90	90	4258918
865	407	757	90	90	4258925
864	410	769	90	90	4258931
864	413	777	90	90	4258937
864	415	785	90	90	4258943
865	417	793	90	90	4258950
866	418	793	90	90	4258956
868	420	797	90	90	4258962
871	421	797	90	90	4258968
875	423	801	90	90	4258975
879	424	801	90	90	4258981
884	425	801	90	90	4258987
891	427	805	90	90	4258993
898	429	809	90	90	4259000
905	431	813	90	90	4259006
914	432	821	90	90	4259012
922	434	825	90	90	4259018
930	436	829	90	90	4259025
938	438	837	90	90	4259031
945	439	837	90	90	4259037
952	440	845	90	90	4259043
959	441	853	90	90	4259050
964	441	857	90	90	4259056
969	442	857	90	90	4259062
973	442	857	90	90	4259068
976	442	853	90	90	4259075
978	442	849	90	90	4259087
982	442	450	90	90	4259143
2
1
508	389	0	90	90	4385170
305
381	377	12	90	90	4385457
390	377	88	90	90	4385463
396	377	161	90	90	4385470
401	377	173	90	90	4385476
408	376	189	90	90	4385482
415	376	205	90	90	4385488
422	375	217	90	90	4385495
430	374	233	90	90	4385501
438	374	245	90	90	4385507
447	373	253	90	90	4385513
455	373	253	90	90	4385520
464	373	257	90	90	4385526
472	373	257	90	90	4385532
480	374	261	90	90	4385538
488	374	261	90	90	4385545
496	375	265	90	90	4385551
503	375	273	90	90	4385557
509	375	281	90	90	4385563
515	376	289	90	90	4385570
521	376	298	90	90	4385576
526	376	306	90	90	4385582
531	376	322	90	90	4385588
535	376	326	90	90	4385595
538	376	338	90	90	4385601
541	376	346	90	90	4385607
544	377	350	90	90	4385613
546	377	354	90	90	4385620
548	378	354	90	90	4385626
549	379	362	90	90	4385632
550	381	362	90	90	4385638
550	382	362	90	90	4385645
551	384	366	90	90	4385651
551	385	374	90	90	4385657
551	387	382	90	90	4385663
551	389	390	90	90	4385670
551	392	398	90	90	4385676
551	395	414	90	90	4385682
551	398	426	90	90	4385688
551	402	439	90	90	4385695
552	406	447	90	90	4385701
552	411	451	90	90	4385707
553	417	455	90	90	4385713
553	423	455	90	90	4385720
554	430	455	90	90	4385726
556	438	455	90	90	4385732
557	446	455	90	90	4385738
559	454	455	90	90	4385745
560	462	455	90	90	4385751
562	469	451	90	90	4385757
563	477	451	90	90	4385763
565	484	451	90	90	4385770
566	491	451	90	90	4385776
568	498	455	90	90	4385782
569	504	455	90	90	4385788
570	510	455	90	90	4385795
571	516	455	90	90	4385801
573	522	455	90	90	4385807
574	528	459	90	90	4385813
575	533	459	90	90	4385820
576	537	459	90	90	4385826
577	540	455	90	90	4385832
578	543	455	90	90	4385838
579	545	451	90	90	4385845
579	547	451	90	90	4385851
580	547	447	90	90	4385857
581	547	443	90	90	4385863
582	545	443	90	90	4385870
584	543	443	90	90	4385876
585	539	447	90	90	4385882
587	535	451	90	90	4385888
589	529	455	90	90	4385895
591	522	459	90	90	4385901
593	514	459	90	90	4385907
595	505	463	90	90	4385913
598	495	463	90	90	4385920
601	485	463	90	90	4385926
604	474	463	90	90	4385932
607	462	463	90	90	4385938
611	451	459	90	90	4385945
615	439	459	90	90	4385951
619	427	463	90	90	4385957
623	415	463	90	90	4385963
627	403	471	90	90	4385970
631	392	475	90	90	4385976
635	380	487	90	90	4385982
640	369	499	90	90	4385988
644	357	515	90	90	4385995
647	347	523	90	90	4386001
651	337	531	90	90	4386007
655	327	531	90	90	4386013
658	318	535	90	90	4386020
662	310	535	90	90	4386026
665	302	531	90	90	4386032
669	295	527	90	90	4386038
672	289	523	90	90	4386045
675	282	523	90	90	4386051
678	276	523	90	90	4386057
680	271	527	90	90	4386063
683	265	527	90	90	4386070
684	260	531	90	90	4386076
686	255	535	90	90	4386082
687	252	539	90	90	4386088
688	248	543	90	90	4386095
689	245	539	90	90	4386101
690	243	539	90	90	4386107
690	242	541	90	90	4386132
691	245	543	90	90	4386138
690	248	547	90	90	4386145
690	253	547	90	90	4386151
689	259	551	90	90	4386157
688	266	555	90	90	4386163
687	274	555	90	90	4386170
686	283	559	90	90	4386176
685	292	559	90	90	4386182
684	301	559	90	90	4386188
684	311	555	90	90	4386195
684	321	551	90	90	4386201
683	331	539	90	90	4386207
683	342	519	90	90	4386213
683	353	479	90	90	4386220
683	364	447	90	90	4386226
683	376	402	90	90	4386232
683	388	370	90	90	4386238
683	401	334	90	90	4386245
683	414	302	90	90	4386251
683	426	281	90	90	4386257
683	439	273	90	90	4386263
683	450	277	90	90	4386270
684	460	289	90	90	4386276
684	470	302	90	90	4386282
685	478	322	90	90	4386288
686	485	338	90	90	4386295
687	491	354	90	90	4386301
688	497	374	90	90	4386307
690	503	382	90	90	4386313
691	508	390	90	90	4386320
692	513	398	90	90	4386326
693	519	402	90	90	4386332
695	523	406	90	90	4386338
696	528	414	90	90	4386345
698	532	414	90	90	4386351
699	536	414	90	90	4386357
700	538	414	90	90	4386363
702	539	414	90	90	4386370
703	540	414	90	90	4386376
705	539	422	90	90	4386382
706	538	426	90	90	4386388
708	535	443	90	90	4386395
709	532	451	90	90	4386401
711	527	463	90	90	4386407
713	521	479	90	90	4386413
716	514	499	90	90	4386420
719	505	515	90	90	4386426
722	495	527	90	90	4386432
725	484	531	90	90	4386438
728	471	535	90	90	4386445
732	459	539	90	90	4386451
736	445	539	90	90	4386457
740	432	539	90	90	4386463
744	418	539	90	90	4386470
749	405	539	90	90	4386476
753	392	547	90	90	4386482
757	379	555	90	90	4386488
762	368	567	90	90	4386495
766	357	583	90	90	4386501
771	346	588	90	90	4386507
775	336	596	90	90	4386513
779	326	604	90	90	4386520
783	317	612	90	90	4386526
787	308	620	90	90	4386532
790	300	620	90	90	4386538
794	293	620	90	90	4386545
797	286	620	90	90	4386551
800	280	628	90	90	4386557
803	275	628	90	90	4386563
805	271	628	90	90	4386570
808	268	624	90	90	4386576
809	265	616	90	90	4386582
811	264	612	90	90	4386588
812	263	604	90	90	4386595
813	263	596	90	90	4386607
814	265	588	90	90	4386613
815	268	583	90	90	4386620
815	271	575	90	90	4386626
815	275	575	90	90	4386632
815	279	571	90	90	4386638
814	285	571	90	90	4386645
813	292	571	90	90	4386651
813	300	571	90	90	4386657
812	308	575	90	90	4386663
811	318	571	90	90	4386670
810	328	567	90	90	4386676
809	339	559	90	90	4386682
808	350	555	90	90	4386688
808	362	551	90	90	4386695
808	374	543	90	90	4386701
808	386	535	90	90	4386707
808	397	527	90	90	4386713
808	409	519	90	90	4386720
809	420	503	90	90	4386726
809	432	479	90	90	4386732
809	443	455	90	90	4386738
810	454	430	90	90	4386745
810	465	402	90	90	4386751
810	476	382	90	90	4386757
810	487	366	90	90	4386763
810	497	346	90	90	4386770
811	506	342	90	90	4386776
812	515	342	90	90	4386782
813	522	350	90	90	4386788
813	529	362	90	90	4386795
814	534	374	90	90	4386801
815	539	386	90	90	4386807
816	542	398	90	90	4386813
817	545	406	90	90	4386820
817	548	418	90	90	4386826
818	549	426	90	90	4386832
819	550	443	90	90	4386845
820	550	451	90	90	4386851
821	548	459	90	90	4386857
823	546	471	90	90	4386863
824	542	487	90	90	4386870
826	538	511	90	90	4386876
828	531	531	90	90	4386882
830	523	547	90	90	4386888
833	514	563	90	90	4386895
835	502	575	90	90	4386901
837	490	588	90	90	4386907
840	476	592	90	90	4386913
843	461	592	90	90	4386920
846	446	592	90	90	4386926
849	431	588	90	90	4386932
852	417	583	90	90	4386938
856	403	583	90	90	4386945
859	390	588	90	90	4386951
863	378	592	90	90	4386957
867	366	596	90	90	4386963
870	357	600	90	90	4386970
874	347	608	90	90	4386976
877	338	616	90	90	4386982
880	330	624	90	90	4386988
883	322	632	90	90	4386995
886	315	640	90	90	4387001
888	308	652	90	90	4387007
891	301	660	90	90	4387013
893	295	672	90	90	4387020
895	290	680	90	90	4387026
897	285	688	90	90	4387032
900	281	692	90	90	4387038
902	278	696	90	90	4387045
903	276	696	90	90	4387051
905	274	692	90	90	4387057
906	274	692	90	90	4387063
907	275	688	90	90	4387070
908	276	688	90	90	4387076
908	279	688	90	90	4387082
908	282	684	90	90	4387088
907	287	684	90	90	4387095
907	292	684	90	90	4387101
906	298	680	90	90	4387107
904	305	680	90	90	4387113
903	312	676	90	90	4387120
901	320	672	90	90	4387126
899	328	664	90	90	4387132
897	337	660	90	90	4387138
895	346	652	90	90	4387145
894	355	644	90	90	4387151
892	363	636	90	90	4387157
890	372	628	90	90	4387163
889	379	624	90	90	4387170
887	386	620	90	90	4387176
886	392	616	90	90	4387182
885	398	616	90	90	4387188
884	403	620	90	90	4387195
883	406	620	90	90	4387201
882	410	628	90	90	4387207
881	412	632	90	90	4387213
880	414	640	90	90	4387220
879	416	648	90	90	4387226
879	417	660	90	90	4387238
880	418	676	90	90	4387245
882	418	684	90	90	4387251
884	418	696	90	90	4387257
886	418	704	90	90	4387263
890	417	712	90	90	4387270
895	417	724	90	90	4387276
900	416	733	90	90	4387282
906	416	741	90	90	4387288
913	416	749	90	90	4387295
920	417	761	90	90	4387301
928	417	773	90	90	4387307
936	418	785	90	90	4387313
945	419	805	90	90	4387320
953	420	821	90	90	4387326
962	420	837	90	90	4387332
969	421	849	90	90	4387338
976	421	861	90	90	4387345
982	422	861	90	90	4387351
988	422	857	90	90	4387357
993	422	845	90	90	4387363
997	422	825	90	90	4387370
1000	422	797	90	90	4387376
1003	422	753	90	90	4387388
1008	421	660	90	90	4387401
1011	421	246	90	90	4387432
2
1
513	425	0	90	90	4538871
316
370	375	72	90	90	4539258
374	376	157	90	90	4539264
377	376	177	90	90	4539271
381	377	205	90	90	4539277
385	378	229	90	90	4539283
390	379	249	90	90	4539289
395	380	265	90	90	4539296
401	381	281	90	90	4539302
407	381	289	90	90	4539308
413	382	298	90	90	4539314
420	383	302	90	90	4539321
426	383	302	90	90	4539327
432	384	306	90	90	4539333
438	384	306	90	90	4539339
444	384	306	90	90	4539346
449	384	306	90	90	4539352
455	383	306	90	90	4539358
459	383	306	90	90	4539364
464	382	306	90	90	4539371
468	382	310	90	90	4539377
471	381	318	90	90	4539383
474	381	322	90	90	4539389
477	380	326	90	90	4539396
480	380	334	90	90	4539402
482	380	338	90	90	4539408
484	380	342	90	90	4539414
486	381	346	90	90	4539421
488	381	350	90	90	4539427
489	382	354	90	90	4539433
491	383	354	90	90	4539439
492	385	362	90	90	4539446
493	386	366	90	90	4539452
495	388	366	90	90	4539458
496	391	370	90	90	4539464
497	393	370	90	90	4539471
498	396	374	90	90	4539477
500	400	378	90	90	4539483
501	404	382	90	90	4539489
503	409	386	90	90	4539496
504	414	386	90	90	4539502
506	419	390	90	90	4539508
508	425	394	90	90	4539514
510	432	398	90	90	4539521
512	439	398	90	90	4539527
515	446	398	90	90	4539533
517	454	398	90	90	4539539
519	462	398	90	90	4539546
522	469	398	90	90	4539552
524	477	398	90	90	4539558
526	484	398	90	90	4539564
528	490	398	90	90	4539571
530	496	402	90	90	4539577
531	502	402	90	90	4539583
533	506	406	90	90	4539589
534	510	414	90	90	4539596
535	512	414	90	90	4539602
536	514	414	90	90	4539608
537	516	414	90	90	4539614
538	516	418	90	90	4539621
539	516	422	90	90	4539627
540	515	422	90	90	4539633
541	514	426	90	90	4539639
542	511	430	90	90	4539646
544	508	443	90	90	4539652
546	503	447	90	90	4539658
547	498	455	90	90	4539664
549	492	459	90	90	4539671
550	484	463	90	90	4539677
552	475	467	90	90	4539683
554	466	467	90	90	4539689
556	455	467	90	90	4539696
559	444	471	90	90	4539702
562	432	471	90	90	4539708
565	420	471	90	90	4539714
568	407	475	90	90	4539721
572	395	479	90	90	4539727
576	383	487	90	90	4539733
580	370	503	90	90	4539739
584	358	519	90	90	4539746
588	347	531	90	90	4539752
592	336	543	90	90	4539758
595	325	555	90	90	4539764
598	316	563	90	90	4539771
602	306	575	90	90	4539777
605	298	588	90	90	4539783
607	290	592	90	90	4539789
610	282	596	90	90	4539796
613	275	600	90	90	4539802
615	269	604	90	90	4539808
617	264	608	90	90	4539814
619	259	608	90	90	4539821
621	255	608	90	90	4539827
623	251	608	90	90	4539833
624	249	604	90	90	4539839
625	247	600	90	90	4539846
626	246	587	90	90	4539858
627	247	575	90	90	4539864
627	249	567	90	90	4539871
627	252	563	90	90	4539877
627	256	555	90	90	4539883
627	261	555	90	90	4539889
627	267	555	90	90	4539896
626	274	559	90	90	4539902
626	281	559	90	90	4539908
625	289	563	90	90	4539914
625	297	563	90	90	4539921
625	307	567	90	90	4539927
625	316	563	90	90	4539933
624	326	559	90	90	4539939
624	337	551	90	90	4539946
624	348	543	90	90	4539952
624	360	535	90	90	4539958
624	372	527	90	90	4539964
624	384	523	90	90	4539971
625	397	515	90	90	4539977
625	409	515	90	90	4539983
626	420	515	90	90	4539989
626	431	519	90	90	4539996
627	441	527	90	90	4540002
628	451	531	90	90	4540008
629	459	531	90	90	4540014
630	468	535	90	90	4540021
631	476	535	90	90	4540027
632	484	535	90	90	4540033
634	492	531	90	90	4540039
635	499	531	90	90	4540046
636	506	527	90	90	4540052
638	513	523	90	90	4540058
639	519	523	90	90	4540064
641	525	523	90	90	4540071
642	529	523	90	90	4540077
643	533	523	90	90	4540083
644	535	527	90	90	4540089
645	537	535	90	90	4540102
647	537	547	90	90	4540108
648	535	555	90	90	4540114
649	533	563	90	90	4540121
650	530	571	90	90	4540127
652	525	588	90	90	4540133
654	519	596	90	90	4540139
656	511	600	90	90	4540146
659	502	608	90	90	4540152
661	491	612	90	90	4540158
664	479	616	90	90	4540164
667	466	616	90	90	4540171
670	453	616	90	90	4540177
674	439	616	90	90	4540183
678	425	612	90	90	4540189
681	411	612	90	90	4540196
686	398	612	90	90	4540202
690	385	616	90	90	4540208
694	373	620	90	90	4540214
697	361	620	90	90	4540221
701	350	628	90	90	4540227
705	340	632	90	90	4540233
708	331	636	90	90	4540239
711	321	640	90	90	4540246
713	313	644	90	90	4540252
716	305	644	90	90	4540258
719	297	648	90	90	4540264
722	290	648	90	90	4540271
725	283	652	90	90	4540277
728	276	652	90	90	4540283
731	271	652	90	90	4540289
733	266	652	90	90	4540296
736	261	652	90	90	4540302
738	257	652	90	90	4540308
740	254	652	90	90	4540314
742	251	648	90	90	4540321
744	249	648	90	90	4540327
745	247	644	90	90	4540333
746	246	644	90	90	4540339
747	245	640	90	90	4540346
748	245	640	90	90	4540358
749	248	636	90	90	4540364
750	250	636	90	90	4540371
749	253	636	90	90	4540377
749	257	632	90	90	4540383
748	262	636	90	90	4540389
747	267	636	90	90	4540396
746	274	636	90	90	4540402
745	281	636	90	90	4540408
744	288	636	90	90	4540414
743	296	636	90	90	4540421
742	305	640	90	90	4540427
742	313	640	90	90	4540433
741	322	640	90	90	4540439
741	331	640	90	90	4540446
741	340	632	90	90	4540452
741	349	624	90	90	4540458
742	359	612	90	90	4540464
742	369	600	90	90	4540471
743	379	588	90	90	4540477
743	390	567	90	90	4540483
744	401	559	90	90	4540489
745	411	551	90	90	4540496
746	422	543	90	90	4540502
747	432	547	90	90	4540508
749	442	551	90	90	4540514
750	451	555	90	90	4540521
752	461	559	90	90	4540527
753	470	563	90	90	4540533
755	478	567	90	90	4540539
756	486	567	90	90	4540546
758	495	567	90	90	4540552
760	502	563	90	90	4540558
762	510	563	90	90	4540564
764	516	563	90	90	4540571
766	522	563	90	90	4540577
768	526	563	90	90	4540583
769	530	563	90	90	4540589
771	533	567	90	90	4540596
772	534	571	90	90	4540602
774	535	575	90	90	4540608
775	535	583	90	90	4540614
776	534	592	90	90	4540621
777	531	600	90	90	4540627
778	527	612	90	90	4540633
779	522	624	90	90	4540639
781	515	636	90	90	4540646
782	507	648	90	90	4540652
784	497	660	90	90	4540658
785	483	668	90	90	4540664
787	470	672	90	90	4540671
789	456	672	90	90	4540677
791	442	668	90	90	4540683
793	427	664	90	90	4540689
796	412	656	90	90	4540696
799	398	652	90	90	4540702
801	385	652	90	90	4540708
805	374	652	90	90	4540714
808	362	656	90	90	4540721
811	351	668	90	90	4540727
815	340	676	90	90	4540733
818	330	688	90	90	4540739
822	321	696	90	90	4540746
825	312	708	90	90	4540752
829	304	712	90	90	4540758
832	296	724	90	90	4540764
835	290	724	90	90	4540771
838	284	724	90	90	4540777
841	279	724	90	90	4540783
843	274	724	90	90	4540789
846	271	724	90	90	4540796
848	268	724	90	90	4540802
850	266	720	90	90	4540808
852	265	712	90	90	4540814
853	265	708	90	90	4540821
855	265	704	90	90	4540827
856	266	700	90	90	4540833
857	267	696	90	90	4540839
857	270	696	90	90	4540846
858	273	692	90	90	4540852
858	277	692	90	90	4540858
858	282	692	90	90	4540864
857	288	696	90	90	4540871
857	294	696	90	90	4540877
856	302	696	90	90	4540883
855	310	700	90	90	4540889
853	318	696	90	90	4540896
852	328	688	90	90	4540902
850	338	676	90	90	4540908
849	349	664	90	90	4540914
847	361	652	90	90	4540921
846	372	640	90	90	4540927
846	384	632	90	90	4540933
846	394	632	90	90	4540939
846	403	636	90	90	4540946
846	412	644	90	90	4540952
847	419	656	90	90	4540958
848	424	668	90	90	4540964
849	429	680	90	90	4540971
849	433	688	90	90	4540977
850	436	688	90	90	4540983
850	440	684	90	90	4540989
850	444	672	90	90	4540996
850	448	664	90	90	4541002
850	452	656	90	90	4541008
850	456	648	90	90	4541014
851	460	648	90	90	4541021
851	463	648	90	90	4541027
852	466	652	90	90	4541033
852	468	656	90	90	4541039
853	469	696	90	90	4541171
853	468	757	90	90	4541177
854	468	765	90	90	4541183
855	468	773	90	90	4541189
857	467	781	90	90	4541196
859	467	789	90	90	4541202
861	466	797	90	90	4541208
865	465	805	90	90	4541214
869	464	809	90	90	4541221
874	462	817	90	90	4541227
880	461	821	90	90	4541233
887	460	821	90	90	4541239
894	460	829	90	90	4541246
902	459	829	90	90	4541252
911	459	837	90	90	4541258
921	459	845	90	90	4541264
930	459	849	90	90	4541271
940	460	861	90	90	4541277
950	460	869	90	90	4541283
959	460	882	90	90	4541289
968	460	886	90	90	4541296
976	460	890	90	90	4541302
983	460	886	90	90	4541308
990	459	878	90	90	4541314
997	458	857	90	90	4541321
1002	458	829	90	90	4541327
1007	457	801	90	90	4541333
1011	456	769	90	90	4541339
1013	455	716	90	90	4541352
1018	454	660	90	90	4541364
1020	453	511	90	90	4541396
1018	454	205	90	90	4541402
1015	454	44	90	90	4541414
2
1
511	426	0	90	90	4664221
325
358	380	124	90	90	4664533
358	381	281	90	90	4664539
360	382	334	90	90	4664546
362	382	374	90	90	4664552
365	383	394	90	90	4664558
369	383	422	90	90	4664564
374	384	443	90	90	4664571
380	384	455	90	90	4664577
386	384	463	90	90	4664583
392	383	467	90	90	4664589
399	383	467	90	90	4664596
406	382	467	90	90	4664602
413	381	467	90	90	4664608
420	380	467	90	90	4664614
426	379	467	90	90	4664621
433	378	467	90	90	4664627
439	378	463	90	90	4664633
445	377	463	90	90	4664639
451	377	463	90	90	4664646
456	376	463	90	90	4664652
461	376	463	90	90	4664658
466	376	463	90	90	4664664
470	376	463	90	90	4664671
474	376	459	90	90	4664677
477	377	463	90	90	4664683
480	377	463	90	90	4664689
483	378	463	90	90	4664696
485	379	463	90	90	4664702
487	380	467	90	90	4664708
489	382	467	90	90	4664714
491	383	471	90	90	4664721
492	385	471	90	90	4664727
494	387	471	90	90	4664733
495	389	471	90	90	4664739
496	391	471	90	90	4664746
497	394	471	90	90	4664752
499	397	471	90	90	4664758
500	400	471	90	90	4664764
502	404	471	90	90	4664771
504	408	471	90	90	4664777
506	413	471	90	90	4664783
508	419	471	90	90	4664789
511	424	471	90	90	4664796
513	430	475	90	90	4664802
515	436	475	90	90	4664808
517	443	475	90	90	4664814
518	449	475	90	90	4664821
520	456	475	90	90	4664827
521	462	479	90	90	4664833
522	469	479	90	90	4664839
523	476	479	90	90	4664846
524	482	487	90	90	4664852
524	489	487	90	90	4664858
525	495	491	90	90	4664864
526	501	499	90	90	4664871
526	507	511	90	90	4664877
527	512	515	90	90	4664883
527	516	523	90	90	4664889
528	520	531	90	90	4664896
528	523	535	90	90	4664902
529	526	543	90	90	4664908
529	528	547	90	90	4664914
530	529	547	90	90	4664927
531	530	547	90	90	4664933
532	530	547	90	90	4664939
534	528	547	90	90	4664946
535	526	547	90	90	4664952
537	523	547	90	90	4664958
538	518	547	90	90	4664964
540	513	551	90	90	4664971
542	506	555	90	90	4664977
543	498	555	90	90	4664983
545	490	559	90	90	4664989
546	480	559	90	90	4664996
548	471	559	90	90	4665002
549	460	563	90	90	4665008
551	450	563	90	90	4665014
553	439	567	90	90	4665021
555	428	571	90	90	4665027
557	418	583	90	90	4665033
559	407	592	90	90	4665039
562	396	604	90	90	4665046
565	386	612	90	90	4665052
568	375	624	90	90	4665058
571	364	636	90	90	4665064
574	354	648	90	90	4665071
577	343	656	90	90	4665077
580	333	664	90	90	4665083
583	323	672	90	90	4665089
586	313	676	90	90	4665096
589	304	680	90	90	4665102
592	296	680	90	90	4665108
595	288	684	90	90	4665114
597	281	684	90	90	4665121
599	275	684	90	90	4665127
602	270	688	90	90	4665133
604	265	684	90	90	4665139
606	260	684	90	90	4665146
608	256	684	90	90	4665152
610	252	684	90	90	4665158
611	249	684	90	90	4665164
613	246	684	90	90	4665171
614	244	680	90	90	4665177
615	243	676	90	90	4665183
617	242	672	90	90	4665189
618	243	672	90	90	4665196
619	245	668	90	90	4665202
620	248	664	90	90	4665208
621	252	660	90	90	4665214
622	257	660	90	90	4665221
623	263	660	90	90	4665227
623	270	660	90	90	4665233
624	277	664	90	90	4665239
624	286	664	90	90	4665246
625	295	664	90	90	4665252
625	304	664	90	90	4665258
625	314	664	90	90	4665264
626	324	660	90	90	4665271
626	335	652	90	90	4665277
626	346	644	90	90	4665283
627	357	628	90	90	4665289
628	369	612	90	90	4665296
628	381	600	90	90	4665302
630	392	583	90	90	4665308
631	404	567	90	90	4665314
632	415	555	90	90	4665321
633	425	547	90	90	4665327
635	435	539	90	90	4665333
636	445	539	90	90	4665339
638	453	539	90	90	4665346
639	462	543	90	90	4665352
640	470	543	90	90	4665358
642	478	547	90	90	4665364
643	485	547	90	90	4665371
644	492	551	90	90	4665377
645	499	555	90	90	4665383
647	505	555	90	90	4665389
648	511	559	90	90	4665396
649	516	563	90	90	4665402
651	520	563	90	90	4665408
652	524	563	90	90	4665414
653	526	563	90	90	4665421
655	528	563	90	90	4665427
656	529	559	90	90	4665433
657	530	555	90	90	4665439
659	530	555	90	90	4665446
660	529	555	90	90	4665452
662	528	555	90	90	4665458
664	527	555	90	90	4665464
666	524	559	90	90	4665471
669	520	567	90	90	4665477
671	515	575	90	90	4665483
674	508	592	90	90	4665489
676	498	600	90	90	4665496
679	489	612	90	90	4665502
682	477	624	90	90	4665508
684	465	628	90	90	4665514
687	452	636	90	90	4665521
690	438	640	90	90	4665527
693	424	648	90	90	4665533
696	410	652	90	90	4665539
700	398	656	90	90	4665546
704	385	664	90	90	4665552
708	371	672	90	90	4665558
712	358	680	90	90	4665564
716	346	692	90	90	4665571
721	334	696	90	90	4665577
725	323	704	90	90	4665583
729	311	708	90	90	4665589
732	301	712	90	90	4665596
736	291	720	90	90	4665602
739	281	720	90	90	4665608
743	273	720	90	90	4665614
746	265	720	90	90	4665621
748	258	720	90	90	4665627
751	252	720	90	90	4665633
753	248	720	90	90	4665639
755	244	720	90	90	4665646
757	242	712	90	90	4665652
759	240	712	90	90	4665658
761	239	708	90	90	4665664
762	238	708	90	90	4665671
763	238	708	90	90	4665677
764	239	708	90	90	4665683
765	241	708	90	90	4665689
766	244	708	90	90	4665696
766	248	708	90	90	4665702
766	253	708	90	90	4665708
766	260	708	90	90	4665714
765	268	704	90	90	4665721
765	278	704	90	90	4665727
765	289	700	90	90	4665733
764	301	696	90	90	4665739
764	313	692	90	90	4665746
765	325	692	90	90	4665752
765	337	688	90	90	4665758
765	349	684	90	90	4665764
766	361	680	90	90	4665771
766	372	668	90	90	4665777
766	384	652	90	90	4665783
766	395	636	90	90	4665789
765	407	612	90	90	4665796
765	419	583	90	90	4665802
764	431	555	90	90	4665808
764	443	531	90	90	4665814
765	455	523	90	90	4665821
765	466	523	90	90	4665827
766	476	531	90	90	4665833
767	485	539	90	90	4665839
769	493	551	90	90	4665846
770	499	571	90	90	4665852
771	505	596	90	90	4665858
771	509	612	90	90	4665864
772	513	620	90	90	4665871
773	515	624	90	90	4665877
774	518	628	90	90	4665883
775	520	628	90	90	4665889
776	521	628	90	90	4665896
777	522	628	90	90	4665902
779	522	624	90	90	4665908
780	521	624	90	90	4665914
782	519	628	90	90	4665921
783	516	632	90	90	4665927
785	511	636	90	90	4665933
786	505	644	90	90	4665939
788	497	652	90	90	4665946
789	487	664	90	90	4665952
790	476	672	90	90	4665958
792	464	680	90	90	4665964
794	450	684	90	90	4665971
796	436	688	90	90	4665977
798	422	692	90	90	4665983
801	407	692	90	90	4665989
803	393	692	90	90	4665996
805	380	692	90	90	4666002
808	367	692	90	90	4666008
811	355	696	90	90	4666014
813	343	704	90	90	4666021
816	331	712	90	90	4666027
819	320	724	90	90	4666033
822	308	733	90	90	4666039
825	297	741	90	90	4666046
828	287	745	90	90	4666052
831	277	753	90	90	4666058
834	268	757	90	90	4666064
836	260	761	90	90	4666071
839	254	761	90	90	4666077
841	248	761	90	90	4666083
844	244	761	90	90	4666089
846	241	761	90	90	4666096
848	238	757	90	90	4666102
850	238	753	90	90	4666108
851	238	753	90	90	4666114
853	239	749	90	90	4666121
854	241	749	90	90	4666127
855	245	745	90	90	4666133
855	249	745	90	90	4666139
856	253	745	90	90	4666146
855	259	745	90	90	4666152
855	265	749	90	90	4666158
854	271	749	90	90	4666164
854	278	749	90	90	4666171
853	284	749	90	90	4666177
852	290	749	90	90	4666183
851	296	749	90	90	4666189
850	301	749	90	90	4666196
849	307	741	90	90	4666202
848	313	737	90	90	4666208
847	319	728	90	90	4666214
845	326	720	90	90	4666221
844	332	708	90	90	4666227
842	339	704	90	90	4666233
841	346	700	90	90	4666239
840	352	700	90	90	4666246
838	357	704	90	90	4666252
837	362	708	90	90	4666258
836	366	720	90	90	4666264
835	369	724	90	90	4666271
833	372	728	90	90	4666277
832	375	728	90	90	4666283
831	378	720	90	90	4666289
829	382	708	90	90	4666296
828	385	700	90	90	4666302
827	389	692	90	90	4666308
827	393	688	90	90	4666314
827	397	688	90	90	4666321
827	401	688	90	90	4666327
827	404	696	90	90	4666333
827	407	704	90	90	4666339
827	409	712	90	90	4666346
828	411	733	90	90	4666352
828	413	741	90	90	4666358
829	414	753	90	90	4666371
830	415	757	90	90	4666377
831	415	761	90	90	4666383
833	415	761	90	90	4666389
836	416	765	90	90	4666396
838	416	765	90	90	4666402
842	416	769	90	90	4666408
846	417	773	90	90	4666414
851	418	777	90	90	4666421
856	418	785	90	90	4666427
862	419	793	90	90	4666433
868	420	801	90	90	4666439
875	420	809	90	90	4666446
882	421	821	90	90	4666452
890	422	833	90	90	4666458
897	423	849	90	90	4666464
906	425	857	90	90	4666471
914	426	873	90	90	4666477
923	427	886	90	90	4666483
931	428	894	90	90	4666489
939	430	902	90	90	4666496
947	431	906	90	90	4666502
954	431	914	90	90	4666508
961	432	922	90	90	4666514
967	433	930	90	90	4666521
971	433	930	90	90	4666527
975	433	934	90	90	4666533
978	433	938	90	90	4666539
981	433	944	90	90	4666552
985	434	946	90	90	4666571
988	434	769	90	90	4666621
984	436	181	90	90	4666627
981	437	2	90	90	4666639
2
1
600	477	0	90	90	4776773
313
376	381	60	90	90	4777216
378	381	169	90	90	4777223
380	381	285	90	90	4777229
382	380	386	90	90	4777235
384	380	447	90	90	4777241
386	379	455	90	90	4777248
389	378	455	90	90	4777254
393	378	459	90	90	4777260
398	377	463	90	90	4777266
402	376	467	90	90	4777273
408	376	467	90	90	4777279
413	377	463	90	90	4777285
420	377	459	90	90	4777291
426	378	455	90	90	4777298
432	379	447	90	90	4777304
438	380	439	90	90	4777310
445	381	426	90	90	4777316
451	382	418	90	90	4777323
457	383	414	90	90	4777329
463	383	414	90	90	4777335
469	384	418	90	90	4777341
474	385	430	90	90	4777348
480	386	447	90	90	4777354
485	386	467	90	90	4777360
489	387	491	90	90	4777366
494	387	515	90	90	4777373
498	388	531	90	90	4777379
502	388	547	90	90	4777385
506	388	559	90	90	4777391
509	389	563	90	90	4777398
512	389	571	90	90	4777404
515	390	575	90	90	4777410
517	390	575	90	90	4777416
520	390	583	90	90	4777423
521	391	583	90	90	4777429
523	392	588	90	90	4777435
524	393	588	90	90	4777441
526	394	583	90	90	4777448
527	396	583	90	90	4777454
528	397	583	90	90	4777460
529	400	575	90	90	4777466
530	402	575	90	90	4777473
531	406	571	90	90	4777479
532	409	567	90	90	4777485
533	413	567	90	90	4777491
534	418	563	90	90	4777498
535	422	563	90	90	4777504
536	428	563	90	90	4777510
538	433	563	90	90	4777516
539	439	563	90	90	4777523
541	445	563	90	90	4777529
542	451	567	90	90	4777535
544	458	567	90	90	4777541
545	464	571	90	90	4777548
547	471	571	90	90	4777554
548	477	575	90	90	4777560
549	483	588	90	90	4777566
550	490	592	90	90	4777573
551	495	600	90	90	4777579
552	501	608	90	90	4777585
553	506	616	90	90	4777591
554	510	624	90	90	4777598
555	514	632	90	90	4777604
556	518	636	90	90	4777610
557	520	640	90	90	4777616
558	523	644	90	90	4777623
559	524	648	90	90	4777629
561	525	648	90	90	4777635
562	526	652	90	90	4777641
564	525	652	90	90	4777648
565	524	652	90	90	4777654
567	522	656	90	90	4777660
569	519	656	90	90	4777666
570	515	656	90	90	4777673
572	511	660	90	90	4777679
574	505	660	90	90	4777685
575	499	660	90	90	4777691
576	492	660	90	90	4777698
578	485	664	90	90	4777704
579	477	668	90	90	4777710
580	469	672	90	90	4777716
581	461	676	90	90	4777723
583	452	684	90	90	4777729
584	443	692	90	90	4777735
586	434	704	90	90	4777741
588	425	712	90	90	4777748
590	416	728	90	90	4777754
592	406	737	90	90	4777760
594	397	745	90	90	4777766
596	388	749	90	90	4777773
598	378	753	90	90	4777779
600	369	761	90	90	4777785
603	360	761	90	90	4777791
605	351	765	90	90	4777798
607	342	765	90	90	4777804
610	334	769	90	90	4777810
612	325	769	90	90	4777816
614	318	769	90	90	4777823
617	311	773	90	90	4777829
619	304	773	90	90	4777835
621	298	777	90	90	4777841
623	293	777	90	90	4777848
625	288	777	90	90	4777854
626	284	777	90	90	4777860
628	281	777	90	90	4777866
629	278	773	90	90	4777873
631	276	773	90	90	4777879
632	274	769	90	90	4777885
633	274	765	90	90	4777891
635	274	761	90	90	4777898
636	275	761	90	90	4777904
637	276	757	90	90	4777910
639	279	753	90	90	4777916
640	282	753	90	90	4777923
642	287	753	90	90	4777929
644	292	753	90	90	4777935
646	298	749	90	90	4777941
648	304	749	90	90	4777948
649	312	749	90	90	4777954
651	320	745	90	90	4777960
653	328	745	90	90	4777966
655	337	741	90	90	4777973
656	346	741	90	90	4777979
658	355	737	90	90	4777985
659	364	733	90	90	4777991
660	374	728	90	90	4777998
661	383	724	90	90	4778004
662	393	724	90	90	4778010
663	402	720	90	90	4778016
664	412	720	90	90	4778023
666	422	720	90	90	4778029
667	431	724	90	90	4778035
669	441	724	90	90	4778041
670	450	728	90	90	4778048
672	458	733	90	90	4778054
674	467	737	90	90	4778060
676	475	741	90	90	4778066
678	482	741	90	90	4778073
680	489	745	90	90	4778079
682	496	745	90	90	4778085
683	501	741	90	90	4778091
685	507	741	90	90	4778098
687	511	741	90	90	4778104
689	515	737	90	90	4778110
690	517	733	90	90	4778116
692	519	728	90	90	4778123
694	520	724	90	90	4778129
695	519	720	90	90	4778135
697	517	712	90	90	4778141
698	514	712	90	90	4778148
700	511	708	90	90	4778154
702	506	708	90	90	4778160
703	500	712	90	90	4778166
705	493	712	90	90	4778173
706	485	712	90	90	4778179
708	478	720	90	90	4778185
709	469	724	90	90	4778191
711	460	724	90	90	4778198
712	451	724	90	90	4778204
714	442	728	90	90	4778210
716	433	728	90	90	4778216
718	423	728	90	90	4778223
721	414	728	90	90	4778229
723	404	733	90	90	4778235
726	394	733	90	90	4778241
729	385	737	90	90	4778248
732	375	737	90	90	4778254
735	365	741	90	90	4778260
737	356	741	90	90	4778266
740	346	745	90	90	4778273
743	337	753	90	90	4778279
745	328	753	90	90	4778285
748	320	757	90	90	4778291
750	312	761	90	90	4778298
753	304	765	90	90	4778304
755	297	769	90	90	4778310
757	291	773	90	90	4778316
759	285	773	90	90	4778323
761	280	773	90	90	4778329
763	276	777	90	90	4778335
765	273	777	90	90	4778341
766	271	777	90	90	4778348
767	270	777	90	90	4778354
769	270	777	90	90	4778360
770	270	777	90	90	4778366
772	271	777	90	90	4778373
773	273	781	90	90	4778379
775	277	781	90	90	4778385
776	281	785	90	90	4778391
778	286	785	90	90	4778398
779	292	785	90	90	4778404
780	299	785	90	90	4778410
782	307	785	90	90	4778416
783	316	785	90	90	4778423
784	325	781	90	90	4778429
786	335	781	90	90	4778435
787	346	777	90	90	4778441
788	356	773	90	90	4778448
788	366	769	90	90	4778454
789	377	765	90	90	4778460
789	387	761	90	90	4778466
789	397	757	90	90	4778473
789	407	753	90	90	4778479
789	417	745	90	90	4778485
789	428	741	90	90	4778491
789	438	737	90	90	4778498
789	449	737	90	90	4778504
789	460	737	90	90	4778510
789	471	733	90	90	4778516
790	482	737	90	90	4778523
790	492	737	90	90	4778529
791	501	741	90	90	4778535
792	509	745	90	90	4778541
792	517	749	90	90	4778548
793	524	753	90	90	4778554
794	529	753	90	90	4778560
795	533	757	90	90	4778566
795	537	757	90	90	4778573
796	539	757	90	90	4778579
797	541	757	90	90	4778585
798	542	753	90	90	4778598
799	540	749	90	90	4778604
801	538	749	90	90	4778610
802	535	749	90	90	4778616
804	530	749	90	90	4778623
806	524	753	90	90	4778629
807	517	753	90	90	4778635
809	509	757	90	90	4778641
811	500	761	90	90	4778648
813	490	761	90	90	4778654
815	480	765	90	90	4778660
818	469	765	90	90	4778666
820	459	769	90	90	4778673
823	447	769	90	90	4778679
825	436	769	90	90	4778685
828	426	773	90	90	4778691
831	415	773	90	90	4778698
834	404	777	90	90	4778704
837	393	773	90	90	4778710
840	382	777	90	90	4778716
843	371	777	90	90	4778723
845	360	781	90	90	4778729
848	349	785	90	90	4778735
851	339	789	90	90	4778741
853	328	789	90	90	4778748
856	318	793	90	90	4778754
859	308	801	90	90	4778760
861	299	805	90	90	4778766
863	291	809	90	90	4778773
865	283	813	90	90	4778779
867	277	817	90	90	4778785
869	272	817	90	90	4778791
871	268	821	90	90	4778798
873	265	821	90	90	4778804
875	263	821	90	90	4778810
877	262	821	90	90	4778816
880	262	817	90	90	4778823
881	262	817	90	90	4778829
883	264	813	90	90	4778835
885	267	813	90	90	4778841
886	270	813	90	90	4778848
887	275	809	90	90	4778854
888	280	809	90	90	4778860
889	287	805	90	90	4778866
890	294	801	90	90	4778873
891	302	801	90	90	4778879
891	310	793	90	90	4778885
892	319	789	90	90	4778891
892	327	785	90	90	4778898
892	336	777	90	90	4778904
892	344	773	90	90	4778910
892	352	769	90	90	4778916
891	360	769	90	90	4778923
890	368	769	90	90	4778929
889	375	769	90	90	4778935
888	381	773	90	90	4778941
887	388	777	90	90	4778948
885	394	781	90	90	4778954
883	399	785	90	90	4778960
882	405	793	90	90	4778966
880	410	797	90	90	4778973
879	414	801	90	90	4778979
878	418	805	90	90	4778985
877	422	805	90	90	4778991
876	425	809	90	90	4778998
876	427	809	90	90	4779004
876	429	809	90	90	4779010
876	430	809	90	90	4779016
876	431	813	90	90	4779029
877	433	813	90	90	4779035
878	433	813	90	90	4779041
880	433	817	90	90	4779048
882	433	821	90	90	4779054
884	432	825	90	90	4779060
887	432	829	90	90	4779066
891	432	833	90	90	4779073
896	431	841	90	90	4779079
901	431	845	90	90	4779085
907	431	853	90	90	4779091
913	431	857	90	90	4779098
920	431	861	90	90	4779104
927	431	865	90	90	4779110
935	431	869	90	90	4779116
942	432	869	90	90	4779123
949	432	878	90	90	4779129
956	433	882	90	90	4779135
963	433	890	90	90	4779141
968	433	894	90	90	4779148
973	433	898	90	90	4779154
978	433	898	90	90	4779160
981	433	898	90	90	4779166
985	433	894	90	90	4779179
988	432	437	90	90	4779229
