5
1
168	405	0	90	90	753439041
33
132	399	855	90	90	753439287
133	399	904	90	90	753439298
134	399	906	90	90	753439309
135	399	936	90	90	753439320
137	399	946	90	90	753439330
139	399	978	90	90	753439341
142	399	976	90	90	753439352
146	398	996	90	90	753439363
150	398	1016	90	90	753439373
156	397	1023	90	90	753439384
162	396	1023	90	90	753439395
169	395	1023	90	90	753439406
177	394	1023	90	90	753439416
186	393	1023	90	90	753439427
196	393	1023	90	90	753439438
208	392	1023	90	90	753439449
220	391	1023	90	90	753439459
234	390	1023	90	90	753439470
249	389	1023	90	90	753439481
264	388	1023	90	90	753439492
280	388	1023	90	90	753439502
297	387	1023	90	90	753439513
314	387	1023	90	90	753439524
331	386	1023	90	90	753439535
349	386	1023	90	90	753439545
366	385	1023	90	90	753439556
382	384	1023	90	90	753439567
397	383	1023	90	90	753439578
411	383	1023	90	90	753439588
422	383	1023	90	90	753439599
432	382	1023	90	90	753439610
439	382	1008	90	90	753439621
444	384	166	90	90	753439642
78
691	427	914	90	90	753440312
693	429	866	90	90	753440322
693	431	862	90	90	753440333
692	433	878	90	90	753440344
690	436	892	90	90	753440355
687	440	902	90	90	753440365
684	444	894	90	90	753440376
679	449	896	90	90	753440387
673	454	908	90	90	753440398
667	459	920	90	90	753440408
660	464	926	90	90	753440419
652	469	938	90	90	753440430
644	474	936	90	90	753440441
634	479	948	90	90	753440451
625	484	952	90	90	753440462
614	488	960	90	90	753440473
603	492	966	90	90	753440484
592	495	970	90	90	753440494
581	497	976	90	90	753440505
569	499	982	90	90	753440516
558	500	988	90	90	753440527
546	500	976	90	90	753440537
535	499	978	90	90	753440548
523	497	984	90	90	753440559
512	495	980	90	90	753440570
501	491	980	90	90	753440580
490	487	978	90	90	753440591
480	481	978	90	90	753440602
471	475	978	90	90	753440613
462	467	978	90	90	753440623
454	459	978	90	90	753440634
447	450	978	90	90	753440645
441	440	992	90	90	753440656
435	429	1004	90	90	753440666
431	418	1008	90	90	753440677
427	407	1010	90	90	753440688
425	396	1020	90	90	753440699
424	384	1023	90	90	753440709
424	372	1023	90	90	753440720
425	360	1023	90	90	753440731
428	348	1023	90	90	753440742
432	337	1023	90	90	753440752
437	325	1023	90	90	753440763
443	314	1023	90	90	753440774
450	304	1023	90	90	753440785
458	294	1023	90	90	753440795
467	286	1023	90	90	753440806
477	278	1023	90	90	753440817
489	270	1023	90	90	753440828
502	264	1023	90	90	753440838
515	258	1023	90	90	753440849
529	253	1023	90	90	753440860
544	250	1023	90	90	753440871
559	247	1023	90	90	753440881
575	245	1023	90	90	753440892
591	245	1023	90	90	753440903
607	246	1023	90	90	753440914
623	249	1023	90	90	753440924
639	253	1023	90	90	753440935
654	258	1023	90	90	753440946
670	265	1023	90	90	753440957
684	273	1023	90	90	753440967
697	281	1023	90	90	753440978
708	290	1023	90	90	753440989
717	300	1023	90	90	753441000
724	311	1023	90	90	753441010
729	324	1023	90	90	753441021
731	337	1023	90	90	753441032
731	352	1023	90	90	753441043
728	368	1023	90	90	753441053
722	384	1023	90	90	753441064
714	400	1023	90	90	753441075
703	416	1023	90	90	753441086
691	430	1023	90	90	753441096
677	443	1023	90	90	753441107
662	454	1023	90	90	753441118
647	463	920	90	90	753441129
632	472	141	90	90	753441150
97
462	376	811	90	90	753441838
461	375	752	90	90	753441849
460	375	804	90	90	753441881
459	375	924	90	90	753441914
459	374	1004	90	90	753441935
460	374	1023	90	90	753441957
461	374	1023	90	90	753441967
462	374	1023	90	90	753441978
464	374	1023	90	90	753441989
465	374	1023	90	90	753442000
467	374	1023	90	90	753442010
470	374	1023	90	90	753442021
473	374	1023	90	90	753442032
477	373	1023	90	90	753442043
482	373	1023	90	90	753442053
487	372	1023	90	90	753442064
493	372	1023	90	90	753442075
499	371	1023	90	90	753442086
507	370	1023	90	90	753442096
514	370	1023	90	90	753442107
523	369	1023	90	90	753442118
532	368	1023	90	90	753442129
541	367	1023	90	90	753442139
551	367	1023	90	90	753442150
562	366	1023	90	90	753442161
572	366	1023	90	90	753442172
583	365	1023	90	90	753442182
594	365	1023	90	90	753442193
604	365	1023	90	90	753442204
615	364	1023	90	90	753442215
625	364	1023	90	90	753442225
634	364	1023	90	90	753442236
642	364	1023	90	90	753442247
650	363	1023	90	90	753442258
657	363	1023	90	90	753442268
662	363	1023	90	90	753442279
667	363	1023	90	90	753442290
671	363	1023	90	90	753442301
673	363	1023	90	90	753442311
675	364	1023	90	90	753442322
676	364	1023	90	90	753442333
676	365	1023	90	90	753442344
676	366	1023	90	90	753442354
675	367	1023	90	90	753442365
673	369	1023	90	90	753442376
670	371	1023	90	90	753442387
666	373	1023	90	90	753442397
661	376	1023	90	90	753442408
655	379	1023	90	90	753442419
649	382	1023	90	90	753442430
643	385	1023	90	90	753442440
636	389	1023	90	90	753442451
629	392	1023	90	90	753442462
622	395	1023	90	90	753442473
616	398	1023	90	90	753442483
610	401	1023	90	90	753442494
605	403	1023	90	90	753442505
601	404	1023	90	90	753442516
599	405	1023	90	90	753442526
597	405	1023	90	90	753442548
597	404	1023	90	90	753442559
599	403	1023	90	90	753442569
602	401	1023	90	90	753442580
606	399	1023	90	90	753442591
611	396	1023	90	90	753442602
617	394	1023	90	90	753442612
624	392	1023	90	90	753442623
631	389	1023	90	90	753442634
639	387	1023	90	90	753442645
647	384	1023	90	90	753442655
655	380	1023	90	90	753442666
662	377	1023	90	90	753442677
669	374	1023	90	90	753442688
676	371	1023	90	90	753442698
681	368	1023	90	90	753442709
686	365	1023	90	90	753442720
688	363	1023	90	90	753442731
690	361	1023	90	90	753442741
690	360	1023	90	90	753442752
688	358	1023	90	90	753442763
685	357	1023	90	90	753442774
681	355	1023	90	90	753442784
675	352	1023	90	90	753442795
669	349	1023	90	90	753442806
662	346	1023	90	90	753442817
655	343	1023	90	90	753442827
648	339	1023	90	90	753442838
641	335	1023	90	90	753442849
635	331	1023	90	90	753442860
629	327	1023	90	90	753442870
623	323	1023	90	90	753442881
618	320	1023	90	90	753442892
613	317	1023	90	90	753442903
609	315	1023	90	90	753442913
606	312	1023	90	90	753442924
604	310	996	90	90	753442935
603	308	205	90	90	753442956
29
719	366	874	90	90	753444296
720	364	836	90	90	753444317
719	364	856	90	90	753444339
718	364	868	90	90	753444349
717	364	970	90	90	753444425
718	363	1023	90	90	753444435
719	363	1023	90	90	753444446
721	363	1023	90	90	753444457
724	363	1023	90	90	753444468
728	363	1023	90	90	753444478
733	363	1023	90	90	753444489
740	363	1023	90	90	753444500
747	362	1023	90	90	753444511
755	361	1023	90	90	753444521
765	360	1023	90	90	753444532
776	359	1023	90	90	753444543
787	358	1023	90	90	753444554
800	357	1023	90	90	753444564
813	356	1023	90	90	753444575
827	355	1023	90	90	753444586
840	354	1023	90	90	753444597
854	354	1023	90	90	753444607
868	353	1023	90	90	753444618
881	353	1023	90	90	753444629
892	353	1023	90	90	753444640
903	354	1023	90	90	753444650
911	355	1023	90	90	753444661
918	356	1023	90	90	753444672
923	357	287	90	90	753444693
5
1
160	421	0	90	90	753446853
38
149	413	466	90	90	753446968
148	412	895	90	90	753446989
148	411	983	90	90	753447054
149	411	1023	90	90	753447064
151	411	1023	90	90	753447075
153	412	1023	90	90	753447086
155	412	1023	90	90	753447097
159	412	1023	90	90	753447107
162	412	1023	90	90	753447118
167	412	1023	90	90	753447129
172	412	1023	90	90	753447140
178	412	1023	90	90	753447150
184	413	1023	90	90	753447161
191	413	1023	90	90	753447172
199	413	1023	90	90	753447183
207	414	1023	90	90	753447193
216	414	1023	90	90	753447204
227	414	1023	90	90	753447215
238	414	1023	90	90	753447226
249	414	1023	90	90	753447236
262	414	1023	90	90	753447247
275	414	1023	90	90	753447258
289	415	1023	90	90	753447269
303	416	1023	90	90	753447279
318	416	1023	90	90	753447290
333	417	1023	90	90	753447301
348	418	1023	90	90	753447312
363	419	1023	90	90	753447322
378	419	1023	90	90	753447333
393	420	1023	90	90	753447344
408	420	1023	90	90	753447355
422	420	1023	90	90	753447365
435	420	1023	90	90	753447376
447	419	1023	90	90	753447387
458	418	1023	90	90	753447398
466	418	1023	90	90	753447408
471	418	1023	90	90	753447419
474	419	224	90	90	753447441
87
656	491	824	90	90	753448265
659	491	852	90	90	753448275
660	491	816	90	90	753448297
660	492	830	90	90	753448308
658	494	842	90	90	753448318
656	495	860	90	90	753448329
654	497	866	90	90	753448340
650	500	886	90	90	753448351
647	502	902	90	90	753448361
642	504	896	90	90	753448372
638	506	912	90	90	753448383
633	508	930	90	90	753448394
627	510	932	90	90	753448404
621	512	940	90	90	753448415
615	514	952	90	90	753448426
609	515	960	90	90	753448437
602	516	970	90	90	753448447
595	517	978	90	90	753448458
588	517	978	90	90	753448469
581	517	984	90	90	753448480
573	516	978	90	90	753448490
566	515	986	90	90	753448501
559	514	992	90	90	753448512
552	512	998	90	90	753448523
544	510	1008	90	90	753448533
537	507	1020	90	90	753448544
530	503	1023	90	90	753448555
522	499	1023	90	90	753448566
515	495	1023	90	90	753448576
507	490	1023	90	90	753448587
500	484	1023	90	90	753448598
492	479	1023	90	90	753448609
485	473	1023	90	90	753448619
478	466	1023	90	90	753448630
472	459	1023	90	90	753448641
466	452	1023	90	90	753448652
461	444	1023	90	90	753448662
456	436	1023	90	90	753448673
452	427	1023	90	90	753448684
449	418	1023	90	90	753448695
448	409	1023	90	90	753448705
447	401	1023	90	90	753448716
447	392	1023	90	90	753448727
448	384	1023	90	90	753448738
449	376	1023	90	90	753448748
452	369	1023	90	90	753448759
455	361	1023	90	90	753448770
459	354	1023	90	90	753448781
464	347	1023	90	90	753448791
470	341	1023	90	90	753448802
477	335	1023	90	90	753448813
485	329	1023	90	90	753448824
493	324	1023	90	90	753448834
502	319	1023	90	90	753448845
511	314	1023	90	90	753448856
522	310	1023	90	90	753448867
533	306	1023	90	90	753448877
544	304	1023	90	90	753448888
557	302	1023	90	90	753448899
569	301	1023	90	90	753448910
582	300	1023	90	90	753448920
594	300	1023	90	90	753448931
608	301	1023	90	90	753448942
622	303	1023	90	90	753448953
635	306	1023	90	90	753448963
649	311	1023	90	90	753448974
662	316	1023	90	90	753448985
675	321	1023	90	90	753448996
687	328	1023	90	90	753449006
699	335	1023	90	90	753449017
710	343	1023	90	90	753449028
719	351	1023	90	90	753449039
727	361	1023	90	90	753449049
733	371	1023	90	90	753449060
736	383	1023	90	90	753449071
738	396	1023	90	90	753449082
737	409	1023	90	90	753449092
733	423	1023	90	90	753449103
727	437	1023	90	90	753449114
718	452	1023	90	90	753449125
708	466	1023	90	90	753449135
696	480	1023	90	90	753449146
682	492	1023	90	90	753449157
667	502	1023	90	90	753449168
651	510	1023	90	90	753449178
635	516	1023	90	90	753449189
619	521	313	90	90	753449211
84
493	400	884	90	90	753449828
494	399	867	90	90	753449849
495	398	950	90	90	753449871
496	398	986	90	90	753449881
497	398	1020	90	90	753449892
498	398	1023	90	90	753449903
500	398	1023	90	90	753449914
502	398	1023	90	90	753449924
505	397	1023	90	90	753449935
508	396	1023	90	90	753449946
512	396	1023	90	90	753449957
516	395	1023	90	90	753449967
522	394	1023	90	90	753449978
528	394	1023	90	90	753449989
534	393	1023	90	90	753450000
542	393	1023	90	90	753450010
549	392	1023	90	90	753450021
558	392	1023	90	90	753450032
566	391	1023	90	90	753450043
576	391	1023	90	90	753450053
585	391	1023	90	90	753450064
594	391	1023	90	90	753450075
603	391	1023	90	90	753450086
612	391	1023	90	90	753450096
620	391	1023	90	90	753450107
628	391	1023	90	90	753450118
634	390	1023	90	90	753450129
640	390	1023	90	90	753450139
645	390	1023	90	90	753450150
648	390	1023	90	90	753450161
651	390	1023	90	90	753450172
653	391	1023	90	90	753450182
653	392	1023	90	90	753450193
653	394	1023	90	90	753450204
652	396	1023	90	90	753450215
649	398	1023	90	90	753450225
645	401	1023	90	90	753450236
641	404	1023	90	90	753450247
636	407	1023	90	90	753450258
630	410	1023	90	90	753450268
623	414	1023	90	90	753450279
617	417	1023	90	90	753450290
611	421	1023	90	90	753450301
604	424	1023	90	90	753450311
599	426	1023	90	90	753450322
595	428	1023	90	90	753450333
591	429	1023	90	90	753450344
589	430	1023	90	90	753450354
588	430	1023	90	90	753450376
589	429	1023	90	90	753450387
591	428	1023	90	90	753450397
595	427	1023	90	90	753450408
599	425	1023	90	90	753450419
605	424	1023	90	90	753450430
611	422	1023	90	90	753450440
618	420	1023	90	90	753450451
625	417	1023	90	90	753450462
632	414	1023	90	90	753450473
640	411	1023	90	90	753450483
647	407	1023	90	90	753450494
654	404	1023	90	90	753450505
659	400	1023	90	90	753450516
664	397	1023	90	90	753450526
667	394	1023	90	90	753450537
669	392	1023	90	90	753450548
669	391	1023	90	90	753450559
668	389	1023	90	90	753450569
665	388	1023	90	90	753450580
661	386	1023	90	90	753450591
657	383	1023	90	90	753450602
651	380	1023	90	90	753450612
645	376	1023	90	90	753450623
639	371	1023	90	90	753450634
633	367	1023	90	90	753450645
626	362	1023	90	90	753450655
620	357	1023	90	90	753450666
614	352	1023	90	90	753450677
608	347	1023	90	90	753450688
603	344	1023	90	90	753450698
598	341	1023	90	90	753450709
595	339	1023	90	90	753450720
592	338	1023	90	90	753450731
591	337	1023	90	90	753450752
590	337	361	90	90	753450774
32
699	394	862	90	90	753451416
699	393	855	90	90	753451438
700	392	999	90	90	753451535
701	392	1023	90	90	753451545
702	392	1023	90	90	753451556
703	392	1023	90	90	753451567
704	392	1023	90	90	753451578
706	392	1023	90	90	753451588
709	392	1023	90	90	753451599
712	393	1023	90	90	753451610
716	393	1023	90	90	753451621
722	394	1023	90	90	753451631
728	394	1023	90	90	753451642
735	395	1023	90	90	753451653
743	395	1023	90	90	753451664
752	396	1023	90	90	753451674
762	396	1023	90	90	753451685
773	397	1023	90	90	753451696
786	397	1023	90	90	753451707
799	397	1023	90	90	753451717
813	397	1023	90	90	753451728
827	398	1023	90	90	753451739
842	399	1023	90	90	753451750
856	399	1023	90	90	753451760
869	400	1023	90	90	753451771
881	400	1023	90	90	753451782
891	402	1023	90	90	753451793
900	403	1023	90	90	753451803
908	404	1023	90	90	753451814
915	406	1023	90	90	753451825
919	407	912	90	90	753451836
923	407	71	90	90	753451857
5
1
169	400	0	90	90	753452947
36
153	402	855	90	90	753453074
154	402	862	90	90	753453084
155	403	897	90	90	753453106
156	403	940	90	90	753453117
158	403	984	90	90	753453127
160	404	1008	90	90	753453138
163	404	1023	90	90	753453149
166	404	1023	90	90	753453160
171	403	1023	90	90	753453170
177	403	1023	90	90	753453181
183	403	1023	90	90	753453192
190	402	1023	90	90	753453203
199	402	1023	90	90	753453213
208	401	1023	90	90	753453224
219	401	1023	90	90	753453235
230	401	1023	90	90	753453246
243	401	1023	90	90	753453256
257	400	1023	90	90	753453267
272	400	1023	90	90	753453278
287	400	1023	90	90	753453289
302	400	1023	90	90	753453299
318	400	1023	90	90	753453310
333	401	1023	90	90	753453321
349	402	1023	90	90	753453332
365	403	1023	90	90	753453342
380	404	1023	90	90	753453353
394	405	1023	90	90	753453364
407	406	1023	90	90	753453375
419	406	1023	90	90	753453385
431	407	1023	90	90	753453396
441	407	1023	90	90	753453407
450	407	1023	90	90	753453418
457	407	1023	90	90	753453428
463	407	1023	90	90	753453439
466	407	1023	90	90	753453450
467	409	332	90	90	753453471
78
679	467	592	90	90	753454031
678	470	878	90	90	753454041
676	472	850	90	90	753454052
673	475	852	90	90	753454063
669	478	890	90	90	753454074
664	481	894	90	90	753454084
658	485	918	90	90	753454095
652	489	944	90	90	753454106
644	492	942	90	90	753454117
637	495	960	90	90	753454127
629	498	982	90	90	753454138
620	501	994	90	90	753454149
611	503	980	90	90	753454160
602	504	986	90	90	753454170
592	505	996	90	90	753454181
583	505	1002	90	90	753454192
573	504	1014	90	90	753454203
562	502	1023	90	90	753454213
552	500	1023	90	90	753454224
542	498	1023	90	90	753454235
532	495	1023	90	90	753454246
522	491	1023	90	90	753454256
513	486	1023	90	90	753454267
504	481	1023	90	90	753454278
496	475	1023	90	90	753454289
488	468	1023	90	90	753454299
480	461	1023	90	90	753454310
473	453	1023	90	90	753454321
467	443	1023	90	90	753454332
461	434	1023	90	90	753454342
456	424	1023	90	90	753454353
452	413	1023	90	90	753454364
448	403	1023	90	90	753454375
446	393	1023	90	90	753454385
444	382	1023	90	90	753454396
443	372	1023	90	90	753454407
444	361	1023	90	90	753454418
445	350	1023	90	90	753454428
448	340	1023	90	90	753454439
452	329	1023	90	90	753454450
458	319	1023	90	90	753454461
464	310	1023	90	90	753454471
471	301	1023	90	90	753454482
479	293	1023	90	90	753454493
487	285	1023	90	90	753454504
497	279	1023	90	90	753454514
507	274	1023	90	90	753454525
519	269	1023	90	90	753454536
531	265	1023	90	90	753454547
544	262	1023	90	90	753454557
557	260	1023	90	90	753454568
571	259	1023	90	90	753454579
585	259	1023	90	90	753454590
598	260	1023	90	90	753454600
612	263	1023	90	90	753454611
626	266	1023	90	90	753454622
640	271	1023	90	90	753454633
653	276	1023	90	90	753454643
666	282	1023	90	90	753454654
678	290	1023	90	90	753454665
688	299	1023	90	90	753454676
698	309	1023	90	90	753454686
706	320	1023	90	90	753454697
712	332	1023	90	90	753454708
716	346	1023	90	90	753454719
718	360	1023	90	90	753454729
718	375	1023	90	90	753454740
716	390	1023	90	90	753454751
712	405	1023	90	90	753454762
706	420	1023	90	90	753454772
697	435	1023	90	90	753454783
687	448	1023	90	90	753454794
676	461	1023	90	90	753454805
663	471	1023	90	90	753454815
649	479	1023	90	90	753454826
635	487	1023	90	90	753454837
622	494	1023	90	90	753454848
609	502	260	90	90	753454869
88
467	390	530	90	90	753455390
466	390	728	90	90	753455411
465	390	828	90	90	753455433
464	390	926	90	90	753455454
463	390	974	90	90	753455486
462	390	982	90	90	753455508
462	389	1014	90	90	753455540
463	389	1023	90	90	753455551
465	389	1023	90	90	753455562
467	388	1023	90	90	753455572
469	388	1023	90	90	753455583
473	387	1023	90	90	753455594
477	387	1023	90	90	753455605
482	386	1023	90	90	753455615
488	386	1023	90	90	753455626
494	385	1023	90	90	753455637
501	384	1023	90	90	753455648
509	383	1023	90	90	753455658
518	382	1023	90	90	753455669
528	381	1023	90	90	753455680
538	380	1023	90	90	753455691
549	379	1023	90	90	753455701
561	378	1023	90	90	753455712
572	378	1023	90	90	753455723
584	378	1023	90	90	753455734
595	378	1023	90	90	753455744
607	378	1023	90	90	753455755
618	378	1023	90	90	753455766
629	378	1023	90	90	753455777
639	378	1023	90	90	753455787
647	378	1023	90	90	753455798
655	378	1023	90	90	753455809
662	379	1023	90	90	753455820
667	380	1023	90	90	753455830
671	380	1023	90	90	753455841
674	381	1023	90	90	753455852
676	383	1023	90	90	753455863
677	384	1023	90	90	753455873
677	385	1023	90	90	753455884
676	386	1023	90	90	753455895
674	388	1023	90	90	753455906
671	390	1023	90	90	753455916
666	393	1023	90	90	753455927
661	396	1023	90	90	753455938
654	400	1023	90	90	753455949
647	404	1023	90	90	753455959
640	408	1023	90	90	753455970
632	412	1023	90	90	753455981
624	415	1023	90	90	753455992
617	419	1023	90	90	753456002
611	421	1023	90	90	753456013
606	423	1023	90	90	753456024
602	424	1023	90	90	753456035
600	424	1023	90	90	753456045
599	424	1023	90	90	753456067
600	422	1023	90	90	753456078
604	421	1023	90	90	753456088
608	418	1023	90	90	753456099
614	416	1023	90	90	753456110
621	413	1023	90	90	753456121
629	410	1023	90	90	753456131
637	407	1023	90	90	753456142
645	403	1023	90	90	753456153
653	399	1023	90	90	753456164
661	396	1023	90	90	753456174
667	392	1023	90	90	753456185
673	389	1023	90	90	753456196
676	386	1023	90	90	753456207
679	384	1023	90	90	753456217
679	382	1023	90	90	753456228
677	380	1023	90	90	753456239
674	377	1023	90	90	753456250
670	373	1023	90	90	753456260
665	369	1023	90	90	753456271
659	365	1023	90	90	753456282
652	360	1023	90	90	753456293
645	356	1023	90	90	753456303
639	351	1023	90	90	753456314
632	346	1023	90	90	753456325
625	343	1023	90	90	753456336
619	339	1023	90	90	753456346
614	336	1023	90	90	753456357
609	334	1023	90	90	753456368
606	332	1023	90	90	753456379
603	330	1023	90	90	753456389
602	328	1023	90	90	753456400
601	327	954	90	90	753456411
601	325	194	90	90	753456432
30
714	381	904	90	90	753456984
715	379	976	90	90	753457027
716	379	1023	90	90	753457070
717	379	1023	90	90	753457102
718	379	1023	90	90	753457123
720	379	1023	90	90	753457134
721	379	1023	90	90	753457145
722	380	1023	90	90	753457156
725	380	1023	90	90	753457166
728	380	1023	90	90	753457177
731	381	1023	90	90	753457188
737	381	1023	90	90	753457199
743	381	1023	90	90	753457209
750	381	1023	90	90	753457220
759	382	1023	90	90	753457231
769	382	1023	90	90	753457242
780	383	1023	90	90	753457252
792	383	1023	90	90	753457263
804	383	1023	90	90	753457274
817	383	1023	90	90	753457285
830	382	1023	90	90	753457295
844	382	1023	90	90	753457306
857	382	1023	90	90	753457317
869	382	1023	90	90	753457328
880	383	1023	90	90	753457338
891	383	1023	90	90	753457349
900	384	1023	90	90	753457360
908	385	1023	90	90	753457371
915	386	1023	90	90	753457381
920	387	167	90	90	753457403
6
1
117	388	0	90	90	528449760
25
97	387	538	90	90	528449890
97	385	848	90	90	528449900
97	383	844	90	90	528449911
97	382	868	90	90	528449922
97	381	941	90	90	528449954
97	380	1020	90	90	528449965
99	380	1023	90	90	528449976
102	380	1023	90	90	528449986
105	380	1023	90	90	528449997
111	381	1023	90	90	528450008
118	382	1023	90	90	528450019
127	383	1023	90	90	528450029
137	384	1023	90	90	528450040
149	385	1023	90	90	528450051
163	386	1023	90	90	528450062
177	386	1023	90	90	528450072
192	387	1023	90	90	528450083
208	387	1023	90	90	528450094
223	387	1023	90	90	528450105
238	388	1023	90	90	528450115
252	388	1023	90	90	528450126
265	389	1023	90	90	528450137
276	389	1023	90	90	528450148
285	390	1023	90	90	528450158
292	391	240	90	90	528450180
83
529	475	930	90	90	528450937
532	475	912	90	90	528450947
533	475	894	90	90	528450958
533	476	894	90	90	528450969
533	477	894	90	90	528450980
531	478	894	90	90	528450990
529	480	892	90	90	528451001
527	483	894	90	90	528451012
523	486	900	90	90	528451023
518	489	906	90	90	528451033
513	492	914	90	90	528451044
508	495	926	90	90	528451055
501	498	942	90	90	528451066
494	502	932	90	90	528451076
486	505	936	90	90	528451087
477	508	940	90	90	528451098
467	511	946	90	90	528451109
457	513	948	90	90	528451119
445	514	952	90	90	528451130
433	515	960	90	90	528451141
420	515	966	90	90	528451152
407	515	964	90	90	528451162
393	514	964	90	90	528451173
379	513	964	90	90	528451184
365	510	966	90	90	528451195
351	506	978	90	90	528451205
337	501	976	90	90	528451216
324	495	980	90	90	528451227
311	488	980	90	90	528451238
300	480	986	90	90	528451248
290	470	998	90	90	528451259
280	460	1008	90	90	528451270
272	449	1014	90	90	528451281
264	437	1020	90	90	528451291
258	424	1023	90	90	528451302
253	411	1023	90	90	528451313
250	397	1023	90	90	528451324
247	382	1023	90	90	528451334
246	368	1023	90	90	528451345
246	352	1023	90	90	528451356
246	337	1023	90	90	528451367
248	323	1023	90	90	528451377
250	309	1023	90	90	528451388
254	296	1023	90	90	528451399
258	283	1023	90	90	528451410
264	271	1023	90	90	528451420
272	259	1023	90	90	528451431
280	247	1023	90	90	528451442
290	237	1023	90	90	528451453
301	227	1023	90	90	528451463
312	218	1023	90	90	528451474
325	211	1023	90	90	528451485
339	205	1023	90	90	528451496
354	199	1023	90	90	528451506
371	194	1023	90	90	528451517
388	190	1023	90	90	528451528
405	188	1023	90	90	528451539
423	187	1023	90	90	528451549
441	187	1023	90	90	528451560
460	189	1023	90	90	528451571
478	192	1023	90	90	528451582
495	196	1023	90	90	528451592
512	202	1023	90	90	528451603
528	209	1023	90	90	528451614
544	217	1023	90	90	528451625
559	226	1023	90	90	528451635
573	237	1023	90	90	528451646
585	249	1023	90	90	528451657
596	263	1023	90	90	528451668
604	277	1023	90	90	528451678
611	292	1023	90	90	528451689
615	309	1023	90	90	528451700
615	328	1023	90	90	528451711
613	347	1023	90	90	528451721
607	368	1023	90	90	528451732
599	389	1023	90	90	528451743
587	409	1023	90	90	528451754
573	428	1023	90	90	528451764
558	446	1023	90	90	528451775
542	462	1023	90	90	528451786
524	476	1023	90	90	528451797
506	487	1023	90	90	528451807
488	495	374	90	90	528451829
25
319	358	912	90	90	528452453
320	357	988	90	90	528452474
320	356	1020	90	90	528452507
321	356	1023	90	90	528452517
323	356	1023	90	90	528452528
327	356	1023	90	90	528452539
332	355	1023	90	90	528452550
338	355	1023	90	90	528452560
346	355	1023	90	90	528452571
355	355	1023	90	90	528452582
366	354	1023	90	90	528452593
378	354	1023	90	90	528452603
391	353	1023	90	90	528452614
405	353	1023	90	90	528452625
420	352	1023	90	90	528452636
434	352	1023	90	90	528452646
449	352	1023	90	90	528452657
464	353	1023	90	90	528452668
477	353	1023	90	90	528452679
491	353	1023	90	90	528452689
503	353	1023	90	90	528452700
513	352	1023	90	90	528452711
522	351	1023	90	90	528452722
528	351	1023	90	90	528452732
533	352	172	90	90	528452754
36
468	401	524	90	90	528453125
467	401	972	90	90	528453135
467	400	958	90	90	528453146
467	399	987	90	90	528453178
468	398	1023	90	90	528453189
469	398	1023	90	90	528453200
472	398	1023	90	90	528453211
477	398	1023	90	90	528453221
483	397	1023	90	90	528453232
490	395	1023	90	90	528453243
499	393	1023	90	90	528453254
509	390	1023	90	90	528453264
519	387	1023	90	90	528453275
530	383	1023	90	90	528453286
539	379	1023	90	90	528453297
548	375	1023	90	90	528453307
556	371	1023	90	90	528453318
562	367	1023	90	90	528453329
567	363	1023	90	90	528453340
569	359	1023	90	90	528453350
570	355	1023	90	90	528453361
568	351	1023	90	90	528453372
564	346	1023	90	90	528453383
558	341	1023	90	90	528453393
551	334	1023	90	90	528453404
542	328	1023	90	90	528453415
532	321	1023	90	90	528453426
522	315	1023	90	90	528453436
512	310	1023	90	90	528453447
501	305	1023	90	90	528453458
491	301	1023	90	90	528453469
482	299	1023	90	90	528453479
473	297	1023	90	90	528453490
466	296	1023	90	90	528453501
461	294	1023	90	90	528453512
458	292	291	90	90	528453533
33
619	354	759	90	90	528454088
617	349	862	90	90	528454099
616	348	878	90	90	528454110
615	347	894	90	90	528454121
614	346	924	90	90	528454131
613	345	944	90	90	528454153
612	345	978	90	90	528454164
612	344	1004	90	90	528454185
613	344	1023	90	90	528454196
614	344	1023	90	90	528454207
617	345	1023	90	90	528454217
621	345	1023	90	90	528454228
626	346	1023	90	90	528454239
633	346	1023	90	90	528454250
641	346	1023	90	90	528454260
651	347	1023	90	90	528454271
662	347	1023	90	90	528454282
675	347	1023	90	90	528454293
690	347	1023	90	90	528454303
706	346	1023	90	90	528454314
723	345	1023	90	90	528454325
741	343	1023	90	90	528454336
758	341	1023	90	90	528454346
776	340	1023	90	90	528454357
793	338	1023	90	90	528454368
809	337	1023	90	90	528454379
826	336	1023	90	90	528454389
841	335	1023	90	90	528454400
855	334	1023	90	90	528454411
867	334	1023	90	90	528454422
877	334	1023	90	90	528454432
885	335	1016	90	90	528454443
892	335	138	90	90	528454465
6
1
173	387	0	90	90	528572978
26
112	403	568	90	90	528573203
108	403	856	90	90	528573213
107	402	826	90	90	528573224
106	401	832	90	90	528573235
105	401	860	90	90	528573246
105	400	878	90	90	528573256
104	399	924	90	90	528573289
104	398	992	90	90	528573299
105	398	1023	90	90	528573310
108	399	1023	90	90	528573321
113	400	1023	90	90	528573332
119	401	1023	90	90	528573342
126	402	1023	90	90	528573353
135	404	1023	90	90	528573364
145	405	1023	90	90	528573375
157	407	1023	90	90	528573385
170	408	1023	90	90	528573396
184	409	1023	90	90	528573407
199	410	1023	90	90	528573418
214	411	1023	90	90	528573428
228	411	1023	90	90	528573439
241	412	1023	90	90	528573450
254	412	1023	90	90	528573461
264	412	1023	90	90	528573471
272	412	1023	90	90	528573482
278	413	322	90	90	528573504
78
477	481	838	90	90	528574281
477	482	894	90	90	528574291
475	484	892	90	90	528574302
473	486	898	90	90	528574313
470	488	892	90	90	528574324
466	491	906	90	90	528574334
461	495	926	90	90	528574345
454	499	942	90	90	528574356
448	502	944	90	90	528574367
441	506	932	90	90	528574377
433	510	932	90	90	528574388
425	513	932	90	90	528574399
417	515	934	90	90	528574410
408	517	934	90	90	528574420
399	518	934	90	90	528574431
390	518	934	90	90	528574442
381	517	948	90	90	528574453
371	516	948	90	90	528574463
362	513	934	90	90	528574474
353	509	942	90	90	528574485
344	504	958	90	90	528574496
335	498	976	90	90	528574506
327	491	990	90	90	528574517
319	484	980	90	90	528574528
312	476	986	90	90	528574539
305	467	1002	90	90	528574549
298	458	1014	90	90	528574560
293	448	1023	90	90	528574571
287	437	1023	90	90	528574582
282	427	1023	90	90	528574592
277	416	1023	90	90	528574603
273	405	1023	90	90	528574614
270	393	1023	90	90	528574625
268	382	1023	90	90	528574635
268	371	1023	90	90	528574646
269	360	1023	90	90	528574657
271	349	1023	90	90	528574668
274	338	1023	90	90	528574678
279	328	1023	90	90	528574689
285	318	1023	90	90	528574700
293	308	1023	90	90	528574711
301	298	1023	90	90	528574721
311	290	1023	90	90	528574732
322	281	1023	90	90	528574743
334	274	1023	90	90	528574754
348	268	1023	90	90	528574764
362	262	1023	90	90	528574775
376	258	1023	90	90	528574786
392	254	1023	90	90	528574797
408	252	1023	90	90	528574807
424	250	1023	90	90	528574818
440	250	1023	90	90	528574829
455	251	1023	90	90	528574840
470	254	1023	90	90	528574850
485	257	1023	90	90	528574861
498	262	1023	90	90	528574872
512	268	1023	90	90	528574883
524	275	1023	90	90	528574893
536	282	1023	90	90	528574904
546	291	1023	90	90	528574915
555	301	1023	90	90	528574926
563	312	1023	90	90	528574936
569	325	1023	90	90	528574947
573	338	1023	90	90	528574958
575	353	1023	90	90	528574969
574	368	1023	90	90	528574979
571	385	1023	90	90	528574990
565	401	1023	90	90	528575001
557	418	1023	90	90	528575012
547	433	1023	90	90	528575022
537	447	1023	90	90	528575033
526	459	1023	90	90	528575044
515	470	1023	90	90	528575055
503	479	1023	90	90	528575065
492	487	1023	90	90	528575076
481	493	1023	90	90	528575087
470	497	994	90	90	528575098
460	500	308	90	90	528575119
30
570	380	576	90	90	528575593
572	380	884	90	90	528575603
573	380	860	90	90	528575614
573	379	874	90	90	528575625
573	378	937	90	90	528575646
574	378	980	90	90	528575657
575	378	1014	90	90	528575668
576	378	1023	90	90	528575679
579	379	1023	90	90	528575689
584	379	1023	90	90	528575700
591	379	1023	90	90	528575711
599	379	1023	90	90	528575722
608	379	1023	90	90	528575732
620	379	1023	90	90	528575743
633	378	1023	90	90	528575754
647	378	1023	90	90	528575765
663	376	1023	90	90	528575775
679	375	1023	90	90	528575786
697	374	1023	90	90	528575797
715	374	1023	90	90	528575808
732	373	1023	90	90	528575818
749	373	1023	90	90	528575829
765	373	1023	90	90	528575840
780	374	1023	90	90	528575851
794	374	1023	90	90	528575861
807	375	1023	90	90	528575872
819	375	1023	90	90	528575883
829	375	1023	90	90	528575894
838	374	1023	90	90	528575904
845	373	210	90	90	528575926
26
339	383	933	90	90	528576532
341	383	966	90	90	528576543
341	382	976	90	90	528576553
342	382	1010	90	90	528576564
343	382	1023	90	90	528576575
346	382	1023	90	90	528576586
348	382	1023	90	90	528576596
352	382	1023	90	90	528576607
357	382	1023	90	90	528576618
364	382	1023	90	90	528576629
372	382	1023	90	90	528576639
381	382	1023	90	90	528576650
391	381	1023	90	90	528576661
402	380	1023	90	90	528576672
414	380	1023	90	90	528576682
427	379	1023	90	90	528576693
440	378	1023	90	90	528576704
453	376	1023	90	90	528576715
466	374	1023	90	90	528576725
477	373	1023	90	90	528576736
487	372	1023	90	90	528576747
495	372	1023	90	90	528576758
501	372	1023	90	90	528576768
505	374	1023	90	90	528576779
507	375	934	90	90	528576790
507	378	127	90	90	528576811
34
431	423	966	90	90	528577095
432	423	1023	90	90	528577106
434	422	1023	90	90	528577117
437	421	1023	90	90	528577127
442	420	1023	90	90	528577138
448	418	1023	90	90	528577149
456	416	1023	90	90	528577160
465	413	1023	90	90	528577170
475	410	1023	90	90	528577181
486	407	1023	90	90	528577192
497	404	1023	90	90	528577203
507	400	1023	90	90	528577213
516	395	1023	90	90	528577224
523	391	1023	90	90	528577235
529	387	1023	90	90	528577246
532	383	1023	90	90	528577256
533	380	1023	90	90	528577267
531	376	1023	90	90	528577278
528	371	1023	90	90	528577289
522	366	1023	90	90	528577299
514	360	1023	90	90	528577310
505	354	1023	90	90	528577321
495	348	1023	90	90	528577332
485	342	1023	90	90	528577342
475	337	1023	90	90	528577353
466	332	1023	90	90	528577364
457	328	1023	90	90	528577375
450	324	1023	90	90	528577385
444	321	1023	90	90	528577396
440	318	1023	90	90	528577407
437	316	1023	90	90	528577418
436	314	1023	90	90	528577428
436	313	1023	90	90	528577439
438	312	392	90	90	528577461
6
1
151	425	0	90	90	528731603
30
121	418	220	90	90	528731812
120	418	496	90	90	528731822
120	417	606	90	90	528731833
120	416	742	90	90	528731844
119	416	824	90	90	528731855
119	415	886	90	90	528731865
118	415	992	90	90	528731941
119	416	1023	90	90	528731951
120	416	1023	90	90	528731962
122	417	1023	90	90	528731973
126	418	1023	90	90	528731984
131	418	1023	90	90	528731994
137	418	1023	90	90	528732005
145	418	1023	90	90	528732016
153	418	1023	90	90	528732027
163	417	1023	90	90	528732037
174	417	1023	90	90	528732048
185	417	1023	90	90	528732059
196	417	1023	90	90	528732070
207	417	1023	90	90	528732080
217	418	1023	90	90	528732091
227	419	1023	90	90	528732102
236	419	1023	90	90	528732113
245	419	1023	90	90	528732123
252	420	1023	90	90	528732134
258	420	1023	90	90	528732145
263	420	1023	90	90	528732156
266	420	1023	90	90	528732166
268	421	934	90	90	528732177
267	422	104	90	90	528732199
76
403	467	634	90	90	528733072
406	465	768	90	90	528733105
406	466	782	90	90	528733115
406	467	790	90	90	528733126
405	470	792	90	90	528733137
404	472	804	90	90	528733148
403	475	820	90	90	528733158
401	478	818	90	90	528733169
399	482	830	90	90	528733180
397	486	838	90	90	528733191
394	490	856	90	90	528733201
390	494	862	90	90	528733212
387	498	852	90	90	528733223
383	502	868	90	90	528733234
379	505	880	90	90	528733244
374	509	892	90	90	528733255
369	512	898	90	90	528733266
364	514	896	90	90	528733277
358	516	898	90	90	528733287
353	518	904	90	90	528733298
347	519	908	90	90	528733309
341	519	908	90	90	528733320
335	519	892	90	90	528733330
328	518	900	90	90	528733341
322	516	908	90	90	528733352
316	514	914	90	90	528733363
310	511	924	90	90	528733373
303	508	930	90	90	528733384
297	504	938	90	90	528733395
292	500	944	90	90	528733406
286	495	944	90	90	528733416
281	489	942	90	90	528733427
276	483	944	90	90	528733438
271	477	934	90	90	528733449
268	470	936	90	90	528733459
264	463	936	90	90	528733470
261	454	952	90	90	528733481
259	446	960	90	90	528733492
257	437	960	90	90	528733502
255	429	966	90	90	528733513
255	419	978	90	90	528733524
255	410	990	90	90	528733535
255	401	980	90	90	528733545
256	391	986	90	90	528733556
259	382	986	90	90	528733567
263	373	984	90	90	528733578
267	364	998	90	90	528733588
272	356	1004	90	90	528733599
278	347	1016	90	90	528733610
285	340	1023	90	90	528733621
292	333	1023	90	90	528733631
300	327	1023	90	90	528733642
309	322	1023	90	90	528733653
319	317	1023	90	90	528733664
329	313	1023	90	90	528733674
340	310	1023	90	90	528733685
352	307	1023	90	90	528733696
363	306	1023	90	90	528733707
375	306	1023	90	90	528733717
386	307	1023	90	90	528733728
397	310	1023	90	90	528733739
407	314	1023	90	90	528733750
416	319	1023	90	90	528733760
425	325	1023	90	90	528733771
432	333	1023	90	90	528733782
438	344	1023	90	90	528733793
442	355	1023	90	90	528733803
445	369	1023	90	90	528733814
445	383	1023	90	90	528733825
443	399	1023	90	90	528733836
440	415	1023	90	90	528733846
434	431	1023	90	90	528733857
427	446	1023	90	90	528733868
418	461	1020	90	90	528733879
407	473	958	90	90	528733889
396	483	288	90	90	528733911
29
437	412	596	90	90	528734500
435	411	904	90	90	528734521
435	410	952	90	90	528734564
437	410	1020	90	90	528734575
439	410	1023	90	90	528734586
443	410	1023	90	90	528734596
447	410	1023	90	90	528734607
453	410	1023	90	90	528734618
459	411	1023	90	90	528734629
467	412	1023	90	90	528734639
475	412	1023	90	90	528734650
485	412	1023	90	90	528734661
496	412	1023	90	90	528734672
507	412	1023	90	90	528734682
520	412	1023	90	90	528734693
533	412	1023	90	90	528734704
546	412	1023	90	90	528734715
559	412	1023	90	90	528734725
572	412	1023	90	90	528734736
585	411	1023	90	90	528734747
598	410	1023	90	90	528734758
610	408	1023	90	90	528734768
621	407	1023	90	90	528734779
631	406	1023	90	90	528734790
640	405	1023	90	90	528734801
647	405	1023	90	90	528734811
653	405	1023	90	90	528734822
657	406	938	90	90	528734833
659	407	93	90	90	528734854
22
295	409	596	90	90	528735625
293	408	900	90	90	528735635
293	407	946	90	90	528735689
294	407	1023	90	90	528735700
295	407	1023	90	90	528735711
297	407	1023	90	90	528735721
300	408	1023	90	90	528735732
303	408	1023	90	90	528735743
308	410	1023	90	90	528735754
314	411	1023	90	90	528735764
320	412	1023	90	90	528735775
327	413	1023	90	90	528735786
335	414	1023	90	90	528735797
343	414	1023	90	90	528735807
352	414	1023	90	90	528735818
360	414	1023	90	90	528735829
368	414	1023	90	90	528735840
376	414	1023	90	90	528735850
381	413	1023	90	90	528735861
386	413	1023	90	90	528735872
389	413	908	90	90	528735883
390	414	86	90	90	528735904
30
356	439	771	90	90	528736235
355	438	892	90	90	528736246
354	438	957	90	90	528736299
355	438	1023	90	90	528736310
357	437	1023	90	90	528736321
361	436	1023	90	90	528736332
366	435	1023	90	90	528736342
372	433	1023	90	90	528736353
379	432	1023	90	90	528736364
385	430	1023	90	90	528736375
392	429	1023	90	90	528736385
399	427	1023	90	90	528736396
404	426	1023	90	90	528736407
409	424	1023	90	90	528736418
412	423	1023	90	90	528736428
414	421	1023	90	90	528736439
414	419	1023	90	90	528736450
412	415	1023	90	90	528736461
409	410	1023	90	90	528736471
405	405	1023	90	90	528736482
400	399	1023	90	90	528736493
394	392	1023	90	90	528736504
388	385	1023	90	90	528736514
381	379	1023	90	90	528736525
374	374	1023	90	90	528736536
367	369	1023	90	90	528736547
361	366	1023	90	90	528736557
354	365	1023	90	90	528736568
349	365	1023	90	90	528736579
346	365	357	90	90	528736600
6
1
172	424	0	90	90	528931635
23
100	386	452	90	90	528931843
100	384	698	90	90	528931853
100	383	734	90	90	528931864
100	382	896	90	90	528931886
100	381	990	90	90	528931896
101	381	1023	90	90	528931918
103	381	1023	90	90	528931929
105	381	1023	90	90	528931939
109	381	1023	90	90	528931950
115	382	1023	90	90	528931961
122	383	1023	90	90	528931972
131	384	1023	90	90	528931982
142	385	1023	90	90	528931993
154	386	1023	90	90	528932004
168	386	1023	90	90	528932015
183	386	1023	90	90	528932025
198	385	1023	90	90	528932036
214	383	1023	90	90	528932047
229	382	1023	90	90	528932058
244	380	1023	90	90	528932068
257	379	1023	90	90	528932079
268	378	1010	90	90	528932090
276	378	170	90	90	528932111
78
491	456	856	90	90	528932687
496	456	856	90	90	528932697
497	457	838	90	90	528932708
497	459	830	90	90	528932719
497	461	832	90	90	528932730
496	463	836	90	90	528932740
494	465	836	90	90	528932751
491	468	842	90	90	528932762
488	471	854	90	90	528932773
483	473	862	90	90	528932783
478	476	856	90	90	528932794
473	478	874	90	90	528932805
466	480	896	90	90	528932816
459	482	896	90	90	528932826
452	483	908	90	90	528932837
444	485	920	90	90	528932848
435	485	926	90	90	528932859
425	485	936	90	90	528932869
416	485	944	90	90	528932880
406	484	932	90	90	528932891
396	482	936	90	90	528932902
386	480	946	90	90	528932912
376	477	960	90	90	528932923
366	473	976	90	90	528932934
356	469	984	90	90	528932945
346	464	990	90	90	528932955
336	458	976	90	90	528932966
326	452	986	90	90	528932977
317	445	1002	90	90	528932988
309	437	1004	90	90	528932998
301	428	1016	90	90	528933009
294	419	1023	90	90	528933020
287	409	1023	90	90	528933031
281	399	1023	90	90	528933041
275	389	1023	90	90	528933052
271	379	1023	90	90	528933063
267	368	1023	90	90	528933074
265	357	1023	90	90	528933084
263	346	1023	90	90	528933095
263	335	1023	90	90	528933106
264	324	1023	90	90	528933117
267	314	1023	90	90	528933127
271	303	1023	90	90	528933138
276	293	1023	90	90	528933149
283	283	1023	90	90	528933160
291	273	1023	90	90	528933170
300	264	1023	90	90	528933181
310	256	1023	90	90	528933192
321	249	1023	90	90	528933203
333	243	1023	90	90	528933213
345	238	1023	90	90	528933224
359	234	1023	90	90	528933235
373	230	1023	90	90	528933246
388	228	1023	90	90	528933256
403	227	1023	90	90	528933267
418	227	1023	90	90	528933278
432	228	1023	90	90	528933289
447	231	1023	90	90	528933299
461	234	1023	90	90	528933310
475	238	1023	90	90	528933321
488	243	1023	90	90	528933332
501	250	1023	90	90	528933342
512	258	1023	90	90	528933353
523	267	1023	90	90	528933364
532	277	1023	90	90	528933375
541	288	1023	90	90	528933385
547	300	1023	90	90	528933396
552	313	1023	90	90	528933407
555	328	1023	90	90	528933418
555	342	1023	90	90	528933428
552	358	1023	90	90	528933439
547	375	1023	90	90	528933450
540	393	1023	90	90	528933461
530	410	1023	90	90	528933471
518	428	1023	90	90	528933482
505	445	1023	90	90	528933493
491	462	1023	90	90	528933504
476	475	248	90	90	528933525
27
548	352	570	90	90	528934078
546	352	898	90	90	528934088
546	351	886	90	90	528934099
546	350	939	90	90	528934131
546	349	1008	90	90	528934142
547	349	1023	90	90	528934153
549	349	1023	90	90	528934164
551	349	1023	90	90	528934174
556	349	1023	90	90	528934185
561	349	1023	90	90	528934196
568	349	1023	90	90	528934207
576	349	1023	90	90	528934217
586	349	1023	90	90	528934228
597	349	1023	90	90	528934239
609	349	1023	90	90	528934250
622	349	1023	90	90	528934260
637	349	1023	90	90	528934271
653	350	1023	90	90	528934282
669	351	1023	90	90	528934293
685	351	1023	90	90	528934303
701	352	1023	90	90	528934314
716	352	1023	90	90	528934325
731	351	1023	90	90	528934336
744	351	1023	90	90	528934346
755	350	1023	90	90	528934357
765	349	1023	90	90	528934368
774	347	396	90	90	528934389
20
606	508	817	90	90	528934869
608	506	1023	90	90	528934880
608	505	1023	90	90	528934891
608	503	1023	90	90	528934902
607	501	1023	90	90	528934912
606	497	1023	90	90	528934923
605	493	1023	90	90	528934934
603	487	1023	90	90	528934945
602	480	1023	90	90	528934955
600	471	1023	90	90	528934966
599	460	1023	90	90	528934977
598	448	1023	90	90	528934988
597	435	1023	90	90	528934998
597	423	1023	90	90	528935009
597	411	1023	90	90	528935020
597	402	1023	90	90	528935031
597	395	1023	90	90	528935041
596	391	1023	90	90	528935052
596	389	994	90	90	528935063
595	388	207	90	90	528935084
18
548	458	946	90	90	528935281
544	459	904	90	90	528935291
543	459	904	90	90	528935302
541	459	990	90	90	528935356
543	459	1023	90	90	528935367
546	459	1023	90	90	528935377
551	459	1023	90	90	528935388
557	459	1023	90	90	528935399
565	459	1023	90	90	528935410
575	458	1023	90	90	528935420
586	458	1023	90	90	528935431
599	457	1023	90	90	528935442
612	456	1023	90	90	528935453
624	454	1023	90	90	528935463
636	452	1023	90	90	528935474
647	451	1023	90	90	528935485
658	449	1023	90	90	528935496
666	449	341	90	90	528935517
6
1
137	386	0	90	90	529075010
24
102	370	104	90	90	529075140
101	369	362	90	90	529075150
100	368	476	90	90	529075161
99	368	875	90	90	529075215
100	368	1023	90	90	529075226
101	369	1023	90	90	529075236
103	369	1023	90	90	529075247
107	370	1023	90	90	529075258
111	372	1023	90	90	529075269
117	373	1023	90	90	529075279
124	374	1023	90	90	529075290
132	375	1023	90	90	529075301
142	377	1023	90	90	529075312
154	378	1023	90	90	529075322
165	379	1023	90	90	529075333
178	380	1023	90	90	529075344
192	381	1023	90	90	529075355
205	381	1023	90	90	529075365
218	381	1023	90	90	529075376
230	381	1023	90	90	529075387
240	381	1023	90	90	529075398
248	381	1023	90	90	529075408
256	382	822	90	90	529075419
261	384	24	90	90	529075441
53
407	515	902	90	90	529075953
399	516	878	90	90	529075963
393	516	860	90	90	529075974
385	516	868	90	90	529075985
376	516	898	90	90	529075996
366	515	894	90	90	529076006
355	513	912	90	90	529076017
343	509	930	90	90	529076028
331	505	948	90	90	529076039
319	499	942	90	90	529076049
306	492	946	90	90	529076060
295	484	946	90	90	529076071
283	474	952	90	90	529076082
273	463	960	90	90	529076092
263	451	966	90	90	529076103
255	438	976	90	90	529076114
248	425	978	90	90	529076125
244	411	988	90	90	529076135
240	397	992	90	90	529076146
238	382	998	90	90	529076157
239	368	998	90	90	529076168
243	353	1008	90	90	529076178
248	339	1008	90	90	529076189
257	324	1016	90	90	529076200
268	310	1023	90	90	529076211
281	295	1023	90	90	529076221
296	282	1023	90	90	529076232
313	269	1023	90	90	529076243
331	258	1023	90	90	529076254
350	249	1023	90	90	529076264
370	242	1023	90	90	529076275
389	238	1023	90	90	529076286
408	236	1023	90	90	529076297
426	237	1023	90	90	529076307
443	241	1023	90	90	529076318
459	248	1023	90	90	529076329
473	256	1023	90	90	529076340
486	267	1023	90	90	529076350
496	279	1023	90	90	529076361
505	294	1023	90	90	529076372
511	310	1023	90	90	529076383
515	328	1023	90	90	529076393
515	347	1023	90	90	529076404
513	367	1023	90	90	529076415
507	388	1023	90	90	529076426
498	409	1023	90	90	529076436
485	431	1023	90	90	529076447
468	451	1023	90	90	529076458
449	469	1023	90	90	529076469
429	485	1023	90	90	529076479
407	497	1023	90	90	529076490
385	508	958	90	90	529076501
365	515	241	90	90	529076522
32
512	354	246	90	90	529076984
507	356	276	90	90	529076994
504	357	304	90	90	529077005
501	358	422	90	90	529077016
499	359	574	90	90	529077027
496	360	678	90	90	529077037
494	361	748	90	90	529077048
493	361	786	90	90	529077059
493	362	870	90	90	529077080
494	362	948	90	90	529077091
497	362	988	90	90	529077102
501	363	1002	90	90	529077113
506	363	1023	90	90	529077123
513	364	1023	90	90	529077134
520	364	1023	90	90	529077145
529	364	1023	90	90	529077156
540	364	1023	90	90	529077166
551	364	1023	90	90	529077177
564	364	1023	90	90	529077188
578	365	1023	90	90	529077199
593	365	1023	90	90	529077209
609	366	1023	90	90	529077220
625	366	1023	90	90	529077231
641	366	1023	90	90	529077242
657	367	1023	90	90	529077252
674	367	1023	90	90	529077263
689	367	1023	90	90	529077274
703	368	1023	90	90	529077285
716	369	1023	90	90	529077295
727	370	1023	90	90	529077306
737	371	1023	90	90	529077317
745	372	280	90	90	529077338
23
304	369	824	90	90	529078650
304	364	814	90	90	529078661
304	363	820	90	90	529078672
304	362	836	90	90	529078693
303	362	923	90	90	529078736
305	362	1002	90	90	529078747
307	362	1020	90	90	529078758
310	363	1023	90	90	529078769
314	364	1023	90	90	529078779
319	365	1023	90	90	529078790
326	366	1023	90	90	529078801
334	368	1023	90	90	529078812
343	369	1023	90	90	529078822
354	370	1023	90	90	529078833
365	370	1023	90	90	529078844
377	370	1023	90	90	529078855
389	371	1023	90	90	529078865
400	371	1023	90	90	529078876
410	371	1023	90	90	529078887
419	371	1023	90	90	529078898
427	372	1023	90	90	529078908
433	373	978	90	90	529078919
437	374	179	90	90	529078941
29
385	414	490	90	90	529079187
384	413	875	90	90	529079240
384	412	982	90	90	529079283
386	411	1023	90	90	529079294
389	411	1023	90	90	529079305
393	410	1023	90	90	529079316
397	409	1023	90	90	529079326
403	407	1023	90	90	529079337
411	405	1023	90	90	529079348
419	401	1023	90	90	529079359
427	397	1023	90	90	529079369
436	393	1023	90	90	529079380
444	389	1023	90	90	529079391
451	385	1023	90	90	529079402
457	381	1023	90	90	529079412
461	377	1023	90	90	529079423
462	373	1023	90	90	529079434
461	369	1023	90	90	529079445
457	364	1023	90	90	529079455
451	358	1023	90	90	529079466
444	351	1023	90	90	529079477
436	344	1023	90	90	529079488
428	338	1023	90	90	529079498
421	331	1023	90	90	529079509
414	326	1023	90	90	529079520
408	321	1023	90	90	529079531
402	317	1023	90	90	529079541
398	314	984	90	90	529079552
395	312	136	90	90	529079574
6
1
201	407	0	90	90	529195588
17
153	385	495	90	90	529195760
147	382	586	90	90	529195771
145	381	696	90	90	529195782
144	380	859	90	90	529195814
145	380	990	90	90	529195825
147	380	1004	90	90	529195836
150	380	1023	90	90	529195846
156	381	1023	90	90	529195857
164	382	1023	90	90	529195868
173	383	1023	90	90	529195879
184	384	1023	90	90	529195889
196	384	1023	90	90	529195900
208	384	1023	90	90	529195911
220	385	1023	90	90	529195922
233	385	1023	90	90	529195932
244	386	998	90	90	529195943
255	387	253	90	90	529195965
70
488	463	740	90	90	529196546
489	464	690	90	90	529196556
489	465	644	90	90	529196567
488	467	636	90	90	529196578
487	469	670	90	90	529196589
486	472	690	90	90	529196599
483	475	700	90	90	529196610
480	478	696	90	90	529196621
476	482	708	90	90	529196632
471	486	714	90	90	529196642
466	489	722	90	90	529196653
459	493	724	90	90	529196664
452	496	740	90	90	529196675
445	499	752	90	90	529196685
437	501	758	90	90	529196696
428	503	772	90	90	529196707
419	505	790	90	90	529196718
410	506	786	90	90	529196728
400	507	786	90	90	529196739
390	507	802	90	90	529196750
379	505	822	90	90	529196761
369	503	826	90	90	529196771
358	501	848	90	90	529196782
347	497	866	90	90	529196793
336	493	862	90	90	529196804
326	488	874	90	90	529196814
315	482	878	90	90	529196825
306	474	886	90	90	529196836
296	466	898	90	90	529196847
287	457	898	90	90	529196857
280	447	892	90	90	529196868
272	436	906	90	90	529196879
267	424	918	90	90	529196890
261	411	938	90	90	529196900
258	398	934	90	90	529196911
257	384	936	90	90	529196922
257	370	936	90	90	529196933
259	355	946	90	90	529196943
263	341	954	90	90	529196954
269	327	964	90	90	529196965
276	313	984	90	90	529196976
285	301	978	90	90	529196986
296	289	996	90	90	529196997
309	278	1020	90	90	529197008
322	268	1023	90	90	529197019
337	259	1023	90	90	529197029
352	252	1023	90	90	529197040
368	247	1023	90	90	529197051
385	244	1023	90	90	529197062
403	242	1023	90	90	529197072
420	242	1023	90	90	529197083
437	245	1023	90	90	529197094
453	249	1023	90	90	529197105
469	254	1023	90	90	529197115
482	261	1023	90	90	529197126
495	270	1023	90	90	529197137
506	281	1023	90	90	529197148
516	293	1023	90	90	529197158
523	308	1023	90	90	529197169
528	324	1023	90	90	529197180
531	342	1023	90	90	529197191
531	360	1023	90	90	529197201
528	380	1023	90	90	529197212
522	399	1023	90	90	529197223
513	419	1023	90	90	529197234
501	438	1023	90	90	529197244
487	457	1023	90	90	529197255
471	474	984	90	90	529197266
454	489	788	90	90	529197277
438	502	32	90	90	529197298
24
527	379	794	90	90	529197890
527	376	856	90	90	529197900
527	375	860	90	90	529197911
527	374	874	90	90	529197922
528	374	912	90	90	529197933
529	374	954	90	90	529197943
531	373	976	90	90	529197954
535	373	1014	90	90	529197965
540	373	1023	90	90	529197976
547	373	1023	90	90	529197986
556	373	1023	90	90	529197997
567	373	1023	90	90	529198008
580	373	1023	90	90	529198019
594	373	1023	90	90	529198029
610	372	1023	90	90	529198040
627	372	1023	90	90	529198051
646	371	1023	90	90	529198062
664	370	1023	90	90	529198072
683	368	1023	90	90	529198083
701	367	1023	90	90	529198094
718	366	1023	90	90	529198105
733	365	1023	90	90	529198115
746	364	984	90	90	529198126
758	362	161	90	90	529198148
22
321	375	616	90	90	529198828
320	374	926	90	90	529198838
320	373	902	90	90	529198849
320	372	908	90	90	529198860
321	372	938	90	90	529198871
322	371	952	90	90	529198881
324	371	978	90	90	529198892
328	371	986	90	90	529198903
333	372	1014	90	90	529198914
339	373	1023	90	90	529198924
347	373	1023	90	90	529198935
356	374	1023	90	90	529198946
366	374	1023	90	90	529198957
378	375	1023	90	90	529198967
389	376	1023	90	90	529198978
401	377	1023	90	90	529198989
412	378	1023	90	90	529199000
422	379	1023	90	90	529199010
432	379	1023	90	90	529199021
440	379	1023	90	90	529199032
447	380	1023	90	90	529199043
452	381	339	90	90	529199064
37
403	425	552	90	90	529199328
402	425	856	90	90	529199338
402	424	858	90	90	529199360
401	423	890	90	90	529199371
401	422	902	90	90	529199381
400	421	936	90	90	529199392
400	419	952	90	90	529199403
400	418	990	90	90	529199424
402	417	1016	90	90	529199435
405	416	1023	90	90	529199446
409	414	1023	90	90	529199457
413	413	1023	90	90	529199467
420	411	1023	90	90	529199478
426	409	1023	90	90	529199489
434	406	1023	90	90	529199500
441	404	1023	90	90	529199510
449	401	1023	90	90	529199521
456	398	1023	90	90	529199532
462	395	1023	90	90	529199543
467	393	1023	90	90	529199553
470	391	1023	90	90	529199564
472	389	1023	90	90	529199575
472	387	1023	90	90	529199586
471	385	1023	90	90	529199596
468	382	1023	90	90	529199607
464	377	1023	90	90	529199618
458	370	1023	90	90	529199629
451	362	1023	90	90	529199639
445	352	1023	90	90	529199650
438	343	1023	90	90	529199661
431	333	1023	90	90	529199672
425	325	1023	90	90	529199682
420	318	1023	90	90	529199693
415	314	1023	90	90	529199704
410	311	1023	90	90	529199715
407	309	848	90	90	529199725
405	308	48	90	90	529199747
6
1
214	431	0	90	90	529312369
24
118	397	772	90	90	529312578
116	393	692	90	90	529312588
115	391	662	90	90	529312599
114	390	760	90	90	529312610
114	389	820	90	90	529312621
113	388	866	90	90	529312631
112	387	972	90	90	529312674
114	387	1023	90	90	529312685
117	388	1023	90	90	529312696
122	390	1023	90	90	529312707
128	392	1023	90	90	529312717
137	394	1023	90	90	529312728
147	397	1023	90	90	529312739
159	399	1023	90	90	529312750
173	400	1023	90	90	529312760
188	402	1023	90	90	529312771
204	402	1023	90	90	529312782
222	402	1023	90	90	529312793
239	402	1023	90	90	529312803
256	402	1023	90	90	529312814
272	402	1023	90	90	529312825
286	401	1023	90	90	529312836
300	401	960	90	90	529312846
311	401	138	90	90	529312868
92
634	468	778	90	90	529313635
633	471	758	90	90	529313646
632	473	760	90	90	529313657
630	475	750	90	90	529313668
628	477	752	90	90	529313678
626	480	752	90	90	529313689
623	484	754	90	90	529313700
619	488	754	90	90	529313711
616	491	754	90	90	529313721
612	495	754	90	90	529313732
608	500	752	90	90	529313743
603	504	754	90	90	529313754
598	508	760	90	90	529313764
592	512	770	90	90	529313775
587	516	766	90	90	529313786
580	519	764	90	90	529313797
574	523	760	90	90	529313807
567	527	764	90	90	529313818
560	530	772	90	90	529313829
552	533	772	90	90	529313840
544	536	766	90	90	529313850
536	539	772	90	90	529313861
528	540	778	90	90	529313872
519	542	782	90	90	529313883
511	543	788	90	90	529313893
502	543	788	90	90	529313904
493	543	788	90	90	529313915
483	543	790	90	90	529313926
474	542	794	90	90	529313936
464	541	790	90	90	529313947
455	539	794	90	90	529313958
446	537	794	90	90	529313969
437	534	794	90	90	529313979
428	530	782	90	90	529313990
420	526	786	90	90	529314001
412	521	796	90	90	529314012
404	516	808	90	90	529314022
396	510	814	90	90	529314033
388	503	814	90	90	529314044
381	496	816	90	90	529314055
374	488	822	90	90	529314065
367	480	828	90	90	529314076
361	471	816	90	90	529314087
355	462	820	90	90	529314098
349	453	838	90	90	529314108
343	443	856	90	90	529314119
338	433	862	90	90	529314130
334	423	884	90	90	529314141
329	413	902	90	90	529314151
326	403	900	90	90	529314162
323	392	906	90	90	529314173
320	381	912	90	90	529314184
319	370	914	90	90	529314194
319	360	914	90	90	529314205
320	349	912	90	90	529314216
323	339	912	90	90	529314227
327	328	912	90	90	529314237
332	317	914	90	90	529314248
338	306	920	90	90	529314259
345	296	930	90	90	529314270
352	285	942	90	90	529314280
361	276	944	90	90	529314291
370	268	942	90	90	529314302
381	260	948	90	90	529314313
392	253	948	90	90	529314323
404	247	948	90	90	529314334
417	241	932	90	90	529314345
430	237	932	90	90	529314356
444	233	936	90	90	529314366
458	230	936	90	90	529314377
473	227	940	90	90	529314388
487	226	942	90	90	529314399
502	225	946	90	90	529314409
517	225	954	90	90	529314420
532	225	972	90	90	529314431
547	227	990	90	90	529314442
562	230	984	90	90	529314452
577	233	996	90	90	529314463
591	238	1008	90	90	529314474
605	245	1020	90	90	529314485
617	254	1020	90	90	529314495
629	265	1016	90	90	529314506
639	276	1016	90	90	529314517
647	290	1014	90	90	529314528
653	305	1020	90	90	529314538
657	322	1023	90	90	529314549
658	342	1023	90	90	529314560
657	363	1023	90	90	529314571
654	386	1023	90	90	529314581
648	409	976	90	90	529314592
641	431	856	90	90	529314603
632	453	138	90	90	529314624
23
657	386	908	90	90	529315531
658	384	900	90	90	529315541
659	383	892	90	90	529315552
661	383	914	90	90	529315563
663	382	948	90	90	529315574
666	382	978	90	90	529315584
670	382	1020	90	90	529315595
675	382	1023	90	90	529315606
682	382	1023	90	90	529315617
690	382	1023	90	90	529315627
700	382	1023	90	90	529315638
712	382	1023	90	90	529315649
726	382	1023	90	90	529315660
741	382	1023	90	90	529315670
757	382	1023	90	90	529315681
774	382	1023	90	90	529315692
792	381	1023	90	90	529315703
810	381	1023	90	90	529315713
827	380	1023	90	90	529315724
844	379	1023	90	90	529315735
858	379	1023	90	90	529315746
870	378	1023	90	90	529315756
881	376	298	90	90	529315778
30
392	384	613	90	90	529316369
388	383	746	90	90	529316380
387	382	758	90	90	529316391
386	382	784	90	90	529316402
385	382	848	90	90	529316412
384	382	880	90	90	529316423
384	381	954	90	90	529316466
385	381	1023	90	90	529316477
389	382	1023	90	90	529316488
393	383	1023	90	90	529316498
399	384	1023	90	90	529316509
407	385	1023	90	90	529316520
416	386	1023	90	90	529316531
426	387	1023	90	90	529316541
438	388	1023	90	90	529316552
451	389	1023	90	90	529316563
465	390	1023	90	90	529316574
479	391	1023	90	90	529316584
495	391	1023	90	90	529316595
510	391	1023	90	90	529316606
525	390	1023	90	90	529316617
540	389	1023	90	90	529316627
554	387	1023	90	90	529316638
566	386	1023	90	90	529316649
577	384	1023	90	90	529316660
586	383	1023	90	90	529316670
593	382	1023	90	90	529316681
597	382	1023	90	90	529316692
599	383	946	90	90	529316703
600	385	111	90	90	529316724
34
520	431	652	90	90	529317015
521	429	976	90	90	529317025
522	427	952	90	90	529317036
522	426	964	90	90	529317047
522	425	990	90	90	529317058
522	424	992	90	90	529317068
522	423	1015	90	90	529317090
523	422	1023	90	90	529317101
526	421	1023	90	90	529317111
529	420	1023	90	90	529317122
535	418	1023	90	90	529317133
542	417	1023	90	90	529317144
551	415	1023	90	90	529317154
561	412	1023	90	90	529317165
571	409	1023	90	90	529317176
582	406	1023	90	90	529317187
593	402	1023	90	90	529317197
603	398	1023	90	90	529317208
612	394	1023	90	90	529317219
619	390	1023	90	90	529317230
624	386	1023	90	90	529317240
626	382	1023	90	90	529317251
626	378	1023	90	90	529317262
623	373	1023	90	90	529317273
618	367	1023	90	90	529317283
611	360	1023	90	90	529317294
601	352	1023	90	90	529317305
591	344	1023	90	90	529317316
581	335	1023	90	90	529317326
571	328	1023	90	90	529317337
561	321	1023	90	90	529317348
551	316	1023	90	90	529317359
543	313	1023	90	90	529317369
535	312	356	90	90	529317391
