5
1
177	424	0	90	90	753522478
30
141	419	784	90	90	753522871
140	419	853	90	90	753522924
141	419	984	90	90	753522935
142	419	996	90	90	753522946
143	419	1016	90	90	753522957
146	419	1023	90	90	753522967
149	419	1023	90	90	753522978
154	419	1023	90	90	753522989
159	419	1023	90	90	753523000
165	419	1023	90	90	753523010
173	419	1023	90	90	753523021
182	419	1023	90	90	753523032
192	420	1023	90	90	753523043
204	420	1023	90	90	753523053
217	419	1023	90	90	753523064
231	419	1023	90	90	753523075
246	418	1023	90	90	753523086
262	417	1023	90	90	753523096
279	416	1023	90	90	753523107
295	416	1023	90	90	753523118
312	415	1023	90	90	753523129
327	414	1023	90	90	753523139
343	414	1023	90	90	753523150
357	413	1023	90	90	753523161
370	411	1023	90	90	753523172
381	410	1023	90	90	753523182
391	409	1023	90	90	753523193
398	409	1023	90	90	753523204
404	409	1023	90	90	753523215
406	409	380	90	90	753523236
89
515	579	942	90	90	753523968
516	580	892	90	90	753523989
514	579	898	90	90	753524000
512	579	914	90	90	753524011
508	579	924	90	90	753524021
504	578	924	90	90	753524032
499	578	930	90	90	753524043
492	577	938	90	90	753524054
486	577	944	90	90	753524064
478	577	944	90	90	753524075
471	577	934	90	90	753524086
464	576	948	90	90	753524097
457	576	960	90	90	753524107
450	575	970	90	90	753524118
443	574	978	90	90	753524129
437	574	988	90	90	753524140
431	573	990	90	90	753524150
426	573	980	90	90	753524161
421	573	986	90	90	753524172
417	573	986	90	90	753524183
413	572	996	90	90	753524193
411	572	1004	90	90	753524204
409	571	1010	90	90	753524215
407	571	1014	90	90	753524226
406	570	1020	90	90	753524236
405	569	1023	90	90	753524258
405	568	1023	90	90	753524269
405	567	1023	90	90	753524279
405	566	1023	90	90	753524290
405	564	1023	90	90	753524301
405	563	1023	90	90	753524312
406	561	1023	90	90	753524322
406	559	1023	90	90	753524333
406	557	1023	90	90	753524344
406	554	1023	90	90	753524355
406	551	1023	90	90	753524365
406	547	1023	90	90	753524376
406	542	1023	90	90	753524387
405	536	1023	90	90	753524398
405	529	1023	90	90	753524408
405	520	1023	90	90	753524419
405	510	1023	90	90	753524430
406	499	1023	90	90	753524441
406	487	1023	90	90	753524451
406	474	1023	90	90	753524462
407	460	1023	90	90	753524473
407	445	1023	90	90	753524484
408	429	1023	90	90	753524494
409	413	1023	90	90	753524505
410	396	1023	90	90	753524516
412	379	1023	90	90	753524527
413	363	1023	90	90	753524537
413	347	1023	90	90	753524548
413	331	1023	90	90	753524559
413	316	1023	90	90	753524570
413	302	1023	90	90	753524580
413	289	1023	90	90	753524591
413	277	1023	90	90	753524602
413	266	1023	90	90	753524613
414	256	1023	90	90	753524623
415	246	1023	90	90	753524634
415	238	1023	90	90	753524645
415	231	1023	90	90	753524656
416	225	1023	90	90	753524666
416	221	1023	90	90	753524677
416	217	1023	90	90	753524688
416	215	1023	90	90	753524699
416	213	1023	90	90	753524731
416	212	1023	90	90	753524785
417	212	1023	90	90	753524795
418	212	1023	90	90	753524806
419	212	1023	90	90	753524817
421	213	1023	90	90	753524828
423	213	1023	90	90	753524838
426	213	1023	90	90	753524849
430	213	1023	90	90	753524860
435	213	1023	90	90	753524871
441	212	1023	90	90	753524881
448	212	1023	90	90	753524892
457	211	1023	90	90	753524903
465	211	1023	90	90	753524914
474	210	1023	90	90	753524924
483	209	1023	90	90	753524935
492	207	1023	90	90	753524946
500	207	1023	90	90	753524957
507	207	1023	90	90	753524967
513	207	1023	90	90	753524978
518	208	908	90	90	753524989
521	210	102	90	90	753525010
31
445	501	867	90	90	753525572
446	501	904	90	90	753525594
446	500	942	90	90	753525605
446	498	936	90	90	753525615
446	495	954	90	90	753525626
446	492	972	90	90	753525637
446	488	994	90	90	753525648
446	482	992	90	90	753525658
446	475	1014	90	90	753525669
446	468	1023	90	90	753525680
446	459	1023	90	90	753525691
447	448	1023	90	90	753525701
448	436	1023	90	90	753525712
448	424	1023	90	90	753525723
449	410	1023	90	90	753525734
450	396	1023	90	90	753525744
451	381	1023	90	90	753525755
452	367	1023	90	90	753525766
453	352	1023	90	90	753525777
453	338	1023	90	90	753525787
454	326	1023	90	90	753525798
455	314	1023	90	90	753525809
455	304	1023	90	90	753525820
455	296	1023	90	90	753525830
456	290	1023	90	90	753525841
457	285	1023	90	90	753525852
457	281	1023	90	90	753525863
457	279	1023	90	90	753525873
457	278	1023	90	90	753525884
458	277	987	90	90	753525906
458	279	298	90	90	753525927
32
456	394	970	90	90	753526171
457	396	968	90	90	753526203
456	396	985	90	90	753526224
455	396	1003	90	90	753526257
456	396	1023	90	90	753526267
457	396	1023	90	90	753526278
458	395	1023	90	90	753526289
461	395	1023	90	90	753526300
463	395	1023	90	90	753526310
467	395	1023	90	90	753526321
472	396	1023	90	90	753526332
478	396	1023	90	90	753526343
487	396	1023	90	90	753526353
496	396	1023	90	90	753526364
507	396	1023	90	90	753526375
520	395	1023	90	90	753526386
534	394	1023	90	90	753526396
550	393	1023	90	90	753526407
567	392	1023	90	90	753526418
585	392	1023	90	90	753526429
604	391	1023	90	90	753526439
624	390	1023	90	90	753526450
643	389	1023	90	90	753526461
663	388	1023	90	90	753526472
681	387	1023	90	90	753526482
699	387	1023	90	90	753526493
715	387	1023	90	90	753526504
730	386	1023	90	90	753526515
742	386	1023	90	90	753526525
752	386	1023	90	90	753526536
762	386	970	90	90	753526547
769	385	108	90	90	753526568
5
1
135	415	0	90	90	753528588
27
130	409	796	90	90	753528671
135	406	1023	90	90	753528681
138	405	1023	90	90	753528692
141	405	1023	90	90	753528703
145	405	1023	90	90	753528714
149	405	1023	90	90	753528724
155	405	1023	90	90	753528735
161	405	1023	90	90	753528746
168	406	1023	90	90	753528757
176	407	1023	90	90	753528767
186	407	1023	90	90	753528778
196	408	1023	90	90	753528789
209	409	1023	90	90	753528800
222	410	1023	90	90	753528810
236	411	1023	90	90	753528821
251	412	1023	90	90	753528832
266	413	1023	90	90	753528843
282	414	1023	90	90	753528853
298	415	1023	90	90	753528864
313	416	1023	90	90	753528875
328	417	1023	90	90	753528886
342	417	1023	90	90	753528896
354	417	1023	90	90	753528907
365	417	1023	90	90	753528918
375	417	1023	90	90	753528929
382	417	1023	90	90	753528939
386	419	311	90	90	753528961
92
507	604	634	90	90	753529531
508	602	948	90	90	753529541
507	601	896	90	90	753529552
504	600	908	90	90	753529563
501	599	936	90	90	753529574
496	598	936	90	90	753529584
490	597	958	90	90	753529595
483	596	984	90	90	753529606
476	596	986	90	90	753529617
468	596	1008	90	90	753529627
460	596	1023	90	90	753529638
451	596	1023	90	90	753529649
442	596	1023	90	90	753529660
433	596	1023	90	90	753529670
424	596	1023	90	90	753529681
415	596	1023	90	90	753529692
407	596	1023	90	90	753529703
399	596	1023	90	90	753529713
393	596	1023	90	90	753529724
386	596	1023	90	90	753529735
381	596	1023	90	90	753529746
378	595	1023	90	90	753529756
375	595	1023	90	90	753529767
373	594	1023	90	90	753529778
372	593	1023	90	90	753529789
372	591	1023	90	90	753529799
372	589	1023	90	90	753529810
372	587	1023	90	90	753529821
373	585	1023	90	90	753529832
373	582	1023	90	90	753529842
373	578	1023	90	90	753529853
374	574	1023	90	90	753529864
374	569	1023	90	90	753529875
375	564	1023	90	90	753529885
375	558	1023	90	90	753529896
375	552	1023	90	90	753529907
375	544	1023	90	90	753529918
375	535	1023	90	90	753529928
375	526	1023	90	90	753529939
374	515	1023	90	90	753529950
374	503	1023	90	90	753529961
374	490	1023	90	90	753529971
374	477	1023	90	90	753529982
375	463	1023	90	90	753529993
376	448	1023	90	90	753530004
378	432	1023	90	90	753530014
379	416	1023	90	90	753530025
381	399	1023	90	90	753530036
382	382	1023	90	90	753530047
383	365	1023	90	90	753530057
384	348	1023	90	90	753530068
385	332	1023	90	90	753530079
385	317	1023	90	90	753530090
385	303	1023	90	90	753530100
385	289	1023	90	90	753530111
385	277	1023	90	90	753530122
385	266	1023	90	90	753530133
386	256	1023	90	90	753530143
386	247	1023	90	90	753530154
386	238	1023	90	90	753530165
386	232	1023	90	90	753530176
386	226	1023	90	90	753530186
386	222	1023	90	90	753530197
386	219	1023	90	90	753530208
386	217	1023	90	90	753530219
386	215	1023	90	90	753530229
386	214	1023	90	90	753530240
386	213	1023	90	90	753530294
387	213	1023	90	90	753530305
389	213	1023	90	90	753530315
391	213	1023	90	90	753530326
393	214	1023	90	90	753530337
396	214	1023	90	90	753530348
400	214	1023	90	90	753530358
404	215	1023	90	90	753530369
410	216	1023	90	90	753530380
417	217	1023	90	90	753530391
425	218	1023	90	90	753530401
435	219	1023	90	90	753530412
445	220	1023	90	90	753530423
456	221	1023	90	90	753530434
468	222	1023	90	90	753530444
480	223	1023	90	90	753530455
492	224	1023	90	90	753530466
503	225	1023	90	90	753530477
514	226	1023	90	90	753530487
524	227	1023	90	90	753530498
532	228	1023	90	90	753530509
540	228	1023	90	90	753530520
546	228	1023	90	90	753530530
550	228	816	90	90	753530541
553	229	26	90	90	753530563
32
410	517	618	90	90	753531031
412	518	948	90	90	753531041
413	518	918	90	90	753531052
414	518	946	90	90	753531063
416	517	984	90	90	753531074
417	516	978	90	90	753531084
417	515	996	90	90	753531095
417	512	1014	90	90	753531106
418	509	1023	90	90	753531117
418	504	1023	90	90	753531127
418	498	1023	90	90	753531138
419	491	1023	90	90	753531149
420	482	1023	90	90	753531160
421	472	1023	90	90	753531170
422	461	1023	90	90	753531181
424	448	1023	90	90	753531192
425	434	1023	90	90	753531203
427	420	1023	90	90	753531213
428	405	1023	90	90	753531224
429	390	1023	90	90	753531235
430	376	1023	90	90	753531246
431	363	1023	90	90	753531256
431	350	1023	90	90	753531267
431	339	1023	90	90	753531278
431	329	1023	90	90	753531289
431	320	1023	90	90	753531299
432	312	1023	90	90	753531310
432	306	1023	90	90	753531321
432	302	1023	90	90	753531332
432	299	1023	90	90	753531342
433	298	892	90	90	753531353
433	299	125	90	90	753531375
26
420	414	839	90	90	753531688
419	413	1000	90	90	753531752
421	413	1023	90	90	753531763
422	413	1023	90	90	753531774
424	413	1023	90	90	753531785
428	413	1023	90	90	753531795
432	413	1023	90	90	753531806
437	413	1023	90	90	753531817
444	413	1023	90	90	753531828
452	413	1023	90	90	753531838
462	413	1023	90	90	753531849
474	412	1023	90	90	753531860
487	412	1023	90	90	753531871
502	411	1023	90	90	753531881
518	410	1023	90	90	753531892
535	409	1023	90	90	753531903
553	409	1023	90	90	753531914
571	409	1023	90	90	753531924
590	410	1023	90	90	753531935
609	411	1023	90	90	753531946
626	412	1023	90	90	753531957
643	413	1023	90	90	753531967
658	414	1023	90	90	753531978
671	415	1023	90	90	753531989
683	415	1023	90	90	753532000
693	415	402	90	90	753532021
5
1
147	446	0	90	90	753532978
28
110	437	620	90	90	753533166
111	436	838	90	90	753533242
112	436	1002	90	90	753533252
113	436	1023	90	90	753533263
115	436	1023	90	90	753533274
118	435	1023	90	90	753533285
122	435	1023	90	90	753533295
127	435	1023	90	90	753533306
133	435	1023	90	90	753533317
140	435	1023	90	90	753533328
148	434	1023	90	90	753533338
158	434	1023	90	90	753533349
169	434	1023	90	90	753533360
181	433	1023	90	90	753533371
194	433	1023	90	90	753533381
209	433	1023	90	90	753533392
224	434	1023	90	90	753533403
241	434	1023	90	90	753533414
259	435	1023	90	90	753533424
277	435	1023	90	90	753533435
295	433	1023	90	90	753533446
312	432	1023	90	90	753533457
328	431	1023	90	90	753533467
343	430	1023	90	90	753533478
357	428	1023	90	90	753533489
370	426	1023	90	90	753533500
381	425	1023	90	90	753533510
389	425	323	90	90	753533532
79
542	602	941	90	90	753534025
540	602	902	90	90	753534036
537	601	902	90	90	753534047
532	600	924	90	90	753534058
526	600	936	90	90	753534068
519	600	942	90	90	753534079
511	600	932	90	90	753534090
502	600	942	90	90	753534101
492	600	960	90	90	753534111
482	600	982	90	90	753534122
472	600	976	90	90	753534133
461	600	986	90	90	753534144
451	599	1002	90	90	753534154
441	598	1014	90	90	753534165
431	598	1014	90	90	753534176
423	597	1016	90	90	753534187
415	596	1020	90	90	753534197
408	595	1020	90	90	753534208
402	593	1020	90	90	753534219
397	591	1023	90	90	753534230
393	588	1023	90	90	753534240
390	585	1023	90	90	753534251
388	581	1023	90	90	753534262
386	577	1023	90	90	753534273
385	572	1023	90	90	753534283
384	565	1023	90	90	753534294
384	558	1023	90	90	753534305
384	550	1023	90	90	753534316
384	540	1023	90	90	753534326
384	530	1023	90	90	753534337
384	519	1023	90	90	753534348
384	506	1023	90	90	753534359
385	492	1023	90	90	753534369
385	477	1023	90	90	753534380
385	462	1023	90	90	753534391
385	445	1023	90	90	753534402
385	428	1023	90	90	753534412
385	412	1023	90	90	753534423
385	395	1023	90	90	753534434
385	378	1023	90	90	753534445
385	361	1023	90	90	753534455
385	345	1023	90	90	753534466
386	328	1023	90	90	753534477
386	312	1023	90	90	753534488
387	297	1023	90	90	753534498
388	283	1023	90	90	753534509
388	271	1023	90	90	753534520
388	260	1023	90	90	753534531
387	251	1023	90	90	753534541
387	244	1023	90	90	753534552
386	237	1023	90	90	753534563
386	233	1023	90	90	753534574
385	228	1023	90	90	753534584
385	225	1023	90	90	753534595
385	223	1023	90	90	753534606
384	222	1023	90	90	753534649
385	222	1023	90	90	753534660
386	222	1023	90	90	753534670
387	222	1023	90	90	753534681
389	222	1023	90	90	753534692
392	222	1023	90	90	753534703
395	223	1023	90	90	753534713
400	223	1023	90	90	753534724
405	223	1023	90	90	753534735
412	223	1023	90	90	753534746
420	223	1023	90	90	753534756
430	223	1023	90	90	753534767
440	222	1023	90	90	753534778
452	222	1023	90	90	753534789
465	222	1023	90	90	753534799
478	222	1023	90	90	753534810
492	221	1023	90	90	753534821
505	220	1023	90	90	753534832
519	218	1023	90	90	753534842
531	217	1023	90	90	753534853
543	216	1023	90	90	753534864
553	215	1023	90	90	753534875
561	214	1023	90	90	753534885
567	214	364	90	90	753534907
25
445	514	835	90	90	753535338
447	513	1012	90	90	753535360
447	510	1023	90	90	753535371
447	507	1023	90	90	753535381
447	502	1023	90	90	753535392
447	497	1023	90	90	753535403
447	490	1023	90	90	753535414
447	481	1023	90	90	753535424
448	471	1023	90	90	753535435
448	460	1023	90	90	753535446
449	447	1023	90	90	753535457
449	432	1023	90	90	753535467
449	416	1023	90	90	753535478
450	399	1023	90	90	753535489
450	382	1023	90	90	753535500
450	366	1023	90	90	753535510
449	349	1023	90	90	753535521
448	334	1023	90	90	753535532
448	321	1023	90	90	753535543
447	311	1023	90	90	753535553
446	302	1023	90	90	753535564
445	295	1023	90	90	753535575
444	290	1023	90	90	753535586
444	286	892	90	90	753535596
444	284	136	90	90	753535618
24
450	402	832	90	90	753535931
450	400	923	90	90	753535953
449	400	1001	90	90	753535996
450	400	1023	90	90	753536007
452	400	1023	90	90	753536017
455	400	1023	90	90	753536028
459	400	1023	90	90	753536039
465	400	1023	90	90	753536050
472	401	1023	90	90	753536060
482	402	1023	90	90	753536071
493	402	1023	90	90	753536082
506	402	1023	90	90	753536093
522	403	1023	90	90	753536103
539	403	1023	90	90	753536114
558	404	1023	90	90	753536125
577	405	1023	90	90	753536136
598	407	1023	90	90	753536146
618	408	1023	90	90	753536157
639	409	1023	90	90	753536168
659	411	1023	90	90	753536179
677	412	1023	90	90	753536189
695	414	1023	90	90	753536200
710	414	1023	90	90	753536211
723	414	404	90	90	753536232
5
1
136	407	0	90	90	528463306
23
118	396	882	90	90	528463411
118	394	994	90	90	528463422
119	394	1004	90	90	528463433
119	393	1023	90	90	528463443
120	392	1023	90	90	528463454
121	392	1023	90	90	528463465
123	391	1023	90	90	528463476
127	391	1023	90	90	528463486
133	391	1023	90	90	528463497
140	391	1023	90	90	528463508
150	391	1023	90	90	528463519
161	391	1023	90	90	528463529
173	391	1023	90	90	528463540
187	392	1023	90	90	528463551
201	393	1023	90	90	528463562
215	394	1023	90	90	528463572
230	395	1023	90	90	528463583
245	396	1023	90	90	528463594
259	397	1023	90	90	528463605
274	397	1023	90	90	528463615
286	397	1023	90	90	528463626
296	398	996	90	90	528463637
305	399	150	90	90	528463658
70
400	560	954	90	90	528464265
397	559	926	90	90	528464275
394	558	908	90	90	528464286
390	557	926	90	90	528464297
385	556	934	90	90	528464308
380	555	960	90	90	528464318
374	553	990	90	90	528464329
367	552	984	90	90	528464340
360	551	998	90	90	528464351
354	549	1016	90	90	528464361
349	548	1023	90	90	528464372
343	546	1023	90	90	528464383
340	544	1023	90	90	528464394
336	543	1023	90	90	528464404
334	541	1023	90	90	528464415
331	539	1023	90	90	528464426
329	538	1023	90	90	528464437
328	536	1023	90	90	528464447
327	535	1023	90	90	528464458
326	533	1023	90	90	528464469
325	531	1023	90	90	528464480
324	528	1023	90	90	528464490
324	524	1023	90	90	528464501
324	520	1023	90	90	528464512
324	515	1023	90	90	528464523
323	509	1023	90	90	528464533
323	502	1023	90	90	528464544
323	493	1023	90	90	528464555
323	483	1023	90	90	528464566
324	472	1023	90	90	528464576
324	459	1023	90	90	528464587
325	446	1023	90	90	528464598
325	431	1023	90	90	528464609
325	416	1023	90	90	528464619
325	400	1023	90	90	528464630
324	383	1023	90	90	528464641
324	367	1023	90	90	528464652
323	351	1023	90	90	528464662
322	334	1023	90	90	528464673
321	319	1023	90	90	528464684
321	304	1023	90	90	528464695
320	290	1023	90	90	528464705
319	277	1023	90	90	528464716
318	266	1023	90	90	528464727
317	256	1023	90	90	528464738
317	246	1023	90	90	528464748
317	238	1023	90	90	528464759
317	230	1023	90	90	528464770
318	224	1023	90	90	528464781
319	218	1023	90	90	528464791
319	214	1023	90	90	528464802
320	212	1023	90	90	528464813
320	210	1023	90	90	528464824
321	210	1023	90	90	528464834
322	210	1023	90	90	528464845
324	210	1023	90	90	528464856
327	210	1023	90	90	528464867
331	210	1023	90	90	528464877
336	211	1023	90	90	528464888
343	212	1023	90	90	528464899
351	213	1023	90	90	528464910
361	213	1023	90	90	528464920
373	213	1023	90	90	528464931
385	212	1023	90	90	528464942
397	211	1023	90	90	528464953
409	209	1023	90	90	528464963
420	208	1023	90	90	528464974
429	208	1023	90	90	528464985
435	210	1023	90	90	528464996
440	213	198	90	90	528465017
29
378	469	792	90	90	528465484
379	469	832	90	90	528465494
380	469	872	90	90	528465505
381	468	951	90	90	528465527
381	467	994	90	90	528465537
382	465	992	90	90	528465548
382	462	1010	90	90	528465559
382	459	1023	90	90	528465570
382	455	1023	90	90	528465580
381	450	1023	90	90	528465591
381	444	1023	90	90	528465602
380	437	1023	90	90	528465613
380	428	1023	90	90	528465623
380	418	1023	90	90	528465634
380	407	1023	90	90	528465645
380	394	1023	90	90	528465656
381	379	1023	90	90	528465666
381	363	1023	90	90	528465677
381	346	1023	90	90	528465688
381	331	1023	90	90	528465699
381	316	1023	90	90	528465709
380	302	1023	90	90	528465720
379	289	1023	90	90	528465731
378	278	1023	90	90	528465742
376	269	1023	90	90	528465752
375	262	1023	90	90	528465763
373	256	1023	90	90	528465774
370	253	984	90	90	528465785
368	251	154	90	90	528465806
39
377	383	932	90	90	528466359
378	382	978	90	90	528466369
378	380	960	90	90	528466380
378	379	976	90	90	528466391
379	378	1010	90	90	528466402
380	377	1023	90	90	528466412
381	376	1023	90	90	528466423
382	375	1023	90	90	528466434
385	374	1023	90	90	528466445
389	374	1023	90	90	528466455
393	373	1023	90	90	528466466
399	373	1023	90	90	528466477
406	372	1023	90	90	528466488
414	371	1023	90	90	528466498
424	371	1023	90	90	528466509
435	370	1023	90	90	528466520
447	369	1023	90	90	528466531
460	369	1023	90	90	528466541
473	369	1023	90	90	528466552
488	369	1023	90	90	528466563
503	368	1023	90	90	528466574
518	368	1023	90	90	528466584
534	368	1023	90	90	528466595
551	369	1023	90	90	528466606
568	369	1023	90	90	528466617
586	368	1023	90	90	528466627
602	368	1023	90	90	528466638
619	367	1023	90	90	528466649
634	366	1023	90	90	528466660
649	365	1023	90	90	528466670
663	364	1023	90	90	528466681
676	363	1023	90	90	528466692
687	362	1023	90	90	528466703
697	361	1023	90	90	528466713
705	360	1023	90	90	528466724
711	360	1023	90	90	528466735
716	361	1023	90	90	528466746
720	362	1008	90	90	528466756
722	364	156	90	90	528466778
5
1
146	412	0	90	90	528578635
25
109	410	382	90	90	528578781
107	408	782	90	90	528578791
106	408	802	90	90	528578802
106	407	804	90	90	528578813
105	407	905	90	90	528578856
106	407	1016	90	90	528578867
108	408	1023	90	90	528578877
111	409	1023	90	90	528578888
116	410	1023	90	90	528578899
121	412	1023	90	90	528578910
129	413	1023	90	90	528578920
139	415	1023	90	90	528578931
150	416	1023	90	90	528578942
163	418	1023	90	90	528578953
177	419	1023	90	90	528578963
193	420	1023	90	90	528578974
208	421	1023	90	90	528578985
224	422	1023	90	90	528578996
239	422	1023	90	90	528579006
254	422	1023	90	90	528579017
268	422	1023	90	90	528579028
281	422	1023	90	90	528579039
291	423	1023	90	90	528579049
298	423	826	90	90	528579060
304	424	33	90	90	528579082
67
406	570	942	90	90	528579500
408	571	942	90	90	528579510
406	572	940	90	90	528579521
403	572	958	90	90	528579532
398	573	978	90	90	528579543
391	573	994	90	90	528579553
383	573	978	90	90	528579564
374	574	984	90	90	528579575
365	574	986	90	90	528579586
356	574	998	90	90	528579596
348	574	1016	90	90	528579607
339	574	1023	90	90	528579618
332	574	1023	90	90	528579629
325	573	1023	90	90	528579639
319	572	1023	90	90	528579650
314	570	1023	90	90	528579661
310	569	1023	90	90	528579672
307	567	1023	90	90	528579682
304	565	1023	90	90	528579693
302	563	1023	90	90	528579704
301	559	1023	90	90	528579715
300	555	1023	90	90	528579725
300	550	1023	90	90	528579736
300	544	1023	90	90	528579747
300	537	1023	90	90	528579758
301	529	1023	90	90	528579768
301	520	1023	90	90	528579779
302	509	1023	90	90	528579790
303	496	1023	90	90	528579801
304	482	1023	90	90	528579811
306	468	1023	90	90	528579822
307	452	1023	90	90	528579833
308	436	1023	90	90	528579844
310	419	1023	90	90	528579854
311	402	1023	90	90	528579865
312	385	1023	90	90	528579876
313	368	1023	90	90	528579887
313	352	1023	90	90	528579897
313	338	1023	90	90	528579908
313	325	1023	90	90	528579919
312	313	1023	90	90	528579930
310	302	1023	90	90	528579940
309	292	1023	90	90	528579951
308	284	1023	90	90	528579962
308	277	1023	90	90	528579973
308	271	1023	90	90	528579983
308	266	1023	90	90	528579994
309	262	1023	90	90	528580005
310	259	1023	90	90	528580016
311	257	1023	90	90	528580026
311	256	1023	90	90	528580037
313	255	1023	90	90	528580048
316	254	1023	90	90	528580059
320	254	1023	90	90	528580069
325	254	1023	90	90	528580080
332	254	1023	90	90	528580091
340	254	1023	90	90	528580102
350	255	1023	90	90	528580112
361	255	1023	90	90	528580123
372	253	1023	90	90	528580134
383	252	1023	90	90	528580145
395	250	1023	90	90	528580155
405	249	1023	90	90	528580166
414	247	1023	90	90	528580177
422	247	1023	90	90	528580188
428	247	1023	90	90	528580198
432	249	184	90	90	528580220
18
365	478	664	90	90	528580531
367	482	1010	90	90	528580541
369	482	986	90	90	528580563
369	480	1002	90	90	528580574
368	476	1008	90	90	528580584
367	471	1008	90	90	528580595
365	464	1014	90	90	528580606
364	454	1016	90	90	528580617
362	443	1023	90	90	528580627
361	429	1023	90	90	528580638
360	414	1023	90	90	528580649
359	397	1023	90	90	528580660
358	382	1023	90	90	528580670
358	367	1023	90	90	528580681
357	354	1023	90	90	528580692
357	343	1023	90	90	528580703
357	334	1023	90	90	528580713
357	327	333	90	90	528580735
32
371	393	1021	90	90	528580953
370	391	1023	90	90	528580964
369	391	1023	90	90	528580974
368	391	1023	90	90	528580985
368	390	1023	90	90	528581017
370	391	1023	90	90	528581028
374	392	1023	90	90	528581039
380	393	1023	90	90	528581050
387	395	1023	90	90	528581060
396	397	1023	90	90	528581071
407	399	1023	90	90	528581082
420	400	1023	90	90	528581093
435	401	1023	90	90	528581103
453	401	1023	90	90	528581114
472	401	1023	90	90	528581125
492	401	1023	90	90	528581136
515	400	1023	90	90	528581146
538	398	1023	90	90	528581157
563	395	1023	90	90	528581168
589	393	1023	90	90	528581179
614	389	1023	90	90	528581189
639	386	1023	90	90	528581200
662	384	1023	90	90	528581211
684	381	1023	90	90	528581222
703	380	1023	90	90	528581232
721	379	1023	90	90	528581243
736	378	1023	90	90	528581254
749	378	1023	90	90	528581265
759	378	1023	90	90	528581275
767	378	1023	90	90	528581286
772	379	866	90	90	528581297
775	379	50	90	90	528581318
5
1
145	422	0	90	90	528738353
22
106	418	582	90	90	528738515
106	415	552	90	90	528738525
106	414	618	90	90	528738536
106	413	754	90	90	528738547
106	412	896	90	90	528738568
107	412	996	90	90	528738579
108	412	1023	90	90	528738590
111	412	1023	90	90	528738601
115	412	1023	90	90	528738611
121	412	1023	90	90	528738622
128	412	1023	90	90	528738633
136	412	1023	90	90	528738644
146	411	1023	90	90	528738654
156	411	1023	90	90	528738665
168	410	1023	90	90	528738676
181	410	1023	90	90	528738687
193	409	1023	90	90	528738697
206	408	1023	90	90	528738708
218	407	1023	90	90	528738719
229	406	1023	90	90	528738730
238	406	1023	90	90	528738740
247	406	284	90	90	528738762
63
325	515	835	90	90	528739431
325	513	816	90	90	528739442
323	512	804	90	90	528739453
319	511	804	90	90	528739464
315	511	808	90	90	528739474
310	511	810	90	90	528739485
304	510	820	90	90	528739496
298	510	818	90	90	528739507
292	511	830	90	90	528739517
285	512	842	90	90	528739528
279	512	856	90	90	528739539
274	512	852	90	90	528739550
269	510	872	90	90	528739560
265	509	884	90	90	528739571
261	508	896	90	90	528739582
259	506	908	90	90	528739593
257	505	896	90	90	528739603
256	503	914	90	90	528739614
255	502	942	90	90	528739625
255	499	946	90	90	528739636
255	497	954	90	90	528739646
256	493	960	90	90	528739657
256	489	970	90	90	528739668
257	484	976	90	90	528739679
258	478	972	90	90	528739689
259	471	976	90	90	528739700
259	463	982	90	90	528739711
259	454	978	90	90	528739722
260	443	984	90	90	528739732
260	430	978	90	90	528739743
260	416	992	90	90	528739754
260	402	1002	90	90	528739765
260	387	1016	90	90	528739775
260	371	1020	90	90	528739786
261	356	1023	90	90	528739797
261	340	1023	90	90	528739808
261	326	1023	90	90	528739818
261	312	1023	90	90	528739829
260	300	1023	90	90	528739840
259	290	1023	90	90	528739851
258	282	1023	90	90	528739861
257	276	1023	90	90	528739872
256	272	1023	90	90	528739883
256	268	1023	90	90	528739894
256	266	1023	90	90	528739904
256	265	1023	90	90	528739915
256	264	1023	90	90	528739937
257	264	1023	90	90	528739947
257	263	1023	90	90	528739958
258	263	1023	90	90	528739969
260	263	1023	90	90	528739980
261	263	1023	90	90	528739990
264	263	1023	90	90	528740001
268	264	1023	90	90	528740012
272	264	1023	90	90	528740023
277	264	1023	90	90	528740033
283	264	1023	90	90	528740044
290	263	1023	90	90	528740055
297	263	1023	90	90	528740066
304	262	1023	90	90	528740076
310	262	1023	90	90	528740087
315	262	998	90	90	528740098
318	262	170	90	90	528740119
19
293	448	658	90	90	528741109
294	448	696	90	90	528741119
295	447	706	90	90	528741130
295	446	748	90	90	528741141
295	444	766	90	90	528741152
295	441	786	90	90	528741162
294	437	818	90	90	528741173
294	432	844	90	90	528741184
293	425	856	90	90	528741195
293	415	878	90	90	528741205
292	403	896	90	90	528741216
292	390	906	90	90	528741227
291	375	920	90	90	528741238
291	362	930	90	90	528741248
291	351	938	90	90	528741259
292	342	942	90	90	528741270
292	336	902	90	90	528741281
293	332	736	90	90	528741291
293	330	33	90	90	528741313
30
288	397	836	90	90	528741781
289	396	838	90	90	528741791
289	395	862	90	90	528741802
290	395	892	90	90	528741813
290	394	924	90	90	528741845
289	394	985	90	90	528741899
291	394	1023	90	90	528741910
293	394	1023	90	90	528741920
296	394	1023	90	90	528741931
300	395	1023	90	90	528741942
306	395	1023	90	90	528741953
314	396	1023	90	90	528741963
323	396	1023	90	90	528741974
333	397	1023	90	90	528741985
345	397	1023	90	90	528741996
359	397	1023	90	90	528742006
374	397	1023	90	90	528742017
390	397	1023	90	90	528742028
408	396	1023	90	90	528742039
427	394	1023	90	90	528742049
447	393	1023	90	90	528742060
467	391	1023	90	90	528742071
487	390	1023	90	90	528742082
506	389	1023	90	90	528742092
524	388	1023	90	90	528742103
541	387	1023	90	90	528742114
556	387	1023	90	90	528742125
569	386	1023	90	90	528742135
580	386	1023	90	90	528742146
589	384	365	90	90	528742168
5
1
158	468	0	90	90	528936650
22
113	422	466	90	90	528936875
109	420	782	90	90	528936885
108	418	760	90	90	528936896
107	417	790	90	90	528936907
106	416	941	90	90	528936961
107	416	1023	90	90	528936971
110	416	1023	90	90	528936982
114	418	1023	90	90	528936993
119	419	1023	90	90	528937004
125	420	1023	90	90	528937014
133	421	1023	90	90	528937025
143	422	1023	90	90	528937036
153	422	1023	90	90	528937047
164	422	1023	90	90	528937057
176	421	1023	90	90	528937068
187	420	1023	90	90	528937079
199	419	1023	90	90	528937090
209	418	1023	90	90	528937100
218	418	1023	90	90	528937111
226	418	1023	90	90	528937122
232	418	826	90	90	528937133
237	419	44	90	90	528937154
77
337	555	866	90	90	528937687
338	553	862	90	90	528937697
337	553	810	90	90	528937708
335	552	822	90	90	528937719
331	551	838	90	90	528937730
326	551	860	90	90	528937740
320	551	862	90	90	528937751
314	551	886	90	90	528937762
307	550	904	90	90	528937773
299	550	900	90	90	528937783
293	550	924	90	90	528937794
286	550	934	90	90	528937805
279	550	966	90	90	528937816
273	549	994	90	90	528937826
267	549	992	90	90	528937837
262	548	1004	90	90	528937848
257	547	1010	90	90	528937859
253	547	1016	90	90	528937869
251	546	1023	90	90	528937880
248	545	1023	90	90	528937891
247	544	1023	90	90	528937902
245	542	1023	90	90	528937912
245	541	1023	90	90	528937923
245	540	1023	90	90	528937934
244	539	1023	90	90	528937945
244	537	1023	90	90	528937955
244	535	1023	90	90	528937966
245	533	1023	90	90	528937977
245	530	1023	90	90	528937988
246	527	1023	90	90	528937998
246	523	1023	90	90	528938009
246	518	1023	90	90	528938020
246	512	1023	90	90	528938031
245	505	1023	90	90	528938041
244	498	1023	90	90	528938052
244	489	1023	90	90	528938063
243	479	1023	90	90	528938074
242	469	1023	90	90	528938084
241	457	1023	90	90	528938095
240	445	1023	90	90	528938106
240	433	1023	90	90	528938117
240	420	1023	90	90	528938127
240	406	1023	90	90	528938138
240	391	1023	90	90	528938149
242	376	1023	90	90	528938160
243	361	1023	90	90	528938170
244	346	1023	90	90	528938181
245	332	1023	90	90	528938192
245	319	1023	90	90	528938203
246	309	1023	90	90	528938213
246	299	1023	90	90	528938224
247	291	1023	90	90	528938235
247	284	1023	90	90	528938246
248	277	1023	90	90	528938256
248	273	1023	90	90	528938267
248	269	1023	90	90	528938278
248	267	1023	90	90	528938289
248	265	1023	90	90	528938299
248	264	1023	90	90	528938310
247	263	1023	90	90	528938321
247	262	1023	90	90	528938332
247	261	1023	90	90	528938364
248	260	1023	90	90	528938375
249	260	1023	90	90	528938385
251	260	1023	90	90	528938396
254	261	1023	90	90	528938407
259	261	1023	90	90	528938418
265	261	1023	90	90	528938428
272	261	1023	90	90	528938439
281	261	1023	90	90	528938450
290	260	1023	90	90	528938461
300	258	1023	90	90	528938471
309	257	1023	90	90	528938482
318	256	1023	90	90	528938493
326	255	1023	90	90	528938504
334	255	1023	90	90	528938514
341	255	321	90	90	528938536
22
299	493	430	90	90	528939171
299	492	856	90	90	528939181
299	490	826	90	90	528939192
299	488	836	90	90	528939203
299	485	862	90	90	528939214
298	481	872	90	90	528939224
297	476	892	90	90	528939235
297	469	896	90	90	528939246
297	460	920	90	90	528939257
296	449	936	90	90	528939267
296	437	948	90	90	528939278
297	423	948	90	90	528939289
298	407	984	90	90	528939300
299	392	992	90	90	528939310
301	377	1008	90	90	528939321
303	364	1023	90	90	528939332
304	352	1023	90	90	528939343
306	342	1023	90	90	528939353
306	334	1023	90	90	528939364
306	328	984	90	90	528939375
305	325	830	90	90	528939386
304	324	137	90	90	528939407
36
297	406	544	90	90	528939718
296	406	664	90	90	528939728
296	405	791	90	90	528939761
296	404	920	90	90	528939771
296	403	942	90	90	528939782
296	402	966	90	90	528939793
297	402	988	90	90	528939804
298	402	978	90	90	528939814
300	401	986	90	90	528939825
302	401	1008	90	90	528939836
307	402	1023	90	90	528939847
312	402	1023	90	90	528939857
318	403	1023	90	90	528939868
326	404	1023	90	90	528939879
335	404	1023	90	90	528939890
345	404	1023	90	90	528939900
357	404	1023	90	90	528939911
371	405	1023	90	90	528939922
385	406	1023	90	90	528939933
402	407	1023	90	90	528939943
420	407	1023	90	90	528939954
439	407	1023	90	90	528939965
459	407	1023	90	90	528939976
480	407	1023	90	90	528939986
501	407	1023	90	90	528939997
522	407	1023	90	90	528940008
542	407	1023	90	90	528940019
562	407	1023	90	90	528940029
581	407	1023	90	90	528940040
598	407	1023	90	90	528940051
615	407	1023	90	90	528940062
629	407	1023	90	90	528940072
641	407	1023	90	90	528940083
652	406	1023	90	90	528940094
661	405	920	90	90	528940105
667	404	88	90	90	528940126
5
1
159	391	0	90	90	529081166
22
121	373	636	90	90	529081328
120	370	618	90	90	529081338
119	369	666	90	90	529081349
118	368	784	90	90	529081360
117	368	860	90	90	529081371
116	368	896	90	90	529081381
115	367	948	90	90	529081392
113	367	1010	90	90	529081435
116	368	1023	90	90	529081446
119	369	1023	90	90	529081457
124	370	1023	90	90	529081467
131	371	1023	90	90	529081478
141	371	1023	90	90	529081489
151	371	1023	90	90	529081500
163	371	1023	90	90	529081510
176	371	1023	90	90	529081521
189	370	1023	90	90	529081532
202	369	1023	90	90	529081543
214	368	1023	90	90	529081553
224	368	1023	90	90	529081564
232	368	946	90	90	529081575
238	370	108	90	90	529081596
63
329	500	936	90	90	529082125
327	498	920	90	90	529082135
323	496	900	90	90	529082146
319	494	906	90	90	529082157
313	494	930	90	90	529082168
306	494	934	90	90	529082178
297	494	958	90	90	529082189
288	493	978	90	90	529082200
279	493	990	90	90	529082211
269	493	984	90	90	529082221
261	492	1002	90	90	529082232
253	491	1002	90	90	529082243
246	491	1002	90	90	529082254
241	490	1010	90	90	529082264
236	489	1023	90	90	529082275
233	487	1023	90	90	529082286
230	485	1023	90	90	529082297
229	483	1023	90	90	529082307
228	481	1023	90	90	529082318
227	477	1023	90	90	529082329
227	474	1023	90	90	529082340
227	469	1023	90	90	529082350
228	464	1023	90	90	529082361
229	457	1023	90	90	529082372
231	450	1023	90	90	529082383
232	441	1023	90	90	529082393
234	430	1023	90	90	529082404
236	418	1023	90	90	529082415
238	405	1023	90	90	529082426
240	389	1023	90	90	529082436
242	373	1023	90	90	529082447
243	355	1023	90	90	529082458
244	338	1023	90	90	529082469
244	320	1023	90	90	529082479
244	302	1023	90	90	529082490
244	286	1023	90	90	529082501
244	272	1023	90	90	529082512
244	258	1023	90	90	529082522
243	245	1023	90	90	529082533
243	233	1023	90	90	529082544
243	223	1023	90	90	529082555
244	214	1023	90	90	529082565
245	207	1023	90	90	529082576
245	201	1023	90	90	529082587
246	197	1023	90	90	529082598
247	194	1023	90	90	529082608
248	191	1023	90	90	529082619
249	189	1023	90	90	529082630
250	187	1023	90	90	529082641
252	186	1023	90	90	529082651
255	186	1023	90	90	529082662
259	186	1023	90	90	529082673
265	187	1023	90	90	529082684
272	188	1023	90	90	529082694
281	190	1023	90	90	529082705
291	191	1023	90	90	529082716
302	192	1023	90	90	529082727
314	192	1023	90	90	529082737
326	192	1023	90	90	529082748
338	192	1023	90	90	529082759
349	191	1023	90	90	529082770
357	191	1023	90	90	529082780
365	191	336	90	90	529082802
19
281	427	856	90	90	529083265
284	421	832	90	90	529083275
284	417	836	90	90	529083286
285	412	862	90	90	529083297
285	407	880	90	90	529083308
285	400	898	90	90	529083318
285	393	896	90	90	529083329
285	383	906	90	90	529083340
286	371	908	90	90	529083351
287	356	914	90	90	529083361
288	340	914	90	90	529083372
290	324	938	90	90	529083383
292	307	946	90	90	529083394
293	292	954	90	90	529083404
294	280	954	90	90	529083415
294	270	940	90	90	529083426
295	261	906	90	90	529083437
295	254	790	90	90	529083447
295	249	163	90	90	529083469
28
289	347	543	90	90	529083728
288	346	672	90	90	529083739
287	345	728	90	90	529083761
287	344	867	90	90	529083782
287	343	974	90	90	529083814
288	343	1023	90	90	529083825
291	343	1023	90	90	529083836
295	344	1023	90	90	529083847
301	345	1023	90	90	529083857
309	348	1023	90	90	529083868
319	350	1023	90	90	529083879
331	353	1023	90	90	529083890
345	355	1023	90	90	529083900
361	357	1023	90	90	529083911
380	359	1023	90	90	529083922
400	360	1023	90	90	529083933
423	361	1023	90	90	529083943
447	362	1023	90	90	529083954
473	362	1023	90	90	529083965
499	362	1023	90	90	529083976
525	362	1023	90	90	529083986
551	361	1023	90	90	529083997
578	360	1023	90	90	529084008
603	359	1023	90	90	529084019
627	357	1023	90	90	529084029
648	355	1023	90	90	529084040
667	353	1023	90	90	529084051
682	351	386	90	90	529084072
5
1
145	426	0	90	90	529201228
22
107	404	824	90	90	529201312
104	401	786	90	90	529201322
103	399	792	90	90	529201333
103	398	850	90	90	529201344
103	397	902	90	90	529201355
102	397	1002	90	90	529201376
103	397	1023	90	90	529201387
105	397	1023	90	90	529201398
109	398	1023	90	90	529201408
115	399	1023	90	90	529201419
123	400	1023	90	90	529201430
133	401	1023	90	90	529201441
146	402	1023	90	90	529201451
160	403	1023	90	90	529201462
175	403	1023	90	90	529201473
192	403	1023	90	90	529201484
208	402	1023	90	90	529201494
224	402	1023	90	90	529201505
239	401	1023	90	90	529201516
253	401	1023	90	90	529201527
266	401	860	90	90	529201537
277	403	54	90	90	529201559
73
418	551	868	90	90	529201984
421	551	854	90	90	529201994
420	550	818	90	90	529202005
418	549	818	90	90	529202016
413	548	836	90	90	529202027
407	547	856	90	90	529202037
400	546	856	90	90	529202048
391	545	866	90	90	529202059
382	544	872	90	90	529202070
372	543	886	90	90	529202080
363	542	892	90	90	529202091
354	541	914	90	90	529202102
345	539	948	90	90	529202113
338	538	948	90	90	529202123
331	536	966	90	90	529202134
325	534	982	90	90	529202145
320	533	994	90	90	529202156
316	531	980	90	90	529202166
312	530	992	90	90	529202177
310	529	998	90	90	529202188
308	528	1008	90	90	529202199
306	527	1016	90	90	529202209
305	527	1023	90	90	529202220
305	526	1023	90	90	529202231
305	524	1023	90	90	529202242
305	522	1023	90	90	529202252
305	520	1023	90	90	529202263
305	518	1023	90	90	529202274
305	515	1023	90	90	529202285
305	512	1023	90	90	529202295
305	509	1023	90	90	529202306
304	505	1023	90	90	529202317
302	501	1023	90	90	529202328
301	497	1023	90	90	529202338
299	493	1023	90	90	529202349
297	488	1023	90	90	529202360
295	482	1023	90	90	529202371
293	475	1023	90	90	529202381
292	467	1023	90	90	529202392
290	457	1023	90	90	529202403
289	446	1023	90	90	529202414
289	432	1023	90	90	529202424
289	417	1023	90	90	529202435
291	400	1023	90	90	529202446
293	382	1023	90	90	529202457
296	362	1023	90	90	529202467
298	342	1023	90	90	529202478
302	321	1023	90	90	529202489
305	301	1023	90	90	529202500
307	283	1023	90	90	529202510
309	265	1023	90	90	529202521
310	250	1023	90	90	529202532
311	236	1023	90	90	529202543
312	224	1023	90	90	529202553
313	213	1023	90	90	529202564
313	205	1023	90	90	529202575
313	198	1023	90	90	529202586
313	193	1023	90	90	529202596
313	190	1023	90	90	529202607
313	189	1023	90	90	529202618
312	188	1023	90	90	529202693
314	188	1023	90	90	529202704
316	189	1023	90	90	529202715
319	190	1023	90	90	529202725
324	192	1023	90	90	529202736
330	194	1023	90	90	529202747
339	196	1023	90	90	529202758
349	198	1023	90	90	529202768
360	199	1023	90	90	529202779
371	199	1023	90	90	529202790
382	198	1023	90	90	529202801
392	197	1008	90	90	529202811
401	196	196	90	90	529202833
24
337	478	394	90	90	529203484
337	480	824	90	90	529203494
338	480	822	90	90	529203505
339	478	814	90	90	529203516
339	476	816	90	90	529203527
339	473	842	90	90	529203537
339	468	862	90	90	529203548
338	462	862	90	90	529203559
337	453	884	90	90	529203570
336	443	896	90	90	529203580
335	432	892	90	90	529203591
334	418	908	90	90	529203602
334	401	942	90	90	529203613
334	383	954	90	90	529203623
334	364	982	90	90	529203634
335	343	980	90	90	529203645
335	324	998	90	90	529203656
336	306	1004	90	90	529203666
337	290	1004	90	90	529203677
338	276	1016	90	90	529203688
338	264	1016	90	90	529203699
339	255	998	90	90	529203709
339	249	948	90	90	529203720
340	246	229	90	90	529203742
30
330	371	586	90	90	529204025
326	370	736	90	90	529204036
325	370	796	90	90	529204058
325	369	931	90	90	529204079
325	368	996	90	90	529204090
327	368	1023	90	90	529204101
330	368	1023	90	90	529204111
333	368	1023	90	90	529204122
337	368	1023	90	90	529204133
343	368	1023	90	90	529204144
351	368	1023	90	90	529204154
361	369	1023	90	90	529204165
372	369	1023	90	90	529204176
386	370	1023	90	90	529204187
403	370	1023	90	90	529204197
422	370	1023	90	90	529204208
443	368	1023	90	90	529204219
467	366	1023	90	90	529204230
492	364	1023	90	90	529204240
519	361	1023	90	90	529204251
546	359	1023	90	90	529204262
575	356	1023	90	90	529204273
602	354	1023	90	90	529204283
629	353	1023	90	90	529204294
656	351	1023	90	90	529204305
680	349	1023	90	90	529204316
702	348	1023	90	90	529204326
723	346	1023	90	90	529204337
740	344	1023	90	90	529204348
756	342	353	90	90	529204369
5
1
136	415	0	90	90	529318744
18
120	389	476	90	90	529318875
118	387	754	90	90	529318885
117	386	755	90	90	529318907
117	385	925	90	90	529318950
119	385	1023	90	90	529318961
122	387	1023	90	90	529318971
126	388	1023	90	90	529318982
133	390	1023	90	90	529318993
142	392	1023	90	90	529319004
153	394	1023	90	90	529319014
164	396	1023	90	90	529319025
177	397	1023	90	90	529319036
191	397	1023	90	90	529319047
205	396	1023	90	90	529319057
219	395	1023	90	90	529319068
233	394	1023	90	90	529319079
245	394	1023	90	90	529319090
255	394	392	90	90	529319111
71
390	532	368	90	90	529319578
393	531	866	90	90	529319588
394	530	862	90	90	529319599
393	529	836	90	90	529319610
390	528	820	90	90	529319621
386	527	824	90	90	529319631
380	526	832	90	90	529319642
372	524	842	90	90	529319653
363	523	848	90	90	529319664
353	523	860	90	90	529319674
343	522	856	90	90	529319685
333	521	880	90	90	529319696
323	521	894	90	90	529319707
313	521	926	90	90	529319717
304	520	942	90	90	529319728
296	519	966	90	90	529319739
289	518	982	90	90	529319750
283	517	990	90	90	529319760
278	516	980	90	90	529319771
274	515	992	90	90	529319782
271	513	998	90	90	529319793
269	512	1004	90	90	529319803
268	510	1014	90	90	529319814
268	508	1023	90	90	529319825
268	506	1023	90	90	529319836
269	503	1023	90	90	529319846
270	499	1023	90	90	529319857
271	494	1023	90	90	529319868
272	489	1023	90	90	529319879
273	482	1023	90	90	529319889
273	475	1023	90	90	529319900
274	466	1023	90	90	529319911
274	455	1023	90	90	529319922
274	443	1023	90	90	529319932
274	430	1023	90	90	529319943
273	415	1023	90	90	529319954
272	400	1023	90	90	529319965
271	384	1023	90	90	529319975
269	367	1023	90	90	529319986
268	350	1023	90	90	529319997
267	333	1023	90	90	529320008
266	316	1023	90	90	529320018
264	299	1023	90	90	529320029
263	283	1023	90	90	529320040
262	268	1023	90	90	529320051
261	255	1023	90	90	529320061
261	244	1023	90	90	529320072
261	234	1023	90	90	529320083
261	226	1023	90	90	529320094
261	219	1023	90	90	529320104
261	214	1023	90	90	529320115
261	210	1023	90	90	529320126
261	207	1023	90	90	529320137
261	205	1023	90	90	529320147
261	203	1023	90	90	529320158
261	202	1023	90	90	529320180
262	202	1023	90	90	529320190
264	202	1023	90	90	529320201
266	202	1023	90	90	529320212
270	202	1023	90	90	529320223
276	203	1023	90	90	529320233
283	203	1023	90	90	529320244
292	204	1023	90	90	529320255
302	205	1023	90	90	529320266
313	205	1023	90	90	529320276
324	204	1023	90	90	529320287
336	202	1023	90	90	529320298
347	200	1023	90	90	529320309
356	197	1023	90	90	529320319
364	196	976	90	90	529320330
371	195	170	90	90	529320352
20
315	456	722	90	90	529320750
316	457	784	90	90	529320760
317	455	782	90	90	529320771
317	452	786	90	90	529320782
317	449	822	90	90	529320793
317	443	826	90	90	529320803
316	436	862	90	90	529320814
315	426	880	90	90	529320825
315	414	904	90	90	529320836
314	399	908	90	90	529320846
314	383	924	90	90	529320857
314	365	944	90	90	529320868
314	346	946	90	90	529320879
314	327	964	90	90	529320889
314	309	976	90	90	529320900
313	293	978	90	90	529320911
312	280	972	90	90	529320922
312	270	946	90	90	529320932
312	262	836	90	90	529320943
311	258	130	90	90	529320965
29
317	370	430	90	90	529321250
315	366	814	90	90	529321260
315	364	776	90	90	529321271
314	362	752	90	90	529321282
314	361	862	90	90	529321314
315	361	990	90	90	529321325
317	360	1014	90	90	529321336
321	360	1023	90	90	529321346
327	360	1023	90	90	529321357
334	360	1023	90	90	529321368
343	361	1023	90	90	529321379
355	361	1023	90	90	529321389
368	362	1023	90	90	529321400
385	363	1023	90	90	529321411
403	363	1023	90	90	529321422
424	363	1023	90	90	529321432
448	361	1023	90	90	529321443
473	359	1023	90	90	529321454
500	356	1023	90	90	529321465
527	353	1023	90	90	529321475
555	350	1023	90	90	529321486
582	348	1023	90	90	529321497
609	346	1023	90	90	529321508
634	345	1023	90	90	529321518
657	345	1023	90	90	529321529
679	345	1023	90	90	529321540
697	344	1023	90	90	529321551
713	343	896	90	90	529321561
726	343	86	90	90	529321583
