6
1
479	584	0	90	90	754111728
82
494	574	804	90	90	754111953
496	572	820	90	90	754111963
497	571	889	90	90	754112028
496	571	953	90	90	754112049
496	572	982	90	90	754112060
495	572	976	90	90	754112071
495	573	992	90	90	754112082
494	573	1004	90	90	754112092
493	574	1014	90	90	754112103
492	575	1023	90	90	754112114
491	577	1023	90	90	754112125
489	578	1023	90	90	754112135
487	580	1023	90	90	754112146
484	581	1023	90	90	754112157
481	583	1023	90	90	754112168
477	584	1023	90	90	754112178
473	586	1023	90	90	754112189
469	587	1023	90	90	754112200
464	589	1023	90	90	754112211
459	590	1023	90	90	754112221
454	591	1023	90	90	754112232
448	592	1023	90	90	754112243
442	592	1023	90	90	754112254
436	592	1023	90	90	754112264
429	592	1023	90	90	754112275
422	592	1023	90	90	754112286
415	591	1023	90	90	754112297
408	590	1023	90	90	754112307
400	588	1023	90	90	754112318
393	586	1023	90	90	754112329
386	583	1023	90	90	754112340
379	579	1023	90	90	754112350
372	575	1023	90	90	754112361
365	570	1023	90	90	754112372
359	565	1023	90	90	754112383
354	559	1023	90	90	754112393
349	553	1023	90	90	754112404
345	545	1023	90	90	754112415
342	537	1023	90	90	754112426
340	530	1023	90	90	754112436
339	521	1023	90	90	754112447
339	512	1023	90	90	754112458
339	503	1023	90	90	754112469
340	494	1023	90	90	754112479
343	486	1023	90	90	754112490
346	477	1023	90	90	754112501
351	469	1023	90	90	754112512
356	461	1023	90	90	754112522
361	453	1023	90	90	754112533
368	446	1023	90	90	754112544
375	439	1023	90	90	754112555
383	433	1023	90	90	754112565
392	427	1023	90	90	754112576
401	423	1023	90	90	754112587
410	419	1023	90	90	754112598
420	415	1023	90	90	754112608
430	413	1023	90	90	754112619
440	412	1023	90	90	754112630
450	411	1023	90	90	754112641
460	411	1023	90	90	754112651
469	412	1023	90	90	754112662
478	413	1023	90	90	754112673
487	416	1023	90	90	754112684
495	419	1023	90	90	754112694
503	423	1023	90	90	754112705
510	428	1023	90	90	754112716
516	434	1023	90	90	754112727
521	441	1023	90	90	754112737
525	449	1023	90	90	754112748
528	458	1023	90	90	754112759
530	468	1023	90	90	754112770
530	478	1023	90	90	754112780
529	490	1023	90	90	754112791
527	501	1023	90	90	754112802
524	513	1023	90	90	754112813
521	525	1023	90	90	754112823
517	536	1023	90	90	754112834
512	546	1023	90	90	754112845
506	555	1023	90	90	754112856
500	563	1023	90	90	754112866
492	569	978	90	90	754112877
483	574	157	90	90	754112899
85
423	409	260	90	90	754113750
424	409	492	90	90	754113771
425	409	496	90	90	754113782
425	410	534	90	90	754113793
426	410	613	90	90	754113814
427	411	786	90	90	754113836
427	412	842	90	90	754113846
428	412	862	90	90	754113868
429	412	892	90	90	754113879
429	413	896	90	90	754113889
430	413	955	90	90	754113965
429	412	984	90	90	754113975
428	412	996	90	90	754113986
427	410	1008	90	90	754113997
426	409	1020	90	90	754114008
424	406	1023	90	90	754114018
422	403	1023	90	90	754114029
419	400	1023	90	90	754114040
416	396	1023	90	90	754114051
413	391	1023	90	90	754114061
409	386	1023	90	90	754114072
405	381	1023	90	90	754114083
400	375	1023	90	90	754114094
396	369	1023	90	90	754114104
392	363	1023	90	90	754114115
388	357	1023	90	90	754114126
384	351	1023	90	90	754114137
381	345	1023	90	90	754114147
378	339	1023	90	90	754114158
375	334	1023	90	90	754114169
373	329	1023	90	90	754114180
371	325	1023	90	90	754114190
370	321	1023	90	90	754114201
368	318	1023	90	90	754114212
368	314	1023	90	90	754114223
368	311	1023	90	90	754114233
369	308	1023	90	90	754114244
370	306	1023	90	90	754114255
372	304	1023	90	90	754114266
375	302	1023	90	90	754114276
379	301	1023	90	90	754114287
383	299	1023	90	90	754114298
389	298	1023	90	90	754114309
396	296	1023	90	90	754114319
404	295	1023	90	90	754114330
412	293	1023	90	90	754114341
422	292	1023	90	90	754114352
433	290	1023	90	90	754114362
444	288	1023	90	90	754114373
455	286	1023	90	90	754114384
467	284	1023	90	90	754114395
478	283	1023	90	90	754114405
489	281	1023	90	90	754114416
499	280	1023	90	90	754114427
509	279	1023	90	90	754114438
517	278	1023	90	90	754114448
525	278	1023	90	90	754114459
531	277	1023	90	90	754114470
535	277	1023	90	90	754114481
539	277	1023	90	90	754114491
541	278	1023	90	90	754114502
542	279	1023	90	90	754114513
542	281	1023	90	90	754114524
541	283	1023	90	90	754114534
538	285	1023	90	90	754114545
535	288	1023	90	90	754114556
531	292	1023	90	90	754114567
526	296	1023	90	90	754114577
521	301	1023	90	90	754114588
514	306	1023	90	90	754114599
508	313	1023	90	90	754114610
501	321	1023	90	90	754114620
494	329	1023	90	90	754114631
487	338	1023	90	90	754114642
479	348	1023	90	90	754114653
471	359	1023	90	90	754114663
464	369	1023	90	90	754114674
457	378	1023	90	90	754114685
450	386	1023	90	90	754114696
444	394	1023	90	90	754114706
438	401	1023	90	90	754114717
434	406	1023	90	90	754114728
430	410	1023	90	90	754114739
428	412	1023	90	90	754114749
426	413	422	90	90	754114782
16
396	302	936	90	90	754115500
397	301	899	90	90	754115532
396	300	914	90	90	754115543
394	298	938	90	90	754115553
392	295	934	90	90	754115564
389	292	940	90	90	754115575
385	287	942	90	90	754115586
382	281	946	90	90	754115596
378	275	952	90	90	754115607
374	267	958	90	90	754115618
370	260	958	90	90	754115629
367	253	958	90	90	754115639
364	247	954	90	90	754115650
362	243	926	90	90	754115661
360	240	760	90	90	754115672
358	239	66	90	90	754115693
16
440	290	638	90	90	754115937
440	289	948	90	90	754115947
440	288	936	90	90	754115958
439	286	934	90	90	754115969
437	284	958	90	90	754115980
434	281	970	90	90	754115990
430	277	982	90	90	754116001
424	273	994	90	90	754116012
419	267	976	90	90	754116023
413	261	994	90	90	754116033
408	254	982	90	90	754116044
403	247	958	90	90	754116055
399	241	944	90	90	754116066
397	236	884	90	90	754116076
395	234	684	90	90	754116087
395	233	39	90	90	754116109
12
481	281	944	90	90	754116343
482	279	924	90	90	754116353
481	277	936	90	90	754116364
478	274	954	90	90	754116375
474	269	978	90	90	754116386
468	264	990	90	90	754116396
462	257	978	90	90	754116407
454	250	984	90	90	754116418
447	243	984	90	90	754116429
441	237	984	90	90	754116439
436	232	860	90	90	754116450
432	227	108	90	90	754116472
6
1
444	536	0	90	90	754118931
38
443	549	564	90	90	754119046
440	551	860	90	90	754119056
438	551	814	90	90	754119067
435	552	816	90	90	754119078
431	552	848	90	90	754119089
427	552	854	90	90	754119099
422	552	856	90	90	754119110
417	551	862	90	90	754119121
411	550	856	90	90	754119132
405	548	872	90	90	754119142
399	545	892	90	90	754119153
394	541	892	90	90	754119164
388	537	902	90	90	754119175
383	532	908	90	90	754119185
380	526	924	90	90	754119196
378	520	948	90	90	754119207
377	514	958	90	90	754119218
377	509	984	90	90	754119228
379	503	984	90	90	754119239
382	498	986	90	90	754119250
387	493	992	90	90	754119261
394	488	1002	90	90	754119271
401	485	1008	90	90	754119282
408	483	1010	90	90	754119293
416	482	1016	90	90	754119304
423	483	1023	90	90	754119314
431	486	1023	90	90	754119325
438	489	1023	90	90	754119336
444	493	1023	90	90	754119347
449	498	1023	90	90	754119357
453	504	1023	90	90	754119368
456	512	1023	90	90	754119379
456	518	1023	90	90	754119390
454	526	1023	90	90	754119400
450	532	1023	90	90	754119411
445	538	1023	90	90	754119422
437	543	1002	90	90	754119433
429	548	328	90	90	754119454
84
405	480	760	90	90	754120125
407	480	700	90	90	754120168
407	481	838	90	90	754120178
408	481	944	90	90	754120232
407	480	990	90	90	754120254
406	479	1008	90	90	754120264
404	478	1020	90	90	754120275
403	477	1023	90	90	754120286
400	475	1023	90	90	754120297
398	473	1023	90	90	754120307
394	470	1023	90	90	754120318
391	466	1023	90	90	754120329
387	461	1023	90	90	754120340
382	456	1023	90	90	754120350
377	451	1023	90	90	754120361
372	445	1023	90	90	754120372
367	438	1023	90	90	754120383
362	432	1023	90	90	754120393
357	426	1023	90	90	754120404
354	420	1023	90	90	754120415
350	414	1023	90	90	754120426
346	409	1023	90	90	754120436
343	405	1023	90	90	754120447
340	401	1023	90	90	754120458
337	398	1023	90	90	754120469
335	394	1023	90	90	754120479
333	392	1023	90	90	754120490
332	389	1023	90	90	754120501
330	386	1023	90	90	754120512
330	384	1023	90	90	754120522
330	383	1023	90	90	754120533
330	381	1023	90	90	754120544
330	380	1023	90	90	754120555
331	379	1023	90	90	754120565
333	378	1023	90	90	754120576
335	376	1023	90	90	754120587
338	375	1023	90	90	754120598
342	375	1023	90	90	754120608
346	375	1023	90	90	754120619
352	375	1023	90	90	754120630
359	375	1023	90	90	754120641
367	375	1023	90	90	754120651
376	374	1023	90	90	754120662
385	373	1023	90	90	754120673
395	371	1023	90	90	754120684
405	370	1023	90	90	754120694
416	369	1023	90	90	754120705
426	368	1023	90	90	754120716
437	368	1023	90	90	754120727
447	367	1023	90	90	754120737
456	366	1023	90	90	754120748
465	366	1023	90	90	754120759
473	365	1023	90	90	754120770
479	365	1023	90	90	754120780
484	365	1023	90	90	754120791
487	365	1023	90	90	754120802
489	365	1023	90	90	754120813
490	366	1023	90	90	754120823
490	367	1023	90	90	754120834
488	369	1023	90	90	754120845
486	372	1023	90	90	754120856
482	375	1023	90	90	754120866
478	380	1023	90	90	754120877
473	385	1023	90	90	754120888
468	391	1023	90	90	754120899
462	398	1023	90	90	754120909
455	406	1023	90	90	754120920
449	414	1023	90	90	754120931
443	423	1023	90	90	754120942
436	432	1023	90	90	754120952
431	441	1023	90	90	754120963
426	449	1023	90	90	754120974
421	456	1023	90	90	754120985
417	462	1023	90	90	754120995
414	467	1023	90	90	754121006
411	471	1023	90	90	754121017
408	474	1023	90	90	754121028
407	476	1023	90	90	754121038
406	477	1023	90	90	754121049
405	477	1023	90	90	754121060
404	477	1023	90	90	754121071
403	478	1023	90	90	754121081
401	479	766	90	90	754121092
400	481	31	90	90	754121114
17
357	377	452	90	90	754121921
359	379	874	90	90	754121931
360	379	890	90	90	754121942
360	380	906	90	90	754121964
359	379	936	90	90	754121974
357	378	944	90	90	754121985
354	375	948	90	90	754121996
351	372	932	90	90	754122007
347	368	946	90	90	754122017
342	362	948	90	90	754122028
337	356	948	90	90	754122039
332	349	952	90	90	754122050
327	344	954	90	90	754122060
323	339	934	90	90	754122071
320	336	900	90	90	754122082
318	334	718	90	90	754122093
317	334	43	90	90	754122114
15
396	372	948	90	90	754122312
396	369	948	90	90	754122322
395	367	920	90	90	754122333
392	365	932	90	90	754122344
388	362	960	90	90	754122355
384	359	976	90	90	754122365
379	354	990	90	90	754122376
373	349	978	90	90	754122387
368	344	986	90	90	754122398
362	339	986	90	90	754122408
358	334	978	90	90	754122419
354	330	988	90	90	754122430
352	326	952	90	90	754122441
350	324	854	90	90	754122451
349	324	236	90	90	754122473
13
436	365	622	90	90	754122656
438	366	934	90	90	754122666
439	367	912	90	90	754122677
438	366	920	90	90	754122688
436	364	942	90	90	754122699
432	361	970	90	90	754122709
427	356	994	90	90	754122720
421	350	996	90	90	754122731
415	343	1004	90	90	754122742
408	335	998	90	90	754122752
401	326	994	90	90	754122763
396	319	884	90	90	754122774
392	314	140	90	90	754122795
6
1
450	527	0	90	90	754123885
45
469	543	769	90	90	754124056
471	547	816	90	90	754124067
470	547	848	90	90	754124078
469	548	880	90	90	754124089
467	549	892	90	90	754124099
464	550	918	90	90	754124110
460	550	944	90	90	754124121
455	550	940	90	90	754124132
450	549	946	90	90	754124142
444	548	952	90	90	754124153
438	545	960	90	90	754124164
431	542	970	90	90	754124175
424	538	978	90	90	754124185
418	533	984	90	90	754124196
411	527	994	90	90	754124207
405	521	984	90	90	754124218
401	515	996	90	90	754124228
397	508	1002	90	90	754124239
396	500	1004	90	90	754124250
396	493	1010	90	90	754124261
397	485	1023	90	90	754124271
400	478	1023	90	90	754124282
405	471	1023	90	90	754124293
411	465	1023	90	90	754124304
419	460	1023	90	90	754124314
427	455	1023	90	90	754124325
436	452	1023	90	90	754124336
445	451	1023	90	90	754124347
454	451	1023	90	90	754124357
463	452	1023	90	90	754124368
472	454	1023	90	90	754124379
480	459	1023	90	90	754124390
487	465	1023	90	90	754124400
493	472	1023	90	90	754124411
497	481	1023	90	90	754124422
500	489	1023	90	90	754124433
501	498	1023	90	90	754124443
500	507	1023	90	90	754124454
497	516	1023	90	90	754124465
492	524	1023	90	90	754124476
485	531	1023	90	90	754124486
477	536	1023	90	90	754124497
467	541	1023	90	90	754124508
456	545	1023	90	90	754124519
446	549	346	90	90	754124540
73
439	447	675	90	90	754125306
439	448	706	90	90	754125317
439	449	774	90	90	754125339
440	450	858	90	90	754125371
441	450	976	90	90	754125425
440	450	1001	90	90	754125446
439	449	1010	90	90	754125457
438	448	1016	90	90	754125468
436	447	1020	90	90	754125478
435	445	1023	90	90	754125489
432	443	1023	90	90	754125500
429	440	1023	90	90	754125511
425	436	1023	90	90	754125521
422	432	1023	90	90	754125532
417	426	1023	90	90	754125543
412	420	1023	90	90	754125554
407	413	1023	90	90	754125564
403	407	1023	90	90	754125575
398	400	1023	90	90	754125586
394	394	1023	90	90	754125597
390	389	1023	90	90	754125607
386	384	1023	90	90	754125618
382	380	1023	90	90	754125629
379	376	1023	90	90	754125640
376	372	1023	90	90	754125650
374	369	1023	90	90	754125661
373	366	1023	90	90	754125672
372	364	1023	90	90	754125683
372	362	1023	90	90	754125693
372	360	1023	90	90	754125704
373	359	1023	90	90	754125715
376	358	1023	90	90	754125726
380	356	1023	90	90	754125736
384	355	1023	90	90	754125747
390	354	1023	90	90	754125758
397	352	1023	90	90	754125769
405	351	1023	90	90	754125779
414	349	1023	90	90	754125790
424	347	1023	90	90	754125801
435	346	1023	90	90	754125812
447	344	1023	90	90	754125822
458	342	1023	90	90	754125833
470	340	1023	90	90	754125844
481	338	1023	90	90	754125855
492	337	1023	90	90	754125865
502	335	1023	90	90	754125876
511	333	1023	90	90	754125887
519	332	1023	90	90	754125898
526	332	1023	90	90	754125908
531	332	1023	90	90	754125919
535	332	1023	90	90	754125930
536	333	1023	90	90	754125941
537	334	1023	90	90	754125951
536	336	1023	90	90	754125962
534	339	1023	90	90	754125973
531	343	1023	90	90	754125984
527	347	1023	90	90	754125994
521	353	1023	90	90	754126005
515	360	1023	90	90	754126016
508	367	1023	90	90	754126027
500	375	1023	90	90	754126037
492	384	1023	90	90	754126048
484	393	1023	90	90	754126059
476	402	1023	90	90	754126070
468	412	1023	90	90	754126080
461	421	1023	90	90	754126091
454	429	1023	90	90	754126102
449	437	1023	90	90	754126113
444	443	1023	90	90	754126123
441	448	1023	90	90	754126134
438	451	1023	90	90	754126145
437	452	1023	90	90	754126156
436	453	350	90	90	754126177
16
403	356	616	90	90	754126906
403	355	944	90	90	754126916
403	353	912	90	90	754126927
403	351	936	90	90	754126938
401	349	954	90	90	754126949
399	347	982	90	90	754126959
397	345	994	90	90	754126970
394	342	984	90	90	754126981
390	339	992	90	90	754126992
386	334	992	90	90	754127002
382	329	996	90	90	754127013
378	322	996	90	90	754127024
374	316	984	90	90	754127035
370	310	990	90	90	754127045
368	306	966	90	90	754127056
367	304	491	90	90	754127088
14
443	345	948	90	90	754127353
443	346	944	90	90	754127364
442	346	942	90	90	754127375
440	346	954	90	90	754127386
437	344	958	90	90	754127396
434	341	958	90	90	754127407
429	338	966	90	90	754127418
425	333	970	90	90	754127429
420	328	970	90	90	754127439
415	323	964	90	90	754127450
410	318	946	90	90	754127461
405	313	924	90	90	754127472
402	310	824	90	90	754127482
400	308	214	90	90	754127504
10
492	339	829	90	90	754127744
491	337	1010	90	90	754127755
487	335	1010	90	90	754127766
482	331	1023	90	90	754127777
476	326	1023	90	90	754127787
468	320	1023	90	90	754127798
461	313	1020	90	90	754127809
453	307	1004	90	90	754127820
448	303	964	90	90	754127830
444	298	296	90	90	754127852
6
1
419	609	0	90	90	528499838
78
436	604	792	90	90	528499968
439	605	796	90	90	528499978
440	605	802	90	90	528499989
440	606	814	90	90	528500000
440	607	820	90	90	528500011
440	608	810	90	90	528500021
438	609	804	90	90	528500032
437	610	804	90	90	528500043
434	611	816	90	90	528500054
431	612	818	90	90	528500064
428	612	848	90	90	528500075
424	613	868	90	90	528500086
419	613	902	90	90	528500097
413	613	906	90	90	528500107
406	613	918	90	90	528500118
398	612	926	90	90	528500129
390	612	942	90	90	528500140
381	610	948	90	90	528500150
372	608	932	90	90	528500161
362	605	940	90	90	528500172
353	602	946	90	90	528500183
343	598	958	90	90	528500193
333	593	982	90	90	528500204
323	587	992	90	90	528500215
313	581	1014	90	90	528500226
304	574	1023	90	90	528500236
296	567	1023	90	90	528500247
288	559	1023	90	90	528500258
281	550	1023	90	90	528500269
275	541	1023	90	90	528500279
270	532	1023	90	90	528500290
266	523	1023	90	90	528500301
264	514	1023	90	90	528500312
262	504	1023	90	90	528500322
261	495	1023	90	90	528500333
262	485	1023	90	90	528500344
264	475	1023	90	90	528500355
267	466	1023	90	90	528500365
272	456	1023	90	90	528500376
278	448	1023	90	90	528500387
286	440	1023	90	90	528500398
294	432	1023	90	90	528500408
303	425	1023	90	90	528500419
314	419	1023	90	90	528500430
325	413	1023	90	90	528500441
337	408	1023	90	90	528500451
350	404	1023	90	90	528500462
363	401	1023	90	90	528500473
376	399	1023	90	90	528500484
388	398	1023	90	90	528500494
401	398	1023	90	90	528500505
413	399	1023	90	90	528500516
425	401	1023	90	90	528500527
436	405	1023	90	90	528500537
447	408	1023	90	90	528500548
457	413	1023	90	90	528500559
466	419	1023	90	90	528500570
474	425	1023	90	90	528500580
482	432	1023	90	90	528500591
489	440	1023	90	90	528500602
495	448	1023	90	90	528500613
500	457	1023	90	90	528500623
504	466	1023	90	90	528500634
506	476	1023	90	90	528500645
507	486	1023	90	90	528500656
507	497	1023	90	90	528500666
506	508	1023	90	90	528500677
504	518	1023	90	90	528500688
500	529	1023	90	90	528500699
495	540	1023	90	90	528500709
489	550	1023	90	90	528500720
480	561	1023	90	90	528500731
470	572	1023	90	90	528500742
459	582	1023	90	90	528500752
447	592	1023	90	90	528500763
436	601	1023	90	90	528500774
426	608	996	90	90	528500785
418	615	215	90	90	528500806
98
365	398	420	90	90	528501656
366	401	902	90	90	528501666
367	402	944	90	90	528501720
365	402	972	90	90	528501731
364	401	988	90	90	528501742
361	400	986	90	90	528501752
359	398	1004	90	90	528501763
356	395	1016	90	90	528501774
352	392	1023	90	90	528501785
348	388	1023	90	90	528501795
344	384	1023	90	90	528501806
339	380	1023	90	90	528501817
333	374	1023	90	90	528501828
327	368	1023	90	90	528501838
320	362	1023	90	90	528501849
313	355	1023	90	90	528501860
305	348	1023	90	90	528501871
297	342	1023	90	90	528501881
289	335	1023	90	90	528501892
280	328	1023	90	90	528501903
271	321	1023	90	90	528501914
262	314	1023	90	90	528501924
254	307	1023	90	90	528501935
245	299	1023	90	90	528501946
237	292	1023	90	90	528501957
229	285	1023	90	90	528501967
222	279	1023	90	90	528501978
216	273	1023	90	90	528501989
209	267	1023	90	90	528502000
204	262	1023	90	90	528502010
199	257	1023	90	90	528502021
195	252	1023	90	90	528502032
192	248	1023	90	90	528502043
190	244	1023	90	90	528502053
188	241	1023	90	90	528502064
187	238	1023	90	90	528502075
187	236	1023	90	90	528502086
187	235	1023	90	90	528502096
188	234	1023	90	90	528502107
190	233	1023	90	90	528502118
195	233	1023	90	90	528502129
200	232	1023	90	90	528502139
208	232	1023	90	90	528502150
217	232	1023	90	90	528502161
228	232	1023	90	90	528502172
241	232	1023	90	90	528502182
255	232	1023	90	90	528502193
270	232	1023	90	90	528502204
287	232	1023	90	90	528502215
305	231	1023	90	90	528502225
323	231	1023	90	90	528502236
342	231	1023	90	90	528502247
361	231	1023	90	90	528502258
381	230	1023	90	90	528502268
401	230	1023	90	90	528502279
420	230	1023	90	90	528502290
440	230	1023	90	90	528502301
459	230	1023	90	90	528502311
477	229	1023	90	90	528502322
495	228	1023	90	90	528502333
511	227	1023	90	90	528502344
526	225	1023	90	90	528502354
540	223	1023	90	90	528502365
552	221	1023	90	90	528502376
563	219	1023	90	90	528502387
572	218	1023	90	90	528502397
578	218	1023	90	90	528502408
583	218	1023	90	90	528502419
587	218	1023	90	90	528502430
588	218	1023	90	90	528502440
588	219	1023	90	90	528502451
587	220	1023	90	90	528502462
585	222	1023	90	90	528502473
582	224	1023	90	90	528502483
577	227	1023	90	90	528502494
572	231	1023	90	90	528502505
565	236	1023	90	90	528502516
557	241	1023	90	90	528502526
549	248	1023	90	90	528502537
539	254	1023	90	90	528502548
529	262	1023	90	90	528502559
518	270	1023	90	90	528502569
506	279	1023	90	90	528502580
494	289	1023	90	90	528502591
481	300	1023	90	90	528502602
468	312	1023	90	90	528502612
454	324	1023	90	90	528502623
441	335	1023	90	90	528502634
428	347	1023	90	90	528502645
415	357	1023	90	90	528502655
403	367	1023	90	90	528502666
392	376	1023	90	90	528502677
382	383	1023	90	90	528502688
373	389	1023	90	90	528502698
364	394	1023	90	90	528502709
357	398	1023	90	90	528502720
351	401	862	90	90	528502731
346	404	48	90	90	528502752
16
290	243	946	90	90	528503359
292	244	951	90	90	528503380
291	244	946	90	90	528503391
289	242	964	90	90	528503402
287	239	982	90	90	528503412
283	234	978	90	90	528503423
278	229	998	90	90	528503434
273	222	1010	90	90	528503445
267	215	1010	90	90	528503455
260	207	1004	90	90	528503466
253	198	1004	90	90	528503477
245	190	1004	90	90	528503488
238	181	1004	90	90	528503498
232	174	992	90	90	528503509
226	167	948	90	90	528503520
223	162	320	90	90	528503541
14
368	237	1002	90	90	528503796
370	237	1023	90	90	528503806
370	235	986	90	90	528503817
368	232	986	90	90	528503828
365	227	1010	90	90	528503839
360	221	1023	90	90	528503849
355	214	1023	90	90	528503860
348	207	1023	90	90	528503871
340	198	1023	90	90	528503882
332	189	1023	90	90	528503892
324	179	1023	90	90	528503903
318	171	976	90	90	528503914
313	164	814	90	90	528503925
310	157	152	90	90	528503946
12
461	227	996	90	90	528504203
462	224	1008	90	90	528504213
461	221	980	90	90	528504224
458	215	980	90	90	528504235
452	207	992	90	90	528504246
445	199	1004	90	90	528504256
436	189	1020	90	90	528504267
425	180	1023	90	90	528504278
415	169	1023	90	90	528504289
406	158	1020	90	90	528504299
398	148	988	90	90	528504310
393	137	269	90	90	528504332
6
1
447	581	0	90	90	528611869
99
460	567	588	90	90	528612000
463	566	682	90	90	528612010
464	566	619	90	90	528612032
464	567	646	90	90	528612043
464	568	662	90	90	528612053
464	569	684	90	90	528612064
462	571	708	90	90	528612075
461	572	734	90	90	528612086
459	574	758	90	90	528612096
457	576	758	90	90	528612107
455	578	778	90	90	528612118
452	581	796	90	90	528612129
450	583	814	90	90	528612139
447	585	822	90	90	528612150
444	587	824	90	90	528612161
441	589	842	90	90	528612172
437	591	850	90	90	528612182
432	592	860	90	90	528612193
428	594	862	90	90	528612204
424	595	866	90	90	528612215
419	596	856	90	90	528612225
414	597	862	90	90	528612236
408	597	866	90	90	528612247
403	597	868	90	90	528612258
397	597	878	90	90	528612268
391	597	884	90	90	528612279
384	596	890	90	90	528612290
378	595	896	90	90	528612301
371	594	904	90	90	528612311
364	592	896	90	90	528612322
358	590	906	90	90	528612333
351	588	914	90	90	528612344
344	585	926	90	90	528612354
338	582	938	90	90	528612365
332	579	948	90	90	528612376
325	575	940	90	90	528612387
319	570	948	90	90	528612397
313	566	964	90	90	528612408
308	561	970	90	90	528612419
302	556	972	90	90	528612430
297	551	976	90	90	528612440
293	545	984	90	90	528612451
288	539	984	90	90	528612462
284	533	982	90	90	528612473
280	526	990	90	90	528612483
277	519	994	90	90	528612494
274	512	976	90	90	528612505
272	505	984	90	90	528612516
271	498	984	90	90	528612526
269	491	980	90	90	528612537
269	483	984	90	90	528612548
269	476	980	90	90	528612559
270	468	976	90	90	528612569
271	461	978	90	90	528612580
273	454	978	90	90	528612591
277	447	980	90	90	528612602
280	440	986	90	90	528612612
285	433	984	90	90	528612623
290	427	992	90	90	528612634
295	421	998	90	90	528612645
301	415	998	90	90	528612655
307	410	1002	90	90	528612666
314	405	1010	90	90	528612677
321	400	1020	90	90	528612688
329	396	1020	90	90	528612698
337	393	1020	90	90	528612709
345	390	1023	90	90	528612720
354	387	1023	90	90	528612731
362	385	1023	90	90	528612741
371	384	1023	90	90	528612752
380	382	1023	90	90	528612763
389	382	1023	90	90	528612774
398	382	1023	90	90	528612784
407	383	1023	90	90	528612795
416	384	1023	90	90	528612806
425	385	1023	90	90	528612817
434	387	1023	90	90	528612827
442	389	1023	90	90	528612838
450	392	1023	90	90	528612849
458	396	1023	90	90	528612860
465	401	1023	90	90	528612870
471	407	1023	90	90	528612881
477	413	1023	90	90	528612892
482	420	1023	90	90	528612903
487	427	1023	90	90	528612913
491	434	1023	90	90	528612924
493	443	1023	90	90	528612935
495	452	1023	90	90	528612946
495	463	1023	90	90	528612956
494	475	1023	90	90	528612967
491	487	1023	90	90	528612978
486	500	1023	90	90	528612989
481	513	1023	90	90	528612999
474	526	1023	90	90	528613010
468	538	1016	90	90	528613021
461	550	976	90	90	528613032
454	562	940	90	90	528613042
448	573	770	90	90	528613053
442	582	35	90	90	528613075
105
370	382	162	90	90	528614000
372	383	252	90	90	528614010
373	383	378	90	90	528614021
374	383	562	90	90	528614032
375	383	678	90	90	528614043
376	384	752	90	90	528614053
377	384	876	90	90	528614129
376	383	908	90	90	528614139
375	382	920	90	90	528614150
374	380	936	90	90	528614161
372	378	932	90	90	528614172
370	376	948	90	90	528614182
368	374	964	90	90	528614193
366	370	972	90	90	528614204
363	367	994	90	90	528614215
360	363	984	90	90	528614225
357	358	984	90	90	528614236
353	352	992	90	90	528614247
349	345	1002	90	90	528614258
345	338	1010	90	90	528614268
341	331	1014	90	90	528614279
336	323	1023	90	90	528614290
332	315	1023	90	90	528614301
327	307	1023	90	90	528614311
322	298	1023	90	90	528614322
318	289	1023	90	90	528614333
313	280	1023	90	90	528614344
309	271	1023	90	90	528614354
304	262	1023	90	90	528614365
299	253	1023	90	90	528614376
295	244	1023	90	90	528614387
291	236	1023	90	90	528614397
287	228	1023	90	90	528614408
283	220	1023	90	90	528614419
280	213	1023	90	90	528614430
276	206	1023	90	90	528614440
273	200	1023	90	90	528614451
270	195	1023	90	90	528614462
268	191	1023	90	90	528614473
266	187	1023	90	90	528614483
265	184	1023	90	90	528614494
264	182	1023	90	90	528614505
264	180	1023	90	90	528614516
265	179	1023	90	90	528614526
266	178	1023	90	90	528614537
268	178	1023	90	90	528614548
272	178	1023	90	90	528614559
276	177	1023	90	90	528614569
281	177	1023	90	90	528614580
288	177	1023	90	90	528614591
296	178	1023	90	90	528614602
304	178	1023	90	90	528614612
314	178	1023	90	90	528614623
324	178	1023	90	90	528614634
336	178	1023	90	90	528614645
348	178	1023	90	90	528614655
361	178	1023	90	90	528614666
374	177	1023	90	90	528614677
387	176	1023	90	90	528614688
401	175	1023	90	90	528614698
415	174	1023	90	90	528614709
430	172	1023	90	90	528614720
445	171	1023	90	90	528614731
459	169	1023	90	90	528614741
473	167	1023	90	90	528614752
485	166	1023	90	90	528614763
497	165	1023	90	90	528614774
508	164	1023	90	90	528614784
518	163	1023	90	90	528614795
527	162	1023	90	90	528614806
535	162	1023	90	90	528614817
542	162	1023	90	90	528614827
548	162	1023	90	90	528614838
552	163	1023	90	90	528614849
555	164	1023	90	90	528614860
557	166	1023	90	90	528614870
557	169	1023	90	90	528614881
557	172	1023	90	90	528614892
555	176	1023	90	90	528614903
553	181	1023	90	90	528614913
550	187	1023	90	90	528614924
545	194	1023	90	90	528614935
540	202	1023	90	90	528614946
533	210	1023	90	90	528614956
526	220	1023	90	90	528614967
518	231	1023	90	90	528614978
510	242	1023	90	90	528614989
501	253	1023	90	90	528614999
492	265	1023	90	90	528615010
482	277	1023	90	90	528615021
472	289	1023	90	90	528615032
462	300	1023	90	90	528615042
452	312	1023	90	90	528615053
442	322	1023	90	90	528615064
432	333	1023	90	90	528615075
422	343	1023	90	90	528615085
412	353	1023	90	90	528615096
403	363	1023	90	90	528615107
395	371	1023	90	90	528615118
388	378	1023	90	90	528615128
382	382	1023	90	90	528615139
377	386	1023	90	90	528615150
374	388	1023	90	90	528615161
372	389	1023	90	90	528615171
371	389	700	90	90	528615225
16
338	191	544	90	90	528615984
341	191	924	90	90	528615994
342	191	906	90	90	528616005
343	189	900	90	90	528616016
343	188	914	90	90	528616027
342	186	926	90	90	528616037
341	182	926	90	90	528616048
339	177	926	90	90	528616059
335	170	942	90	90	528616070
331	163	944	90	90	528616080
326	155	942	90	90	528616091
320	146	936	90	90	528616102
313	137	946	90	90	528616113
308	128	918	90	90	528616123
303	122	796	90	90	528616134
301	116	198	90	90	528616156
18
409	182	616	90	90	528616453
411	182	942	90	90	528616463
412	181	914	90	90	528616474
412	180	906	90	90	528616485
412	179	914	90	90	528616496
411	178	926	90	90	528616506
409	175	938	90	90	528616517
407	172	944	90	90	528616528
404	168	942	90	90	528616539
400	163	948	90	90	528616549
395	155	954	90	90	528616560
390	146	972	90	90	528616571
384	136	976	90	90	528616582
378	126	972	90	90	528616592
373	115	958	90	90	528616603
368	107	924	90	90	528616614
364	101	824	90	90	528616625
361	96	226	90	90	528616646
16
479	171	952	90	90	528616984
481	170	920	90	90	528616994
482	169	898	90	90	528617016
481	168	908	90	90	528617027
480	167	900	90	90	528617037
477	165	908	90	90	528617048
474	162	924	90	90	528617059
471	158	936	90	90	528617070
466	152	932	90	90	528617080
460	143	954	90	90	528617091
454	131	984	90	90	528617102
447	117	990	90	90	528617113
441	104	982	90	90	528617123
435	92	954	90	90	528617134
430	84	830	90	90	528617145
426	77	69	90	90	528617166
6
1
412	510	0	90	90	528802510
121
469	519	64	90	90	528803234
472	518	60	90	90	528803244
472	517	66	90	90	528803255
473	517	160	90	90	528803287
473	516	298	90	90	528803330
472	516	463	90	90	528803352
471	516	612	90	90	528803373
471	517	700	90	90	528803384
470	517	724	90	90	528803395
469	518	760	90	90	528803406
468	519	770	90	90	528803416
467	520	782	90	90	528803427
466	522	810	90	90	528803438
464	523	826	90	90	528803449
462	525	820	90	90	528803459
460	527	832	90	90	528803470
458	530	838	90	90	528803481
456	532	844	90	90	528803492
453	534	850	90	90	528803502
450	536	856	90	90	528803513
448	538	866	90	90	528803524
445	540	860	90	90	528803535
441	542	860	90	90	528803545
438	545	856	90	90	528803556
434	547	852	90	90	528803567
430	549	852	90	90	528803578
426	550	852	90	90	528803588
422	552	856	90	90	528803599
418	553	856	90	90	528803610
414	554	856	90	90	528803621
409	555	856	90	90	528803631
405	556	852	90	90	528803642
400	556	866	90	90	528803653
396	556	866	90	90	528803664
391	556	852	90	90	528803674
386	556	866	90	90	528803685
381	555	852	90	90	528803696
376	553	860	90	90	528803707
371	552	862	90	90	528803717
367	549	866	90	90	528803728
362	547	868	90	90	528803739
357	545	878	90	90	528803750
352	542	886	90	90	528803760
348	539	892	90	90	528803771
343	536	892	90	90	528803782
338	532	886	90	90	528803793
334	528	896	90	90	528803803
330	524	904	90	90	528803814
326	519	900	90	90	528803825
322	515	908	90	90	528803836
319	510	912	90	90	528803846
315	505	920	90	90	528803857
312	500	936	90	90	528803868
309	494	938	90	90	528803879
305	487	938	90	90	528803889
302	481	948	90	90	528803900
300	475	932	90	90	528803911
298	469	936	90	90	528803922
296	462	942	90	90	528803932
294	455	948	90	90	528803943
292	448	948	90	90	528803954
291	441	948	90	90	528803965
291	434	960	90	90	528803975
291	427	966	90	90	528803986
291	420	964	90	90	528803997
291	412	978	90	90	528804008
293	405	988	90	90	528804018
294	398	988	90	90	528804029
296	391	978	90	90	528804040
299	384	980	90	90	528804051
303	377	980	90	90	528804061
307	370	984	90	90	528804072
311	364	984	90	90	528804083
316	358	986	90	90	528804094
321	352	996	90	90	528804104
326	347	998	90	90	528804115
332	343	996	90	90	528804126
338	339	996	90	90	528804137
345	335	996	90	90	528804147
352	332	996	90	90	528804158
358	329	998	90	90	528804169
366	327	1002	90	90	528804180
373	326	1002	90	90	528804190
381	325	1002	90	90	528804201
388	324	1004	90	90	528804212
396	324	1010	90	90	528804223
403	324	1010	90	90	528804233
411	325	1004	90	90	528804244
419	326	1008	90	90	528804255
426	327	1010	90	90	528804266
433	329	1010	90	90	528804276
440	330	1014	90	90	528804287
446	332	1016	90	90	528804298
453	335	1016	90	90	528804309
459	338	1020	90	90	528804319
465	341	1016	90	90	528804330
471	344	1020	90	90	528804341
477	348	1020	90	90	528804352
483	352	1020	90	90	528804362
488	356	1023	90	90	528804373
493	361	1023	90	90	528804384
498	366	1023	90	90	528804395
503	371	1023	90	90	528804405
507	376	1023	90	90	528804416
511	382	1023	90	90	528804427
514	388	1023	90	90	528804438
517	395	1023	90	90	528804448
519	403	1023	90	90	528804459
520	410	1023	90	90	528804470
520	419	1023	90	90	528804481
520	428	1023	90	90	528804491
518	438	1023	90	90	528804502
515	449	1020	90	90	528804513
512	460	1020	90	90	528804524
507	471	1023	90	90	528804534
502	481	1014	90	90	528804545
496	491	1004	90	90	528804556
489	499	1002	90	90	528804567
482	508	996	90	90	528804578
474	515	958	90	90	528804588
465	523	250	90	90	528804610
127
387	325	415	90	90	528808748
386	324	668	90	90	528808759
386	323	696	90	90	528808770
385	322	718	90	90	528808781
384	321	746	90	90	528808791
384	320	766	90	90	528808802
383	318	790	90	90	528808813
382	316	786	90	90	528808824
380	313	802	90	90	528808834
379	310	816	90	90	528808845
377	306	828	90	90	528808856
375	302	824	90	90	528808867
373	298	842	90	90	528808877
371	294	860	90	90	528808888
369	289	852	90	90	528808899
366	284	862	90	90	528808910
364	279	880	90	90	528808920
362	274	890	90	90	528808931
359	268	892	90	90	528808942
357	263	902	90	90	528808953
355	258	902	90	90	528808963
352	252	920	90	90	528808974
350	246	926	90	90	528808985
347	241	938	90	90	528808996
344	235	932	90	90	528809006
342	230	934	90	90	528809017
340	224	936	90	90	528809028
338	219	942	90	90	528809039
336	214	940	90	90	528809049
335	210	934	90	90	528809060
333	205	934	90	90	528809071
332	200	936	90	90	528809082
330	195	940	90	90	528809092
329	191	942	90	90	528809103
328	186	948	90	90	528809114
327	183	948	90	90	528809125
327	180	948	90	90	528809135
326	177	948	90	90	528809146
326	174	952	90	90	528809157
326	172	952	90	90	528809168
326	170	954	90	90	528809178
326	168	960	90	90	528809189
326	166	970	90	90	528809200
326	165	970	90	90	528809211
326	164	972	90	90	528809221
326	163	978	90	90	528809232
327	162	984	90	90	528809243
327	161	990	90	90	528809254
328	160	976	90	90	528809264
329	160	980	90	90	528809275
330	160	986	90	90	528809286
332	159	992	90	90	528809297
334	159	996	90	90	528809307
336	159	998	90	90	528809318
338	159	998	90	90	528809329
341	159	1002	90	90	528809340
345	159	1002	90	90	528809350
350	159	998	90	90	528809361
355	158	996	90	90	528809372
360	158	998	90	90	528809383
367	158	998	90	90	528809393
373	158	998	90	90	528809404
380	159	996	90	90	528809415
388	159	996	90	90	528809426
396	159	996	90	90	528809436
405	159	996	90	90	528809447
414	159	996	90	90	528809458
424	160	996	90	90	528809469
434	160	996	90	90	528809479
444	161	992	90	90	528809490
454	162	992	90	90	528809501
464	162	986	90	90	528809512
474	162	984	90	90	528809522
484	162	980	90	90	528809533
494	162	980	90	90	528809544
503	162	978	90	90	528809555
513	161	978	90	90	528809565
522	160	980	90	90	528809576
531	159	980	90	90	528809587
539	159	984	90	90	528809598
547	158	992	90	90	528809608
554	158	998	90	90	528809619
560	157	1002	90	90	528809630
566	156	1004	90	90	528809641
571	156	1010	90	90	528809651
575	155	1016	90	90	528809662
578	154	1020	90	90	528809673
580	154	1020	90	90	528809684
581	154	1020	90	90	528809705
582	155	1008	90	90	528809716
581	156	992	90	90	528809727
580	157	986	90	90	528809737
578	158	984	90	90	528809748
576	160	980	90	90	528809759
573	162	978	90	90	528809770
569	165	978	90	90	528809780
564	168	978	90	90	528809791
558	172	978	90	90	528809802
552	177	978	90	90	528809813
545	183	978	90	90	528809823
537	189	984	90	90	528809834
529	196	986	90	90	528809845
520	204	978	90	90	528809856
511	212	980	90	90	528809866
502	221	984	90	90	528809877
491	230	984	90	90	528809888
481	239	986	90	90	528809899
471	249	986	90	90	528809909
460	258	992	90	90	528809920
450	267	996	90	90	528809931
440	276	1004	90	90	528809942
431	283	1004	90	90	528809953
422	291	1004	90	90	528809963
415	297	1014	90	90	528809974
408	302	1016	90	90	528809985
403	306	1014	90	90	528809996
399	310	1014	90	90	528810006
395	314	1016	90	90	528810017
392	317	1020	90	90	528810028
390	319	1023	90	90	528810039
388	321	1020	90	90	528810049
385	323	1016	90	90	528810060
384	325	1016	90	90	528810071
382	326	1014	90	90	528810082
380	328	998	90	90	528810092
377	330	966	90	90	528810103
376	332	277	90	90	528810125
10
376	165	724	90	90	528810812
377	161	694	90	90	528810822
376	157	664	90	90	528810833
374	153	666	90	90	528810844
370	147	696	90	90	528810855
366	139	712	90	90	528810865
360	131	718	90	90	528810876
355	123	722	90	90	528810887
349	115	626	90	90	528810898
344	110	89	90	90	528810919
13
433	161	543	90	90	528811353
434	163	642	90	90	528811364
434	162	688	90	90	528811396
433	160	724	90	90	528811407
430	157	740	90	90	528811418
427	152	758	90	90	528811429
423	146	790	90	90	528811439
419	139	796	90	90	528811450
413	131	802	90	90	528811461
408	122	808	90	90	528811472
402	114	794	90	90	528811482
398	107	678	90	90	528811493
395	101	104	90	90	528811515
17
488	168	468	90	90	528811875
492	169	714	90	90	528811885
493	169	662	90	90	528811896
494	168	702	90	90	528811907
494	167	758	90	90	528811918
494	166	770	90	90	528811928
492	163	794	90	90	528811939
490	159	814	90	90	528811950
487	154	818	90	90	528811961
482	147	850	90	90	528811971
478	140	866	90	90	528811982
473	131	868	90	90	528811993
469	122	884	90	90	528812004
465	113	902	90	90	528812014
462	107	892	90	90	528812025
460	101	672	90	90	528812036
459	97	6	90	90	528812057
6
1
472	558	0	90	90	528977166
69
500	617	722	90	90	528977817
498	618	782	90	90	528977828
496	620	808	90	90	528977839
494	621	830	90	90	528977849
492	623	866	90	90	528977860
489	625	880	90	90	528977871
485	627	892	90	90	528977882
480	629	914	90	90	528977892
475	631	936	90	90	528977903
469	633	944	90	90	528977914
462	634	932	90	90	528977925
455	636	940	90	90	528977935
447	637	942	90	90	528977946
438	637	948	90	90	528977957
429	637	954	90	90	528977968
420	637	958	90	90	528977978
409	636	958	90	90	528977989
399	634	958	90	90	528978000
388	632	964	90	90	528978011
377	628	976	90	90	528978021
367	625	976	90	90	528978032
357	620	972	90	90	528978043
347	614	978	90	90	528978054
337	608	994	90	90	528978064
328	601	986	90	90	528978075
319	594	1002	90	90	528978086
311	585	1023	90	90	528978097
305	576	1023	90	90	528978107
299	566	1023	90	90	528978118
295	555	1023	90	90	528978129
291	544	1023	90	90	528978140
289	533	1023	90	90	528978150
288	522	1023	90	90	528978161
289	511	1023	90	90	528978172
291	501	1023	90	90	528978183
294	490	1023	90	90	528978193
299	480	1023	90	90	528978204
305	470	1023	90	90	528978215
312	461	1023	90	90	528978226
321	451	1023	90	90	528978236
331	442	1023	90	90	528978247
342	434	1023	90	90	528978258
354	426	1023	90	90	528978269
367	420	1023	90	90	528978279
380	414	1023	90	90	528978290
394	409	1023	90	90	528978301
408	406	1023	90	90	528978312
422	404	1023	90	90	528978322
437	403	1023	90	90	528978333
452	404	1023	90	90	528978344
466	406	1023	90	90	528978355
479	409	1023	90	90	528978365
493	413	1023	90	90	528978376
505	419	1023	90	90	528978387
516	426	1023	90	90	528978398
526	434	1023	90	90	528978408
535	443	1023	90	90	528978419
543	455	1023	90	90	528978430
549	468	1023	90	90	528978441
553	483	1023	90	90	528978451
555	497	1023	90	90	528978462
556	512	1023	90	90	528978473
555	526	1023	90	90	528978484
551	539	1023	90	90	528978494
545	553	1023	90	90	528978505
537	565	1023	90	90	528978516
526	576	1023	90	90	528978527
514	587	942	90	90	528978537
499	598	205	90	90	528978559
101
411	400	385	90	90	528979978
415	400	472	90	90	528980000
416	400	740	90	90	528980097
415	400	890	90	90	528980107
414	399	908	90	90	528980118
413	398	906	90	90	528980129
412	397	920	90	90	528980140
410	395	936	90	90	528980150
408	393	932	90	90	528980161
407	390	942	90	90	528980172
404	387	954	90	90	528980183
402	383	964	90	90	528980193
399	378	966	90	90	528980204
396	372	972	90	90	528980215
393	366	984	90	90	528980226
390	359	994	90	90	528980236
386	352	994	90	90	528980247
382	344	980	90	90	528980258
378	336	986	90	90	528980269
375	327	998	90	90	528980279
370	319	1004	90	90	528980290
366	310	1002	90	90	528980301
362	301	1004	90	90	528980312
358	293	1008	90	90	528980322
354	284	1020	90	90	528980333
349	276	1023	90	90	528980344
345	268	1016	90	90	528980355
341	261	1023	90	90	528980365
337	254	1023	90	90	528980376
333	247	1023	90	90	528980387
329	241	1023	90	90	528980398
325	236	1023	90	90	528980408
322	232	1023	90	90	528980419
320	228	1023	90	90	528980430
317	225	1023	90	90	528980441
316	223	1023	90	90	528980451
314	220	1023	90	90	528980462
314	218	1023	90	90	528980473
313	217	1023	90	90	528980484
313	216	1023	90	90	528980505
314	216	1023	90	90	528980516
315	216	1023	90	90	528980527
317	216	1023	90	90	528980537
320	216	1023	90	90	528980548
325	217	1023	90	90	528980559
330	217	1023	90	90	528980570
335	217	1023	90	90	528980580
342	217	1023	90	90	528980591
350	217	1023	90	90	528980602
359	217	1023	90	90	528980613
369	217	1023	90	90	528980623
379	217	1023	90	90	528980634
391	216	1023	90	90	528980645
403	215	1023	90	90	528980656
415	215	1023	90	90	528980666
429	214	1023	90	90	528980677
441	214	1023	90	90	528980688
455	213	1023	90	90	528980699
467	212	1023	90	90	528980709
480	212	1023	90	90	528980720
491	212	1023	90	90	528980731
503	212	1023	90	90	528980742
513	212	1023	90	90	528980752
523	212	1023	90	90	528980763
531	212	1023	90	90	528980774
539	211	1023	90	90	528980785
546	211	1023	90	90	528980795
552	211	1023	90	90	528980806
556	211	1023	90	90	528980817
559	211	1023	90	90	528980828
562	212	1023	90	90	528980838
563	212	1023	90	90	528980849
563	214	1023	90	90	528980860
563	215	1023	90	90	528980871
562	217	1023	90	90	528980881
560	220	1023	90	90	528980892
558	223	1023	90	90	528980903
555	227	1023	90	90	528980914
551	232	1023	90	90	528980924
546	238	1023	90	90	528980935
540	245	1023	90	90	528980946
533	254	1023	90	90	528980957
526	263	1023	90	90	528980967
518	273	1023	90	90	528980978
510	284	1023	90	90	528980989
502	294	1023	90	90	528981000
493	305	1023	90	90	528981010
485	317	1023	90	90	528981021
476	327	1023	90	90	528981032
468	338	1023	90	90	528981043
460	347	1023	90	90	528981053
452	357	1023	90	90	528981064
445	365	1023	90	90	528981075
438	373	1023	90	90	528981086
433	379	1023	90	90	528981096
428	385	1023	90	90	528981107
424	389	1023	90	90	528981118
421	392	1023	90	90	528981129
419	395	1023	90	90	528981139
417	397	994	90	90	528981150
415	398	325	90	90	528981172
15
374	220	524	90	90	528981953
376	222	810	90	90	528981996
374	220	830	90	90	528982006
372	217	860	90	90	528982017
368	213	868	90	90	528982028
364	208	884	90	90	528982039
358	202	892	90	90	528982049
352	195	896	90	90	528982060
346	186	898	90	90	528982071
338	178	898	90	90	528982082
331	169	878	90	90	528982092
325	161	856	90	90	528982103
320	155	776	90	90	528982114
317	150	580	90	90	528982125
315	147	57	90	90	528982146
13
440	223	902	90	90	528982484
438	218	906	90	90	528982494
435	213	860	90	90	528982505
432	208	850	90	90	528982516
427	201	852	90	90	528982527
421	193	892	90	90	528982537
414	185	894	90	90	528982548
406	176	894	90	90	528982559
399	167	900	90	90	528982570
392	159	904	90	90	528982580
385	152	826	90	90	528982591
380	146	644	90	90	528982602
376	140	85	90	90	528982623
13
488	213	346	90	90	528982921
490	212	820	90	90	528982931
491	211	828	90	90	528982942
491	210	822	90	90	528982953
491	208	816	90	90	528982964
489	206	830	90	90	528982974
486	201	838	90	90	528982985
481	195	842	90	90	528982996
474	188	848	90	90	528983007
467	179	844	90	90	528983017
460	170	810	90	90	528983028
452	160	670	90	90	528983039
446	151	97	90	90	528983060
6
1
457	589	0	90	90	529119791
93
506	580	776	90	90	529120015
509	580	754	90	90	529120025
511	581	728	90	90	529120036
512	581	724	90	90	529120047
512	582	742	90	90	529120058
512	583	752	90	90	529120068
512	584	752	90	90	529120079
512	585	750	90	90	529120090
511	586	764	90	90	529120101
510	588	782	90	90	529120111
509	589	786	90	90	529120122
507	591	804	90	90	529120133
505	593	816	90	90	529120144
503	596	844	90	90	529120154
500	598	860	90	90	529120165
497	600	874	90	90	529120176
493	602	890	90	90	529120187
488	605	908	90	90	529120197
483	607	896	90	90	529120208
478	609	900	90	90	529120219
472	611	902	90	90	529120230
465	613	908	90	90	529120240
459	615	906	90	90	529120251
451	616	906	90	90	529120262
444	617	914	90	90	529120273
436	617	920	90	90	529120283
428	617	920	90	90	529120294
419	617	924	90	90	529120305
410	617	930	90	90	529120316
401	616	938	90	90	529120326
392	615	944	90	90	529120337
383	613	932	90	90	529120348
374	611	936	90	90	529120359
365	608	946	90	90	529120369
356	605	954	90	90	529120380
348	601	954	90	90	529120391
340	597	958	90	90	529120402
333	592	966	90	90	529120412
326	586	978	90	90	529120423
320	580	988	90	90	529120434
314	574	976	90	90	529120445
309	566	980	90	90	529120455
305	559	980	90	90	529120466
301	551	980	90	90	529120477
298	542	984	90	90	529120488
295	533	984	90	90	529120498
293	524	984	90	90	529120509
292	515	986	90	90	529120520
292	506	992	90	90	529120531
292	497	984	90	90	529120541
293	488	980	90	90	529120552
295	479	992	90	90	529120563
297	469	992	90	90	529120574
301	460	980	90	90	529120584
306	451	980	90	90	529120595
312	443	978	90	90	529120606
319	435	986	90	90	529120617
326	428	1002	90	90	529120627
335	421	1002	90	90	529120638
344	414	1004	90	90	529120649
354	408	1014	90	90	529120660
364	403	1023	90	90	529120670
375	398	1023	90	90	529120681
387	395	1023	90	90	529120692
398	392	1023	90	90	529120703
410	390	1023	90	90	529120713
423	389	1023	90	90	529120724
435	389	1023	90	90	529120735
447	390	1023	90	90	529120746
460	392	1023	90	90	529120756
471	394	1023	90	90	529120767
483	397	1023	90	90	529120778
494	401	1023	90	90	529120789
504	407	1023	90	90	529120799
514	413	1023	90	90	529120810
523	420	1023	90	90	529120821
531	428	1023	90	90	529120832
539	438	1023	90	90	529120842
546	447	1023	90	90	529120853
551	457	1023	90	90	529120864
555	469	1023	90	90	529120875
557	480	1023	90	90	529120885
558	493	1023	90	90	529120896
557	506	1023	90	90	529120907
555	519	1023	90	90	529120918
551	532	1023	90	90	529120928
545	543	1023	90	90	529120939
538	554	1023	90	90	529120950
530	563	1023	90	90	529120961
520	573	1023	90	90	529120971
509	582	1023	90	90	529120982
498	589	978	90	90	529120993
486	597	233	90	90	529121014
110
423	387	562	90	90	529121906
424	387	872	90	90	529121916
426	386	862	90	90	529121938
427	386	904	90	90	529121949
427	385	930	90	90	529121981
427	384	948	90	90	529121992
426	384	964	90	90	529122002
426	383	982	90	90	529122013
425	382	994	90	90	529122024
424	381	980	90	90	529122035
422	380	986	90	90	529122045
421	379	996	90	90	529122056
419	377	1002	90	90	529122067
416	374	1008	90	90	529122078
414	371	1020	90	90	529122088
411	368	1023	90	90	529122099
407	364	1023	90	90	529122110
404	360	1023	90	90	529122121
400	354	1023	90	90	529122131
396	348	1023	90	90	529122142
391	342	1023	90	90	529122153
386	336	1023	90	90	529122164
381	329	1023	90	90	529122174
376	322	1023	90	90	529122185
370	315	1023	90	90	529122196
364	307	1023	90	90	529122207
358	300	1023	90	90	529122217
353	293	1023	90	90	529122228
347	286	1023	90	90	529122239
341	279	1023	90	90	529122250
335	272	1023	90	90	529122260
330	264	1023	90	90	529122271
325	258	1023	90	90	529122282
320	252	1023	90	90	529122293
316	247	1023	90	90	529122303
312	241	1023	90	90	529122314
308	237	1023	90	90	529122325
305	233	1023	90	90	529122336
302	230	1023	90	90	529122346
300	226	1023	90	90	529122357
298	223	1023	90	90	529122368
296	220	1023	90	90	529122379
295	218	1023	90	90	529122389
294	216	1023	90	90	529122400
294	214	1023	90	90	529122411
294	213	1023	90	90	529122432
294	212	1023	90	90	529122443
295	212	1023	90	90	529122454
296	212	1023	90	90	529122465
298	212	1023	90	90	529122475
301	211	1023	90	90	529122486
305	211	1023	90	90	529122497
309	211	1023	90	90	529122508
315	211	1023	90	90	529122518
322	211	1023	90	90	529122529
329	211	1023	90	90	529122540
338	211	1023	90	90	529122551
348	211	1023	90	90	529122561
359	210	1023	90	90	529122572
370	209	1023	90	90	529122583
383	207	1023	90	90	529122594
396	206	1023	90	90	529122604
410	205	1023	90	90	529122615
425	203	1023	90	90	529122626
440	202	1023	90	90	529122637
455	201	1023	90	90	529122647
470	200	1023	90	90	529122658
485	199	1023	90	90	529122669
499	198	1023	90	90	529122680
513	197	1023	90	90	529122690
526	196	1023	90	90	529122701
538	195	1023	90	90	529122712
550	194	1023	90	90	529122723
560	194	1023	90	90	529122733
569	194	1023	90	90	529122744
575	194	1023	90	90	529122755
581	194	1023	90	90	529122766
585	194	1023	90	90	529122776
588	194	1023	90	90	529122787
590	195	1023	90	90	529122798
591	196	1023	90	90	529122809
591	198	1023	90	90	529122819
589	200	1023	90	90	529122830
587	203	1023	90	90	529122841
583	206	1023	90	90	529122852
579	210	1023	90	90	529122862
574	215	1023	90	90	529122873
568	220	1023	90	90	529122884
561	227	1023	90	90	529122895
553	234	1023	90	90	529122905
545	242	1023	90	90	529122916
536	250	1023	90	90	529122927
527	260	1023	90	90	529122938
518	270	1023	90	90	529122948
509	280	1023	90	90	529122959
500	291	1023	90	90	529122970
492	302	1023	90	90	529122981
483	313	1023	90	90	529122991
475	324	1023	90	90	529123002
468	334	1023	90	90	529123013
460	343	1023	90	90	529123024
453	351	1023	90	90	529123034
446	359	1023	90	90	529123045
441	365	1023	90	90	529123056
435	371	1023	90	90	529123067
431	376	1023	90	90	529123077
426	381	1023	90	90	529123088
422	386	1023	90	90	529123099
419	391	978	90	90	529123110
416	395	212	90	90	529123131
15
365	212	514	90	90	529123875
369	215	820	90	90	529123885
370	215	851	90	90	529123918
369	213	896	90	90	529123928
366	210	902	90	90	529123939
364	206	908	90	90	529123950
360	200	894	90	90	529123961
355	193	906	90	90	529123971
350	185	912	90	90	529123982
344	176	914	90	90	529123993
338	168	908	90	90	529124004
332	160	902	90	90	529124014
326	152	860	90	90	529124025
321	146	742	90	90	529124036
316	141	163	90	90	529124057
15
443	202	774	90	90	529124353
444	200	884	90	90	529124364
444	198	862	90	90	529124375
442	196	878	90	90	529124386
440	193	898	90	90	529124396
437	189	892	90	90	529124407
432	183	894	90	90	529124418
427	175	900	90	90	529124429
421	167	906	90	90	529124439
416	159	894	90	90	529124450
410	150	890	90	90	529124461
405	142	818	90	90	529124472
401	134	700	90	90	529124482
398	127	456	90	90	529124493
396	122	33	90	90	529124515
14
503	195	430	90	90	529124765
507	196	740	90	90	529124775
508	196	736	90	90	529124786
508	194	746	90	90	529124797
507	192	788	90	90	529124808
505	188	818	90	90	529124818
501	182	838	90	90	529124829
495	175	860	90	90	529124840
489	168	860	90	90	529124851
483	159	852	90	90	529124861
478	151	852	90	90	529124872
473	143	844	90	90	529124883
468	135	778	90	90	529124894
464	128	250	90	90	529124915
6
1
454	613	0	90	90	529231713
83
489	588	468	90	90	529231890
492	588	804	90	90	529231900
493	588	808	90	90	529231911
493	589	792	90	90	529231922
493	590	788	90	90	529231933
493	591	784	90	90	529231943
491	594	790	90	90	529231954
489	596	796	90	90	529231965
487	599	820	90	90	529231976
484	602	816	90	90	529231986
480	606	816	90	90	529231997
476	609	816	90	90	529232008
472	612	818	90	90	529232019
467	615	818	90	90	529232029
461	618	826	90	90	529232040
454	621	836	90	90	529232051
447	623	850	90	90	529232062
440	624	866	90	90	529232072
432	626	856	90	90	529232083
424	627	868	90	90	529232094
415	627	884	90	90	529232105
405	627	892	90	90	529232115
395	627	904	90	90	529232126
385	626	902	90	90	529232137
375	625	918	90	90	529232148
364	624	914	90	90	529232158
354	622	912	90	90	529232169
344	619	920	90	90	529232180
334	615	930	90	90	529232191
324	611	944	90	90	529232201
315	606	936	90	90	529232212
306	601	952	90	90	529232223
297	594	966	90	90	529232234
290	587	976	90	90	529232244
283	579	982	90	90	529232255
276	570	994	90	90	529232266
271	561	978	90	90	529232277
266	551	984	90	90	529232287
262	541	986	90	90	529232298
259	530	992	90	90	529232309
257	518	996	90	90	529232320
256	507	998	90	90	529232330
255	495	1002	90	90	529232341
255	484	996	90	90	529232352
257	473	996	90	90	529232363
259	462	992	90	90	529232373
263	451	998	90	90	529232384
268	440	1004	90	90	529232395
274	430	1008	90	90	529232406
281	419	1014	90	90	529232416
289	410	1023	90	90	529232427
297	401	1023	90	90	529232438
307	393	1023	90	90	529232449
318	385	1023	90	90	529232459
330	378	1023	90	90	529232470
342	372	1023	90	90	529232481
354	367	1023	90	90	529232492
368	363	1023	90	90	529232502
381	360	1023	90	90	529232513
395	358	1023	90	90	529232524
409	357	1023	90	90	529232535
423	357	1023	90	90	529232545
437	358	1023	90	90	529232556
450	361	1023	90	90	529232567
463	365	1023	90	90	529232578
475	371	1023	90	90	529232588
487	377	1023	90	90	529232599
497	385	1023	90	90	529232610
507	394	1023	90	90	529232621
516	405	1023	90	90	529232631
523	416	1023	90	90	529232642
530	429	1023	90	90	529232653
535	443	1023	90	90	529232664
539	458	1023	90	90	529232674
541	473	1023	90	90	529232685
541	489	1023	90	90	529232696
540	504	1023	90	90	529232707
536	519	1023	90	90	529232717
530	534	1023	90	90	529232728
521	548	1023	90	90	529232739
511	562	1023	90	90	529232750
499	574	958	90	90	529232760
487	584	250	90	90	529232782
89
399	349	832	90	90	529233703
400	348	798	90	90	529233724
401	347	828	90	90	529233778
400	346	862	90	90	529233789
399	345	890	90	90	529233799
398	344	894	90	90	529233810
397	342	912	90	90	529233821
395	340	930	90	90	529233832
393	337	948	90	90	529233842
390	334	946	90	90	529233853
387	330	958	90	90	529233864
383	325	970	90	90	529233875
379	320	984	90	90	529233885
373	315	994	90	90	529233896
367	309	976	90	90	529233907
361	302	978	90	90	529233918
354	295	986	90	90	529233928
347	287	996	90	90	529233939
340	279	1008	90	90	529233950
332	270	1014	90	90	529233961
324	261	1016	90	90	529233971
316	251	1023	90	90	529233982
307	241	1023	90	90	529233993
299	232	1023	90	90	529234004
291	223	1023	90	90	529234014
282	214	1023	90	90	529234025
274	206	1023	90	90	529234036
267	198	1023	90	90	529234047
260	191	1023	90	90	529234057
254	184	1023	90	90	529234068
248	178	1023	90	90	529234079
244	173	1023	90	90	529234090
240	169	1023	90	90	529234100
237	165	1023	90	90	529234111
234	162	1023	90	90	529234122
233	160	1023	90	90	529234133
232	158	1023	90	90	529234143
232	157	1023	90	90	529234154
234	156	1023	90	90	529234165
236	155	1023	90	90	529234176
240	154	1023	90	90	529234186
245	153	1023	90	90	529234197
251	152	1023	90	90	529234208
258	152	1023	90	90	529234219
268	152	1023	90	90	529234229
280	152	1023	90	90	529234240
293	152	1023	90	90	529234251
307	151	1023	90	90	529234262
323	151	1023	90	90	529234272
340	149	1023	90	90	529234283
359	148	1023	90	90	529234294
378	146	1023	90	90	529234305
397	145	1023	90	90	529234315
417	144	1023	90	90	529234326
438	144	1023	90	90	529234337
459	143	1023	90	90	529234348
479	142	1023	90	90	529234358
499	140	1023	90	90	529234369
518	137	1023	90	90	529234380
536	134	1023	90	90	529234391
553	131	1023	90	90	529234401
568	129	1023	90	90	529234412
582	127	1023	90	90	529234423
594	126	1023	90	90	529234434
604	124	1023	90	90	529234444
612	123	1023	90	90	529234455
618	122	1023	90	90	529234466
621	122	1023	90	90	529234477
623	122	1023	90	90	529234487
623	124	1023	90	90	529234498
621	126	1023	90	90	529234509
618	130	1023	90	90	529234520
613	135	1023	90	90	529234530
606	142	1023	90	90	529234541
598	150	1023	90	90	529234552
588	159	1023	90	90	529234563
577	171	1023	90	90	529234573
565	184	1023	90	90	529234584
551	199	1023	90	90	529234595
537	215	1023	90	90	529234606
521	232	1023	90	90	529234616
506	250	1023	90	90	529234627
491	268	1023	90	90	529234638
476	286	1023	90	90	529234649
462	302	1023	90	90	529234659
448	318	1023	90	90	529234670
436	331	1023	90	90	529234681
425	343	1002	90	90	529234692
417	351	308	90	90	529234713
12
310	160	656	90	90	529235359
308	149	904	90	90	529235369
305	141	862	90	90	529235380
302	132	844	90	90	529235391
298	124	844	90	90	529235402
293	114	854	90	90	529235412
286	103	854	90	90	529235423
279	91	844	90	90	529235434
270	79	830	90	90	529235445
262	66	782	90	90	529235455
254	57	548	90	90	529235466
248	50	6	90	90	529235488
10
415	137	803	90	90	529235775
417	134	970	90	90	529235786
415	131	960	90	90	529235797
412	125	958	90	90	529235808
407	116	952	90	90	529235818
401	106	942	90	90	529235829
394	93	944	90	90	529235840
386	81	906	90	90	529235851
379	69	828	90	90	529235861
371	59	226	90	90	529235883
11
507	136	612	90	90	529236156
511	136	936	90	90	529236166
512	133	900	90	90	529236177
510	129	902	90	90	529236188
507	121	918	90	90	529236199
501	110	926	90	90	529236209
493	96	930	90	90	529236220
484	80	908	90	90	529236231
475	66	886	90	90	529236242
466	53	754	90	90	529236252
459	44	52	90	90	529236274
6
1
458	607	0	90	90	529346228
76
480	588	574	90	90	529346406
484	586	592	90	90	529346416
485	586	610	90	90	529346438
485	587	644	90	90	529346449
485	588	644	90	90	529346459
484	589	646	90	90	529346470
483	591	658	90	90	529346481
481	593	666	90	90	529346492
478	595	684	90	90	529346502
475	597	692	90	90	529346513
471	599	730	90	90	529346524
466	601	752	90	90	529346535
461	604	764	90	90	529346545
454	606	788	90	90	529346556
447	607	792	90	90	529346567
440	609	804	90	90	529346578
432	609	814	90	90	529346588
424	609	820	90	90	529346599
415	609	826	90	90	529346610
405	608	818	90	90	529346621
395	607	838	90	90	529346631
385	605	860	90	90	529346642
376	603	860	90	90	529346653
366	600	874	90	90	529346664
355	596	892	90	90	529346674
345	591	892	90	90	529346685
336	586	902	90	90	529346696
326	580	914	90	90	529346707
317	573	926	90	90	529346717
309	565	942	90	90	529346728
301	557	948	90	90	529346739
294	548	932	90	90	529346750
289	539	932	90	90	529346760
284	528	936	90	90	529346771
281	518	952	90	90	529346782
279	507	966	90	90	529346793
279	496	972	90	90	529346803
279	484	978	90	90	529346814
281	472	984	90	90	529346825
284	461	994	90	90	529346836
289	449	980	90	90	529346846
294	438	986	90	90	529346857
301	427	1002	90	90	529346868
309	416	1008	90	90	529346879
319	407	1020	90	90	529346889
329	398	1023	90	90	529346900
340	390	1023	90	90	529346911
352	384	1023	90	90	529346922
365	378	1023	90	90	529346932
378	374	1023	90	90	529346943
392	371	1023	90	90	529346954
406	369	1023	90	90	529346965
420	369	1023	90	90	529346975
435	370	1023	90	90	529346986
449	372	1023	90	90	529346997
462	375	1023	90	90	529347008
475	380	1023	90	90	529347018
488	386	1023	90	90	529347029
499	393	1023	90	90	529347040
510	401	1023	90	90	529347051
519	410	1023	90	90	529347061
528	421	1023	90	90	529347072
535	433	1023	90	90	529347083
541	446	1023	90	90	529347094
544	461	1023	90	90	529347104
546	476	1023	90	90	529347115
546	491	1023	90	90	529347126
543	508	1023	90	90	529347137
537	524	1023	90	90	529347147
530	541	1023	90	90	529347158
521	555	1023	90	90	529347169
509	568	1023	90	90	529347180
497	579	1023	90	90	529347190
483	588	1023	90	90	529347201
469	596	954	90	90	529347212
455	602	243	90	90	529347233
89
403	371	564	90	90	529348078
405	370	790	90	90	529348088
406	370	788	90	90	529348099
406	369	785	90	90	529348121
405	367	808	90	90	529348131
403	365	824	90	90	529348142
402	363	854	90	90	529348153
399	361	860	90	90	529348164
396	359	890	90	90	529348174
392	356	894	90	90	529348185
388	352	906	90	90	529348196
384	348	914	90	90	529348207
379	343	930	90	90	529348217
374	338	948	90	90	529348228
368	332	936	90	90	529348239
362	326	948	90	90	529348250
356	319	960	90	90	529348260
351	312	964	90	90	529348271
344	304	966	90	90	529348282
338	297	972	90	90	529348293
333	290	972	90	90	529348303
327	283	984	90	90	529348314
321	276	988	90	90	529348325
315	269	988	90	90	529348336
310	262	978	90	90	529348346
305	256	986	90	90	529348357
301	250	996	90	90	529348368
297	245	998	90	90	529348379
293	240	1002	90	90	529348389
290	236	1008	90	90	529348400
288	232	1014	90	90	529348411
286	230	1023	90	90	529348422
285	227	1023	90	90	529348432
284	225	1023	90	90	529348443
284	223	1023	90	90	529348454
284	221	1023	90	90	529348465
285	220	1023	90	90	529348475
286	219	1023	90	90	529348486
289	218	1023	90	90	529348497
292	218	1023	90	90	529348508
297	218	1023	90	90	529348518
304	218	1023	90	90	529348529
312	218	1023	90	90	529348540
322	217	1023	90	90	529348551
334	217	1023	90	90	529348561
347	216	1023	90	90	529348572
361	215	1023	90	90	529348583
376	214	1023	90	90	529348594
393	213	1023	90	90	529348604
410	212	1023	90	90	529348615
428	211	1023	90	90	529348626
446	210	1023	90	90	529348637
463	208	1023	90	90	529348647
480	206	1023	90	90	529348658
496	203	1023	90	90	529348669
512	201	1023	90	90	529348680
526	199	1023	90	90	529348690
539	198	1023	90	90	529348701
551	197	1023	90	90	529348712
561	197	1023	90	90	529348723
570	196	1023	90	90	529348733
576	196	1023	90	90	529348744
581	196	1023	90	90	529348755
584	195	1023	90	90	529348766
585	195	1023	90	90	529348776
585	196	1023	90	90	529348787
584	198	1023	90	90	529348798
581	201	1023	90	90	529348809
577	205	1023	90	90	529348819
572	210	1023	90	90	529348830
565	216	1023	90	90	529348841
557	223	1023	90	90	529348852
549	232	1023	90	90	529348862
539	241	1023	90	90	529348873
529	251	1023	90	90	529348884
518	262	1023	90	90	529348895
507	274	1023	90	90	529348905
495	286	1023	90	90	529348916
483	299	1023	90	90	529348927
471	312	1023	90	90	529348938
460	324	1023	90	90	529348948
450	335	1023	90	90	529348959
440	344	1023	90	90	529348970
431	351	1023	90	90	529348981
424	357	1023	90	90	529348991
417	362	1023	90	90	529349002
412	365	1023	90	90	529349013
408	368	902	90	90	529349024
405	370	89	90	90	529349045
14
347	224	930	90	90	529349750
348	220	906	90	90	529349760
346	215	892	90	90	529349771
343	209	902	90	90	529349782
339	201	898	90	90	529349793
334	191	894	90	90	529349803
327	179	908	90	90	529349814
319	167	914	90	90	529349825
309	155	918	90	90	529349836
297	141	908	90	90	529349846
286	128	810	90	90	529349857
277	118	642	90	90	529349868
272	110	512	90	90	529349879
269	106	89	90	90	529349900
13
419	212	524	90	90	529350156
421	213	879	90	90	529350177
420	211	856	90	90	529350188
417	207	850	90	90	529350199
412	199	856	90	90	529350209
405	189	874	90	90	529350220
397	177	880	90	90	529350231
387	163	890	90	90	529350242
376	150	890	90	90	529350252
365	138	836	90	90	529350263
355	128	724	90	90	529350274
348	120	612	90	90	529350285
344	115	108	90	90	529350306
8
501	203	958	90	90	529350541
493	184	904	90	90	529350552
486	172	892	90	90	529350563
477	158	906	90	90	529350574
467	143	944	90	90	529350584
456	128	952	90	90	529350595
445	113	948	90	90	529350606
435	101	282	90	90	529350627
