5
1
447	551	0	90	90	754140556
36
450	566	896	90	90	754140703
451	566	862	90	90	754140713
451	565	891	90	90	754140756
450	564	930	90	90	754140767
450	563	940	90	90	754140778
449	562	966	90	90	754140789
447	560	976	90	90	754140799
446	557	988	90	90	754140810
445	554	984	90	90	754140821
443	551	1002	90	90	754140832
441	546	1014	90	90	754140842
439	541	1023	90	90	754140853
436	535	1023	90	90	754140864
432	529	1023	90	90	754140875
428	521	1023	90	90	754140885
424	512	1023	90	90	754140896
419	502	1023	90	90	754140907
414	491	1023	90	90	754140918
409	479	1023	90	90	754140928
404	466	1023	90	90	754140939
398	453	1023	90	90	754140950
392	440	1023	90	90	754140961
386	426	1023	90	90	754140971
380	411	1023	90	90	754140982
374	396	1023	90	90	754140993
368	382	1023	90	90	754141004
361	368	1023	90	90	754141014
355	355	1023	90	90	754141025
349	343	1023	90	90	754141036
343	332	1023	90	90	754141047
339	323	1023	90	90	754141057
334	316	1023	90	90	754141068
331	309	1023	90	90	754141079
327	304	1023	90	90	754141090
325	301	872	90	90	754141100
323	298	72	90	90	754141122
34
558	555	634	90	90	754141656
561	554	926	90	90	754141666
563	553	892	90	90	754141677
564	552	929	90	90	754141709
564	551	934	90	90	754141720
562	550	942	90	90	754141731
561	548	954	90	90	754141742
559	545	972	90	90	754141752
557	541	990	90	90	754141763
555	536	978	90	90	754141774
553	530	984	90	90	754141785
550	523	1002	90	90	754141795
546	515	1023	90	90	754141806
542	506	1023	90	90	754141817
537	496	1023	90	90	754141828
533	484	1023	90	90	754141838
528	472	1023	90	90	754141849
523	458	1023	90	90	754141860
517	443	1023	90	90	754141871
511	427	1023	90	90	754141881
506	411	1023	90	90	754141892
500	394	1023	90	90	754141903
495	376	1023	90	90	754141914
490	359	1023	90	90	754141924
485	343	1023	90	90	754141935
480	328	1023	90	90	754141946
474	314	1023	90	90	754141957
469	301	1023	90	90	754141967
465	289	1023	90	90	754141978
462	279	1023	90	90	754141989
459	270	1023	90	90	754142000
457	262	1023	90	90	754142010
455	255	904	90	90	754142021
453	251	106	90	90	754142043
35
305	487	856	90	90	754142500
305	484	844	90	90	754142510
305	482	854	90	90	754142521
305	481	880	90	90	754142532
305	480	906	90	90	754142543
305	479	964	90	90	754142575
306	479	1014	90	90	754142586
308	478	1023	90	90	754142596
311	478	1023	90	90	754142607
316	478	1023	90	90	754142618
321	478	1023	90	90	754142629
328	478	1023	90	90	754142639
337	478	1023	90	90	754142650
348	478	1023	90	90	754142661
360	478	1023	90	90	754142672
374	477	1023	90	90	754142682
390	476	1023	90	90	754142693
408	475	1023	90	90	754142704
426	473	1023	90	90	754142715
446	472	1023	90	90	754142725
468	471	1023	90	90	754142736
490	470	1023	90	90	754142747
512	469	1023	90	90	754142758
534	468	1023	90	90	754142768
556	466	1023	90	90	754142779
577	466	1023	90	90	754142790
598	465	1023	90	90	754142801
617	465	1023	90	90	754142811
634	465	1023	90	90	754142822
650	465	1023	90	90	754142833
664	465	1023	90	90	754142844
676	464	1023	90	90	754142854
685	462	1023	90	90	754142865
692	461	760	90	90	754142876
697	460	3	90	90	754142897
35
272	411	574	90	90	754143328
273	408	916	90	90	754143360
274	407	989	90	90	754143381
275	407	1020	90	90	754143392
276	407	1023	90	90	754143403
277	408	1023	90	90	754143414
280	408	1023	90	90	754143424
283	408	1023	90	90	754143435
287	409	1023	90	90	754143446
292	410	1023	90	90	754143457
298	410	1023	90	90	754143467
306	410	1023	90	90	754143478
315	411	1023	90	90	754143489
325	411	1023	90	90	754143500
337	411	1023	90	90	754143510
351	410	1023	90	90	754143521
367	409	1023	90	90	754143532
384	408	1023	90	90	754143543
402	407	1023	90	90	754143553
422	405	1023	90	90	754143564
443	403	1023	90	90	754143575
466	400	1023	90	90	754143586
490	397	1023	90	90	754143596
515	394	1023	90	90	754143607
539	391	1023	90	90	754143618
564	389	1023	90	90	754143629
588	386	1023	90	90	754143639
610	384	1023	90	90	754143650
632	383	1023	90	90	754143661
651	381	1023	90	90	754143672
668	381	1023	90	90	754143682
682	381	1023	90	90	754143693
694	382	1023	90	90	754143704
703	382	1023	90	90	754143715
709	382	176	90	90	754143736
5
1
397	515	0	90	90	754150400
21
186	654	304	90	90	754151875
187	655	612	90	90	754151885
188	655	839	90	90	754151971
188	654	936	90	90	754151982
187	652	936	90	90	754151993
185	650	948	90	90	754152004
184	646	964	90	90	754152014
181	640	976	90	90	754152025
177	633	978	90	90	754152036
173	624	978	90	90	754152047
169	613	982	90	90	754152057
163	600	990	90	90	754152068
158	587	980	90	90	754152079
152	573	986	90	90	754152090
146	559	984	90	90	754152100
142	545	986	90	90	754152111
137	533	976	90	90	754152122
132	521	984	90	90	754152133
129	510	948	90	90	754152143
126	500	852	90	90	754152154
123	492	233	90	90	754152176
22
230	650	520	90	90	754152640
230	648	492	90	90	754152650
230	647	514	90	90	754152661
229	647	562	90	90	754152672
228	645	622	90	90	754152683
227	643	694	90	90	754152693
225	640	746	90	90	754152704
224	636	782	90	90	754152715
222	631	820	90	90	754152726
218	624	826	90	90	754152736
215	615	844	90	90	754152747
211	605	862	90	90	754152758
207	594	860	90	90	754152769
203	581	872	90	90	754152779
198	568	896	90	90	754152790
194	554	904	90	90	754152801
191	542	904	90	90	754152812
188	530	908	90	90	754152822
184	519	904	90	90	754152833
181	508	892	90	90	754152844
178	499	802	90	90	754152855
174	492	159	90	90	754152876
25
112	602	242	90	90	754153312
110	599	332	90	90	754153322
109	597	342	90	90	754153333
108	597	448	90	90	754153344
107	596	568	90	90	754153355
106	596	785	90	90	754153398
108	596	918	90	90	754153408
110	596	944	90	90	754153419
114	596	954	90	90	754153430
119	597	976	90	90	754153441
125	598	978	90	90	754153451
133	599	1004	90	90	754153462
142	600	1023	90	90	754153473
153	601	1023	90	90	754153484
166	602	1023	90	90	754153494
179	602	1023	90	90	754153505
193	602	1023	90	90	754153516
207	603	1023	90	90	754153527
221	603	1023	90	90	754153537
234	603	1023	90	90	754153548
247	603	1023	90	90	754153559
259	603	1023	90	90	754153570
269	603	1023	90	90	754153580
277	604	828	90	90	754153591
283	605	46	90	90	754153613
24
90	549	144	90	90	754154015
88	548	222	90	90	754154025
87	548	326	90	90	754154036
87	547	611	90	90	754154068
88	547	842	90	90	754154079
89	547	892	90	90	754154090
91	547	918	90	90	754154101
94	547	942	90	90	754154111
98	547	976	90	90	754154122
104	548	994	90	90	754154133
111	549	998	90	90	754154144
119	550	1020	90	90	754154154
130	551	1023	90	90	754154165
142	551	1023	90	90	754154176
156	552	1023	90	90	754154187
171	552	1023	90	90	754154197
187	552	1023	90	90	754154208
203	552	1023	90	90	754154219
219	551	1023	90	90	754154230
236	551	1023	90	90	754154240
250	551	1023	90	90	754154251
262	551	1023	90	90	754154262
272	553	976	90	90	754154273
279	555	208	90	90	754154294
5
1
291	557	0	90	90	754155681
28
809	337	651	90	90	754155931
810	336	734	90	90	754155942
810	335	736	90	90	754155964
809	334	788	90	90	754155974
809	332	814	90	90	754155985
808	331	844	90	90	754155996
806	328	868	90	90	754156007
804	325	902	90	90	754156017
802	321	896	90	90	754156028
799	317	914	90	90	754156039
797	312	942	90	90	754156050
794	305	942	90	90	754156060
790	298	964	90	90	754156071
786	290	984	90	90	754156082
781	281	988	90	90	754156093
776	270	984	90	90	754156103
770	259	988	90	90	754156114
765	246	990	90	90	754156125
758	232	994	90	90	754156136
752	218	976	90	90	754156146
746	205	978	90	90	754156157
741	193	986	90	90	754156168
735	182	986	90	90	754156179
729	172	992	90	90	754156189
725	164	988	90	90	754156200
721	157	908	90	90	754156211
717	152	636	90	90	754156222
714	147	6	90	90	754156243
29
873	343	488	90	90	754156828
873	342	758	90	90	754156838
873	341	718	90	90	754156849
873	340	746	90	90	754156860
873	339	772	90	90	754156871
872	338	792	90	90	754156881
871	337	828	90	90	754156892
870	334	856	90	90	754156903
868	332	880	90	90	754156914
866	328	894	90	90	754156924
863	324	912	90	90	754156935
860	319	930	90	90	754156946
857	313	932	90	90	754156957
853	305	940	90	90	754156967
848	296	960	90	90	754156978
842	286	978	90	90	754156989
837	274	990	90	90	754157000
831	261	980	90	90	754157010
825	247	1002	90	90	754157021
819	233	1010	90	90	754157032
812	219	1010	90	90	754157043
806	206	1010	90	90	754157053
799	194	1016	90	90	754157064
793	183	1014	90	90	754157075
787	173	992	90	90	754157086
781	165	982	90	90	754157096
776	157	944	90	90	754157107
772	150	842	90	90	754157118
768	143	207	90	90	754157139
27
702	294	862	90	90	754157578
701	291	802	90	90	754157588
700	290	884	90	90	754157631
701	290	992	90	90	754157642
703	289	1016	90	90	754157653
706	289	1023	90	90	754157664
711	289	1023	90	90	754157674
717	289	1023	90	90	754157685
724	288	1023	90	90	754157696
733	288	1023	90	90	754157707
744	287	1023	90	90	754157717
755	287	1023	90	90	754157728
769	286	1023	90	90	754157739
783	286	1023	90	90	754157750
798	285	1023	90	90	754157760
814	285	1023	90	90	754157771
830	285	1023	90	90	754157782
846	285	1023	90	90	754157793
862	285	1023	90	90	754157803
877	284	1023	90	90	754157814
891	283	1023	90	90	754157825
904	282	1023	90	90	754157836
915	281	1023	90	90	754157846
924	280	1023	90	90	754157857
931	279	1023	90	90	754157868
935	279	862	90	90	754157879
937	280	56	90	90	754157900
28
669	239	602	90	90	754158234
667	237	878	90	90	754158244
666	236	838	90	90	754158255
665	235	898	90	90	754158287
666	235	966	90	90	754158298
668	235	992	90	90	754158309
670	235	1023	90	90	754158320
673	235	1023	90	90	754158330
677	236	1023	90	90	754158341
682	236	1023	90	90	754158352
688	236	1023	90	90	754158363
696	236	1023	90	90	754158373
706	236	1023	90	90	754158384
717	236	1023	90	90	754158395
731	235	1023	90	90	754158406
745	234	1023	90	90	754158416
760	232	1023	90	90	754158427
777	231	1023	90	90	754158438
795	229	1023	90	90	754158449
814	227	1023	90	90	754158459
833	225	1023	90	90	754158470
852	224	1023	90	90	754158481
871	222	1023	90	90	754158492
888	220	1023	90	90	754158502
904	220	1023	90	90	754158513
917	220	1023	90	90	754158524
928	220	1023	90	90	754158535
936	220	316	90	90	754158556
5
1
343	517	0	90	90	528505556
29
355	599	958	90	90	528505781
356	599	948	90	90	528505791
356	598	946	90	90	528505802
355	595	960	90	90	528505813
354	592	976	90	90	528505824
352	588	994	90	90	528505834
348	583	996	90	90	528505845
345	577	1008	90	90	528505856
340	570	1020	90	90	528505867
336	561	1023	90	90	528505877
330	551	1023	90	90	528505888
325	540	1023	90	90	528505899
318	527	1023	90	90	528505910
312	512	1023	90	90	528505920
305	495	1023	90	90	528505931
298	477	1023	90	90	528505942
291	458	1023	90	90	528505953
283	438	1023	90	90	528505963
274	416	1023	90	90	528505974
266	395	1023	90	90	528505985
258	373	1023	90	90	528505996
249	352	1023	90	90	528506006
241	330	1023	90	90	528506017
233	308	1023	90	90	528506028
227	288	1023	90	90	528506039
221	269	1023	90	90	528506049
216	251	1023	90	90	528506060
212	236	992	90	90	528506071
209	224	189	90	90	528506092
28
515	573	544	90	90	528506546
516	576	1023	90	90	528506556
517	575	1023	90	90	528506567
517	573	1023	90	90	528506578
515	569	1023	90	90	528506589
512	563	1023	90	90	528506599
508	557	1023	90	90	528506610
503	550	1023	90	90	528506621
497	542	1023	90	90	528506632
490	532	1023	90	90	528506642
482	520	1023	90	90	528506653
474	507	1023	90	90	528506664
466	492	1023	90	90	528506675
458	475	1023	90	90	528506685
449	457	1023	90	90	528506696
440	439	1023	90	90	528506707
431	419	1023	90	90	528506718
422	399	1023	90	90	528506728
412	379	1023	90	90	528506739
402	358	1023	90	90	528506750
392	337	1023	90	90	528506761
382	316	1023	90	90	528506771
373	296	1023	90	90	528506782
364	277	1023	90	90	528506793
357	260	1023	90	90	528506804
350	245	1023	90	90	528506814
344	232	1023	90	90	528506825
339	220	356	90	90	528506847
29
133	448	1023	90	90	528507291
136	444	1023	90	90	528507302
138	442	1023	90	90	528507313
142	441	1023	90	90	528507324
146	441	1023	90	90	528507334
153	440	1023	90	90	528507345
162	440	1023	90	90	528507356
172	440	1023	90	90	528507367
184	441	1023	90	90	528507377
198	441	1023	90	90	528507388
214	442	1023	90	90	528507399
231	444	1023	90	90	528507410
250	446	1023	90	90	528507420
271	447	1023	90	90	528507431
295	449	1023	90	90	528507442
319	450	1023	90	90	528507453
346	451	1023	90	90	528507463
373	451	1023	90	90	528507474
400	451	1023	90	90	528507485
427	451	1023	90	90	528507496
454	450	1023	90	90	528507506
480	448	1023	90	90	528507517
504	446	1023	90	90	528507528
525	444	1023	90	90	528507539
545	442	1023	90	90	528507549
562	440	1023	90	90	528507560
576	438	1023	90	90	528507571
587	437	1023	90	90	528507582
595	436	215	90	90	528507603
32
103	347	708	90	90	528507984
104	344	1023	90	90	528507994
107	343	1023	90	90	528508005
110	342	1023	90	90	528508016
115	342	1023	90	90	528508027
119	341	1023	90	90	528508037
124	341	1023	90	90	528508048
131	341	1023	90	90	528508059
140	341	1023	90	90	528508070
149	341	1023	90	90	528508080
161	341	1023	90	90	528508091
174	342	1023	90	90	528508102
189	342	1023	90	90	528508113
206	343	1023	90	90	528508123
225	343	1023	90	90	528508134
246	343	1023	90	90	528508145
268	344	1023	90	90	528508156
292	345	1023	90	90	528508166
317	345	1023	90	90	528508177
343	345	1023	90	90	528508188
370	345	1023	90	90	528508199
397	345	1023	90	90	528508209
423	345	1023	90	90	528508220
449	344	1023	90	90	528508231
474	344	1023	90	90	528508242
497	343	1023	90	90	528508252
518	342	1023	90	90	528508263
537	341	1023	90	90	528508274
554	340	1023	90	90	528508285
568	340	1023	90	90	528508295
579	339	1023	90	90	528508306
587	338	219	90	90	528508328
5
1
347	572	0	90	90	528619244
29
351	588	612	90	90	528619343
352	587	896	90	90	528619353
353	586	868	90	90	528619364
353	583	866	90	90	528619375
353	580	880	90	90	528619386
352	576	896	90	90	528619396
351	572	904	90	90	528619407
349	566	896	90	90	528619418
346	558	902	90	90	528619429
344	550	902	90	90	528619439
341	540	902	90	90	528619450
338	528	908	90	90	528619461
335	515	924	90	90	528619472
331	500	944	90	90	528619482
327	484	940	90	90	528619493
323	467	970	90	90	528619504
319	448	994	90	90	528619515
315	428	992	90	90	528619525
310	407	1010	90	90	528619536
305	386	1023	90	90	528619547
300	365	1023	90	90	528619558
295	345	1023	90	90	528619568
291	326	1023	90	90	528619579
286	308	1023	90	90	528619590
282	293	1023	90	90	528619601
278	280	1023	90	90	528619611
274	270	984	90	90	528619622
271	261	714	90	90	528619633
269	254	6	90	90	528619654
30
512	580	984	90	90	528620250
514	578	952	90	90	528620260
514	575	948	90	90	528620271
514	571	934	90	90	528620282
512	567	948	90	90	528620293
510	562	966	90	90	528620303
508	557	972	90	90	528620314
505	550	972	90	90	528620325
501	543	984	90	90	528620336
497	534	982	90	90	528620346
492	523	984	90	90	528620357
488	511	976	90	90	528620368
484	498	978	90	90	528620379
480	482	992	90	90	528620389
475	466	1002	90	90	528620400
471	449	1010	90	90	528620411
467	432	1023	90	90	528620422
463	413	1023	90	90	528620432
459	395	1023	90	90	528620443
455	376	1023	90	90	528620454
451	358	1023	90	90	528620465
447	340	1023	90	90	528620475
444	324	1023	90	90	528620486
440	308	1023	90	90	528620497
438	293	1023	90	90	528620508
435	280	1023	90	90	528620518
433	268	1023	90	90	528620529
431	258	984	90	90	528620540
430	249	906	90	90	528620551
428	243	264	90	90	528620572
38
199	480	568	90	90	528620937
195	479	842	90	90	528620947
194	478	808	90	90	528620958
193	477	816	90	90	528620969
192	477	860	90	90	528620980
191	477	898	90	90	528620990
191	476	912	90	90	528621001
191	475	962	90	90	528621023
193	475	986	90	90	528621033
196	475	1004	90	90	528621044
200	474	1020	90	90	528621055
206	474	1023	90	90	528621066
213	474	1023	90	90	528621076
222	474	1023	90	90	528621087
233	474	1023	90	90	528621098
244	474	1023	90	90	528621109
258	474	1023	90	90	528621119
273	474	1023	90	90	528621130
290	474	1023	90	90	528621141
308	474	1023	90	90	528621152
327	474	1023	90	90	528621162
348	474	1023	90	90	528621173
370	473	1023	90	90	528621184
393	473	1023	90	90	528621195
417	473	1023	90	90	528621205
441	473	1023	90	90	528621216
466	473	1023	90	90	528621227
490	473	1023	90	90	528621238
514	473	1023	90	90	528621248
537	473	1023	90	90	528621259
559	473	1023	90	90	528621270
580	473	1023	90	90	528621281
599	473	1023	90	90	528621291
617	471	1023	90	90	528621302
632	470	1023	90	90	528621313
645	469	1023	90	90	528621324
655	469	1023	90	90	528621334
663	469	245	90	90	528621356
39
147	383	664	90	90	528621796
146	378	992	90	90	528621806
147	376	964	90	90	528621817
148	375	976	90	90	528621828
149	374	986	90	90	528621839
151	374	1002	90	90	528621849
153	374	1008	90	90	528621860
156	373	1008	90	90	528621871
160	373	1010	90	90	528621882
164	373	1014	90	90	528621892
171	372	1020	90	90	528621903
178	372	1023	90	90	528621914
187	372	1023	90	90	528621925
198	372	1023	90	90	528621935
210	372	1023	90	90	528621946
223	371	1023	90	90	528621957
238	371	1023	90	90	528621968
254	371	1023	90	90	528621978
271	371	1023	90	90	528621989
290	371	1023	90	90	528622000
310	370	1023	90	90	528622011
331	369	1023	90	90	528622021
354	369	1023	90	90	528622032
377	368	1023	90	90	528622043
401	368	1023	90	90	528622054
426	367	1023	90	90	528622064
451	366	1023	90	90	528622075
476	365	1023	90	90	528622086
500	364	1023	90	90	528622097
524	362	1023	90	90	528622107
546	361	1023	90	90	528622118
568	360	1023	90	90	528622129
586	359	1023	90	90	528622140
603	358	1023	90	90	528622150
617	358	1023	90	90	528622161
629	358	1023	90	90	528622172
638	357	1023	90	90	528622183
643	357	1020	90	90	528622193
647	356	211	90	90	528622215
5
1
346	560	0	90	90	528814025
35
348	566	670	90	90	528814171
349	564	688	90	90	528814181
350	562	688	90	90	528814192
350	560	696	90	90	528814203
350	558	724	90	90	528814214
350	556	766	90	90	528814224
349	553	816	90	90	528814235
348	549	848	90	90	528814246
347	546	880	90	90	528814257
345	541	894	90	90	528814267
342	536	914	90	90	528814278
340	530	936	90	90	528814289
337	523	936	90	90	528814300
334	516	960	90	90	528814310
331	508	978	90	90	528814321
327	500	984	90	90	528814332
323	491	994	90	90	528814343
318	481	984	90	90	528814353
314	470	992	90	90	528814364
309	459	1002	90	90	528814375
304	446	1004	90	90	528814386
299	433	1010	90	90	528814396
294	419	1020	90	90	528814407
289	404	1023	90	90	528814418
284	389	1023	90	90	528814429
279	374	1023	90	90	528814439
274	359	1023	90	90	528814450
270	343	1023	90	90	528814461
265	328	1023	90	90	528814472
261	313	1023	90	90	528814482
257	299	1023	90	90	528814493
254	286	1023	90	90	528814504
251	276	1023	90	90	528814515
249	267	996	90	90	528814525
248	260	351	90	90	528814547
34
471	555	814	90	90	528815171
474	556	793	90	90	528815235
473	555	816	90	90	528815246
472	554	848	90	90	528815257
471	551	860	90	90	528815267
469	549	874	90	90	528815278
468	546	890	90	90	528815289
466	542	894	90	90	528815300
464	539	912	90	90	528815310
461	534	924	90	90	528815321
458	528	942	90	90	528815332
455	520	948	90	90	528815343
452	512	936	90	90	528815353
449	502	942	90	90	528815364
446	490	942	90	90	528815375
443	478	946	90	90	528815386
439	464	948	90	90	528815396
436	449	958	90	90	528815407
433	433	960	90	90	528815418
429	416	966	90	90	528815429
425	399	970	90	90	528815439
422	382	976	90	90	528815450
418	365	988	90	90	528815461
413	347	976	90	90	528815472
408	330	990	90	90	528815482
404	314	994	90	90	528815493
400	299	976	90	90	528815504
396	285	994	90	90	528815515
393	273	994	90	90	528815525
390	263	976	90	90	528815536
387	254	976	90	90	528815547
386	248	990	90	90	528815558
385	244	958	90	90	528815568
384	242	388	90	90	528815601
38
170	463	642	90	90	528816125
168	462	638	90	90	528816135
167	461	592	90	90	528816146
166	460	600	90	90	528816157
166	459	769	90	90	528816200
168	459	902	90	90	528816211
170	459	906	90	90	528816221
173	459	912	90	90	528816232
178	459	918	90	90	528816243
184	460	930	90	90	528816254
191	460	932	90	90	528816264
200	460	954	90	90	528816275
210	460	976	90	90	528816286
221	461	990	90	90	528816297
234	461	978	90	90	528816307
248	461	980	90	90	528816318
263	461	984	90	90	528816329
280	462	984	90	90	528816340
297	462	992	90	90	528816350
315	462	998	90	90	528816361
334	462	1002	90	90	528816372
354	462	1010	90	90	528816383
374	462	1014	90	90	528816393
395	461	1020	90	90	528816404
416	460	1023	90	90	528816415
436	459	1023	90	90	528816426
456	459	1023	90	90	528816436
476	458	1023	90	90	528816447
494	456	1023	90	90	528816458
510	455	1023	90	90	528816469
526	453	1023	90	90	528816479
539	451	1023	90	90	528816490
550	449	1023	90	90	528816501
559	446	1023	90	90	528816512
566	445	1023	90	90	528816522
571	443	1023	90	90	528816533
574	442	868	90	90	528816544
575	442	93	90	90	528816565
40
160	345	494	90	90	528817046
159	344	856	90	90	528817056
160	342	848	90	90	528817067
160	341	844	90	90	528817078
161	340	878	90	90	528817089
162	339	908	90	90	528817099
163	339	932	90	90	528817110
164	339	960	90	90	528817121
167	338	984	90	90	528817132
169	338	978	90	90	528817142
173	338	996	90	90	528817153
177	338	1014	90	90	528817164
182	339	1023	90	90	528817175
188	339	1023	90	90	528817185
195	340	1023	90	90	528817196
203	340	1023	90	90	528817207
212	341	1023	90	90	528817218
223	341	1023	90	90	528817228
234	342	1023	90	90	528817239
247	343	1023	90	90	528817250
262	344	1023	90	90	528817261
278	344	1023	90	90	528817271
294	344	1023	90	90	528817282
312	344	1023	90	90	528817293
331	343	1023	90	90	528817304
351	342	1023	90	90	528817314
372	341	1023	90	90	528817325
394	339	1023	90	90	528817336
416	337	1023	90	90	528817347
437	334	1023	90	90	528817357
459	330	1023	90	90	528817368
480	326	1023	90	90	528817379
499	322	1023	90	90	528817390
517	319	1023	90	90	528817400
534	315	1023	90	90	528817411
548	312	1023	90	90	528817422
560	310	1023	90	90	528817433
569	308	1023	90	90	528817443
576	307	1023	90	90	528817454
580	307	342	90	90	528817476
5
1
336	559	0	90	90	528984666
26
337	560	344	90	90	528984718
337	559	802	90	90	528984728
337	557	794	90	90	528984739
336	554	766	90	90	528984750
334	551	758	90	90	528984761
332	547	766	90	90	528984771
329	542	794	90	90	528984782
324	536	808	90	90	528984793
319	530	828	90	90	528984804
313	521	832	90	90	528984814
306	512	860	90	90	528984825
298	501	866	90	90	528984836
290	488	884	90	90	528984847
281	472	902	90	90	528984857
272	454	900	90	90	528984868
262	436	912	90	90	528984879
252	416	924	90	90	528984890
242	395	942	90	90	528984900
231	374	936	90	90	528984911
220	354	946	90	90	528984922
210	335	954	90	90	528984933
201	318	958	90	90	528984943
191	302	952	90	90	528984954
183	288	938	90	90	528984965
176	276	818	90	90	528984976
170	265	161	90	90	528984997
22
506	544	958	90	90	528985500
504	541	942	90	90	528985510
500	537	892	90	90	528985521
495	531	884	90	90	528985532
488	524	880	90	90	528985543
480	515	896	90	90	528985553
469	504	892	90	90	528985564
458	492	894	90	90	528985575
446	477	902	90	90	528985586
433	461	920	90	90	528985596
420	443	920	90	90	528985607
407	425	918	90	90	528985618
394	407	930	90	90	528985629
381	388	944	90	90	528985639
367	368	940	90	90	528985650
353	349	952	90	90	528985661
340	330	964	90	90	528985672
328	311	970	90	90	528985682
317	294	960	90	90	528985693
306	279	934	90	90	528985704
297	266	878	90	90	528985715
289	255	269	90	90	528985736
29
137	456	936	90	90	528986187
135	453	954	90	90	528986197
135	452	924	90	90	528986208
135	451	944	90	90	528986219
137	450	988	90	90	528986230
139	450	1010	90	90	528986240
142	449	1023	90	90	528986251
146	448	1023	90	90	528986262
153	448	1023	90	90	528986273
161	448	1023	90	90	528986283
172	448	1023	90	90	528986294
185	448	1023	90	90	528986305
200	449	1023	90	90	528986316
217	449	1023	90	90	528986326
236	450	1023	90	90	528986337
258	450	1023	90	90	528986348
281	450	1023	90	90	528986359
305	450	1023	90	90	528986369
329	449	1023	90	90	528986380
355	448	1023	90	90	528986391
381	448	1023	90	90	528986402
408	448	1023	90	90	528986412
434	449	1023	90	90	528986423
460	450	1023	90	90	528986434
485	450	1023	90	90	528986445
509	449	1023	90	90	528986455
531	447	1023	90	90	528986466
550	445	998	90	90	528986477
569	441	346	90	90	528986498
31
102	337	944	90	90	528987000
103	334	944	90	90	528987010
104	333	936	90	90	528987021
105	333	966	90	90	528987032
107	333	980	90	90	528987043
109	333	1004	90	90	528987053
112	333	1008	90	90	528987064
117	333	1014	90	90	528987075
122	333	1016	90	90	528987086
129	334	1020	90	90	528987096
138	334	1023	90	90	528987107
149	335	1023	90	90	528987118
162	336	1023	90	90	528987129
178	337	1023	90	90	528987139
196	338	1023	90	90	528987150
217	339	1023	90	90	528987161
240	340	1023	90	90	528987172
266	340	1023	90	90	528987182
293	340	1023	90	90	528987193
322	339	1023	90	90	528987204
352	338	1023	90	90	528987215
382	336	1023	90	90	528987225
413	334	1023	90	90	528987236
443	331	1023	90	90	528987247
472	328	1023	90	90	528987258
499	325	1023	90	90	528987268
524	321	1023	90	90	528987279
546	318	1023	90	90	528987290
565	316	1023	90	90	528987301
580	315	946	90	90	528987311
592	315	129	90	90	528987333
5
1
382	543	0	90	90	529126041
32
392	585	902	90	90	529126218
394	583	832	90	90	529126228
394	581	782	90	90	529126239
392	578	792	90	90	529126250
391	575	822	90	90	529126261
389	571	830	90	90	529126271
386	566	848	90	90	529126282
383	561	862	90	90	529126293
379	555	856	90	90	529126304
374	549	872	90	90	529126314
369	541	874	90	90	529126325
364	532	880	90	90	529126336
358	522	896	90	90	529126347
352	512	894	90	90	529126357
345	500	912	90	90	529126368
338	487	926	90	90	529126379
331	473	944	90	90	529126390
323	458	934	90	90	529126400
316	443	948	90	90	529126411
309	426	966	90	90	529126422
301	409	984	90	90	529126433
294	392	980	90	90	529126443
286	374	998	90	90	529126454
278	356	1008	90	90	529126465
269	338	1014	90	90	529126476
261	320	1023	90	90	529126486
253	303	1023	90	90	529126497
245	288	1023	90	90	529126508
238	274	1020	90	90	529126519
231	262	988	90	90	529126529
226	253	830	90	90	529126540
221	247	109	90	90	529126562
28
528	557	958	90	90	529127031
528	554	966	90	90	529127041
527	550	936	90	90	529127052
525	544	940	90	90	529127063
522	537	952	90	90	529127074
517	529	958	90	90	529127084
512	520	972	90	90	529127095
506	510	982	90	90	529127106
499	499	988	90	90	529127117
492	488	984	90	90	529127127
484	475	984	90	90	529127138
475	460	976	90	90	529127149
467	444	984	90	90	529127160
458	427	996	90	90	529127170
449	408	1010	90	90	529127181
439	389	1020	90	90	529127192
428	370	1023	90	90	529127203
418	350	1023	90	90	529127213
407	331	1023	90	90	529127224
397	311	1023	90	90	529127235
388	292	1023	90	90	529127246
379	273	1023	90	90	529127256
370	256	1023	90	90	529127267
363	239	1023	90	90	529127278
356	225	1023	90	90	529127289
351	213	994	90	90	529127299
347	203	866	90	90	529127310
343	196	208	90	90	529127332
35
155	476	948	90	90	529127687
154	474	926	90	90	529127697
154	472	908	90	90	529127708
155	470	892	90	90	529127719
157	469	920	90	90	529127730
159	467	942	90	90	529127740
162	465	976	90	90	529127751
166	464	976	90	90	529127762
172	462	986	90	90	529127773
180	460	996	90	90	529127783
189	459	1004	90	90	529127794
200	458	1010	90	90	529127805
212	458	1016	90	90	529127816
227	457	1023	90	90	529127826
244	457	1023	90	90	529127837
262	456	1023	90	90	529127848
283	455	1023	90	90	529127859
305	455	1023	90	90	529127869
328	455	1023	90	90	529127880
353	455	1023	90	90	529127891
379	455	1023	90	90	529127902
405	455	1023	90	90	529127912
431	455	1023	90	90	529127923
457	454	1023	90	90	529127934
484	453	1023	90	90	529127945
511	452	1023	90	90	529127955
536	451	1023	90	90	529127966
561	449	1023	90	90	529127977
584	447	1023	90	90	529127988
605	446	1023	90	90	529127998
624	444	1023	90	90	529128009
640	443	1023	90	90	529128020
654	443	1023	90	90	529128031
664	443	820	90	90	529128041
671	443	50	90	90	529128063
32
117	363	1010	90	90	529128500
119	358	978	90	90	529128510
122	356	966	90	90	529128521
126	353	966	90	90	529128532
130	352	976	90	90	529128543
136	351	998	90	90	529128553
143	351	1004	90	90	529128564
151	351	1010	90	90	529128575
160	352	1014	90	90	529128586
172	353	1016	90	90	529128596
185	354	1020	90	90	529128607
199	355	1023	90	90	529128618
216	356	1023	90	90	529128629
234	357	1023	90	90	529128639
254	357	1023	90	90	529128650
275	357	1023	90	90	529128661
299	357	1023	90	90	529128672
324	356	1023	90	90	529128682
351	356	1023	90	90	529128693
379	356	1023	90	90	529128704
408	356	1023	90	90	529128715
438	355	1023	90	90	529128725
468	354	1023	90	90	529128736
499	351	1023	90	90	529128747
529	349	1023	90	90	529128758
558	347	1023	90	90	529128768
587	344	1023	90	90	529128779
614	342	1023	90	90	529128790
639	340	1023	90	90	529128801
661	339	1023	90	90	529128811
681	337	1023	90	90	529128822
697	336	331	90	90	529128844
5
1
407	599	0	90	90	529238447
29
404	613	772	90	90	529238609
404	609	752	90	90	529238619
403	604	754	90	90	529238630
402	600	754	90	90	529238641
400	595	760	90	90	529238652
397	589	758	90	90	529238662
394	581	776	90	90	529238673
390	573	794	90	90	529238684
385	563	804	90	90	529238695
380	552	820	90	90	529238705
374	540	828	90	90	529238716
368	527	844	90	90	529238727
361	511	868	90	90	529238738
354	494	896	90	90	529238748
347	475	900	90	90	529238759
339	455	926	90	90	529238770
331	434	936	90	90	529238781
323	411	960	90	90	529238791
315	388	978	90	90	529238802
306	365	988	90	90	529238813
298	342	994	90	90	529238824
289	320	980	90	90	529238834
280	299	992	90	90	529238845
271	278	998	90	90	529238856
264	259	1002	90	90	529238867
257	242	998	90	90	529238877
251	227	984	90	90	529238888
247	214	878	90	90	529238899
244	206	154	90	90	529238920
26
581	600	965	90	90	529239431
580	595	920	90	90	529239442
578	591	930	90	90	529239453
575	585	934	90	90	529239464
571	578	936	90	90	529239474
566	570	934	90	90	529239485
560	560	946	90	90	529239496
554	548	948	90	90	529239507
547	535	946	90	90	529239517
540	519	952	90	90	529239528
533	502	964	90	90	529239539
525	482	978	90	90	529239550
518	460	984	90	90	529239560
510	436	994	90	90	529239571
503	411	984	90	90	529239582
495	386	996	90	90	529239593
487	360	1004	90	90	529239603
478	334	1010	90	90	529239614
470	308	1010	90	90	529239625
461	284	1004	90	90	529239636
452	260	1002	90	90	529239646
444	239	998	90	90	529239657
435	220	984	90	90	529239668
427	203	978	90	90	529239679
420	189	894	90	90	529239689
413	178	229	90	90	529239711
29
705	311	937	90	90	529240416
686	307	942	90	90	529240427
674	305	952	90	90	529240438
661	304	958	90	90	529240449
646	304	964	90	90	529240459
630	304	970	90	90	529240470
612	304	978	90	90	529240481
593	304	990	90	90	529240492
574	305	978	90	90	529240502
552	305	984	90	90	529240513
530	306	992	90	90	529240524
506	307	992	90	90	529240535
481	307	998	90	90	529240545
455	308	1002	90	90	529240556
428	308	1002	90	90	529240567
401	308	1004	90	90	529240578
374	308	1008	90	90	529240588
346	307	1014	90	90	529240599
319	306	1023	90	90	529240610
292	304	1023	90	90	529240621
266	303	1023	90	90	529240631
241	302	1023	90	90	529240642
218	302	1023	90	90	529240653
198	301	1023	90	90	529240664
180	301	1023	90	90	529240674
165	301	1023	90	90	529240685
153	301	1016	90	90	529240696
142	303	946	90	90	529240707
134	304	241	90	90	529240728
34
130	503	912	90	90	529241235
132	503	978	90	90	529241246
133	502	1008	90	90	529241256
136	502	1023	90	90	529241267
140	502	1023	90	90	529241278
145	502	1023	90	90	529241289
152	502	1023	90	90	529241299
161	502	1023	90	90	529241310
172	502	1023	90	90	529241321
184	502	1023	90	90	529241332
199	503	1023	90	90	529241342
215	504	1023	90	90	529241353
233	505	1023	90	90	529241364
253	506	1023	90	90	529241375
275	508	1023	90	90	529241385
299	509	1023	90	90	529241396
323	510	1023	90	90	529241407
350	512	1023	90	90	529241418
378	513	1023	90	90	529241428
407	515	1023	90	90	529241439
437	516	1023	90	90	529241450
468	516	1023	90	90	529241461
499	516	1023	90	90	529241471
530	516	1023	90	90	529241482
559	516	1023	90	90	529241493
588	516	1023	90	90	529241504
615	516	1023	90	90	529241514
641	516	1023	90	90	529241525
664	515	1023	90	90	529241536
685	514	1023	90	90	529241547
703	513	1023	90	90	529241557
718	511	1023	90	90	529241568
730	509	1023	90	90	529241579
739	507	402	90	90	529241600
5
1
400	613	0	90	90	529353666
23
395	611	58	90	90	529353718
394	608	208	90	90	529353728
392	603	148	90	90	529353739
389	598	204	90	90	529353750
386	590	304	90	90	529353761
382	581	404	90	90	529353771
377	570	470	90	90	529353782
372	557	534	90	90	529353793
365	542	612	90	90	529353804
358	526	696	90	90	529353814
351	508	770	90	90	529353825
342	489	810	90	90	529353836
334	468	824	90	90	529353847
325	446	850	90	90	529353857
315	422	852	90	90	529353868
306	397	874	90	90	529353879
297	371	892	90	90	529353890
288	346	896	90	90	529353900
280	321	904	90	90	529353911
272	298	892	90	90	529353922
266	277	878	90	90	529353933
259	259	754	90	90	529353943
255	244	104	90	90	529353965
25
584	585	574	90	90	529354500
586	585	823	90	90	529354521
584	584	790	90	90	529354532
582	582	786	90	90	529354543
578	578	796	90	90	529354553
574	572	802	90	90	529354564
570	564	816	90	90	529354575
564	554	832	90	90	529354586
558	542	848	90	90	529354596
552	529	862	90	90	529354607
544	513	872	90	90	529354618
537	496	892	90	90	529354629
529	477	920	90	90	529354639
521	455	948	90	90	529354650
512	432	942	90	90	529354661
504	407	952	90	90	529354672
496	381	966	90	90	529354682
488	355	984	90	90	529354693
480	329	994	90	90	529354704
473	306	994	90	90	529354715
466	284	984	90	90	529354725
459	263	976	90	90	529354736
452	245	948	90	90	529354747
446	229	880	90	90	529354758
440	217	272	90	90	529354779
32
159	499	764	90	90	529355187
161	493	856	90	90	529355197
162	490	844	90	90	529355208
164	487	866	90	90	529355219
167	484	918	90	90	529355230
170	482	954	90	90	529355240
175	481	978	90	90	529355251
181	480	990	90	90	529355262
189	480	976	90	90	529355273
200	481	976	90	90	529355283
213	482	990	90	90	529355294
228	484	988	90	90	529355305
246	485	976	90	90	529355316
267	486	980	90	90	529355326
290	487	992	90	90	529355337
315	488	996	90	90	529355348
342	490	1004	90	90	529355359
371	491	1016	90	90	529355369
400	493	1023	90	90	529355380
430	496	1023	90	90	529355391
461	498	1023	90	90	529355402
491	500	1023	90	90	529355412
521	501	1023	90	90	529355423
550	502	1023	90	90	529355434
578	501	1023	90	90	529355445
604	499	1023	90	90	529355455
629	496	1023	90	90	529355466
650	493	1023	90	90	529355477
669	490	1023	90	90	529355488
684	488	1023	90	90	529355498
696	486	970	90	90	529355509
703	486	295	90	90	529355531
32
153	365	628	90	90	529355921
151	359	934	90	90	529355931
153	356	930	90	90	529355942
155	353	932	90	90	529355953
158	351	976	90	90	529355964
161	349	984	90	90	529355974
166	348	1002	90	90	529355985
172	348	1008	90	90	529355996
181	348	1014	90	90	529356007
191	350	1016	90	90	529356017
204	353	1023	90	90	529356028
219	356	1023	90	90	529356039
237	359	1023	90	90	529356050
257	362	1023	90	90	529356060
279	365	1023	90	90	529356071
304	368	1023	90	90	529356082
331	371	1023	90	90	529356093
360	375	1023	90	90	529356103
390	377	1023	90	90	529356114
421	379	1023	90	90	529356125
453	380	1023	90	90	529356136
486	381	1023	90	90	529356146
519	381	1023	90	90	529356157
551	381	1023	90	90	529356168
583	381	1023	90	90	529356179
613	380	1023	90	90	529356189
640	379	1023	90	90	529356200
663	378	1023	90	90	529356211
684	377	1023	90	90	529356222
701	376	1023	90	90	529356232
714	375	820	90	90	529356243
725	375	48	90	90	529356265
