5
1
534	514	0	90	90	6232897
37
529	523	118	90	90	6233059
528	524	303	90	90	6233078
528	523	378	90	90	6233084
528	521	402	90	90	6233090
528	519	422	90	90	6233097
528	516	447	90	90	6233103
528	513	467	90	90	6233109
528	509	487	90	90	6233115
528	505	511	90	90	6233122
529	501	523	90	90	6233128
529	496	539	90	90	6233134
529	491	555	90	90	6233140
529	486	575	90	90	6233147
529	481	596	90	90	6233153
529	475	616	90	90	6233159
529	468	636	90	90	6233165
528	462	656	90	90	6233172
528	455	672	90	90	6233178
527	448	688	90	90	6233184
527	440	700	90	90	6233190
526	433	708	90	90	6233197
526	425	712	90	90	6233203
525	418	712	90	90	6233209
525	411	712	90	90	6233215
525	404	712	90	90	6233222
525	398	712	90	90	6233228
524	392	708	90	90	6233234
524	386	704	90	90	6233240
524	381	700	90	90	6233247
524	377	692	90	90	6233253
524	373	680	90	90	6233259
525	370	656	90	90	6233265
525	368	628	90	90	6233272
525	366	583	90	90	6233278
526	365	416	90	90	6233290
527	365	217	90	90	6233297
528	366	44	90	90	6233309
131
518	508	68	90	90	6233553
519	511	165	90	90	6233559
519	512	265	90	90	6233565
519	513	326	90	90	6233572
520	514	378	90	90	6233578
521	515	418	90	90	6233584
522	516	443	90	90	6233590
524	516	463	90	90	6233597
526	517	475	90	90	6233603
529	517	487	90	90	6233609
532	518	499	90	90	6233615
536	518	503	90	90	6233622
540	519	515	90	90	6233628
546	520	519	90	90	6233634
551	520	523	90	90	6233640
557	521	531	90	90	6233647
564	522	535	90	90	6233653
571	523	539	90	90	6233659
579	524	543	90	90	6233665
588	525	547	90	90	6233672
597	526	551	90	90	6233678
607	527	555	90	90	6233684
617	528	555	90	90	6233690
628	529	555	90	90	6233697
639	530	559	90	90	6233703
650	531	559	90	90	6233709
661	531	559	90	90	6233715
672	531	555	90	90	6233722
683	532	555	90	90	6233728
693	532	551	90	90	6233734
703	532	547	90	90	6233740
713	532	543	90	90	6233747
722	532	539	90	90	6233753
730	532	535	90	90	6233759
739	532	531	90	90	6233765
746	532	527	90	90	6233772
754	532	527	90	90	6233778
761	532	527	90	90	6233784
768	532	531	90	90	6233790
774	533	535	90	90	6233797
780	533	543	90	90	6233803
785	533	551	90	90	6233809
790	533	559	90	90	6233815
795	533	567	90	90	6233822
799	533	571	90	90	6233828
802	532	583	90	90	6233834
805	532	588	90	90	6233840
808	531	592	90	90	6233847
810	531	596	90	90	6233853
812	530	596	90	90	6233859
813	529	596	90	90	6233865
814	528	596	90	90	6233872
814	526	596	90	90	6233878
815	525	596	90	90	6233884
815	523	600	90	90	6233890
815	522	600	90	90	6233897
815	519	604	90	90	6233903
815	517	608	90	90	6233909
814	514	612	90	90	6233915
814	511	616	90	90	6233922
813	508	624	90	90	6233928
813	504	628	90	90	6233934
812	500	632	90	90	6233940
811	496	636	90	90	6233947
810	491	640	90	90	6233953
810	486	640	90	90	6233959
809	481	644	90	90	6233965
809	476	644	90	90	6233972
808	470	644	90	90	6233978
808	465	648	90	90	6233984
808	460	648	90	90	6233990
809	454	648	90	90	6233997
809	449	648	90	90	6234003
810	443	648	90	90	6234009
811	438	652	90	90	6234015
811	433	652	90	90	6234022
812	428	652	90	90	6234028
812	423	652	90	90	6234034
812	419	652	90	90	6234040
812	414	656	90	90	6234047
812	410	656	90	90	6234053
812	406	656	90	90	6234059
811	403	660	90	90	6234065
810	399	660	90	90	6234072
810	396	660	90	90	6234078
808	393	660	90	90	6234084
806	391	656	90	90	6234090
804	388	656	90	90	6234097
801	386	656	90	90	6234103
798	384	652	90	90	6234109
795	382	648	90	90	6234115
790	381	644	90	90	6234122
785	379	644	90	90	6234128
779	378	640	90	90	6234134
772	377	640	90	90	6234140
765	376	640	90	90	6234147
757	375	640	90	90	6234153
748	375	636	90	90	6234159
739	374	636	90	90	6234165
729	373	640	90	90	6234172
719	373	640	90	90	6234178
709	372	640	90	90	6234184
698	371	640	90	90	6234190
686	371	640	90	90	6234197
675	370	644	90	90	6234203
663	369	644	90	90	6234209
651	368	644	90	90	6234215
640	368	648	90	90	6234222
628	367	648	90	90	6234228
617	366	652	90	90	6234234
607	365	652	90	90	6234240
597	364	652	90	90	6234247
587	363	652	90	90	6234253
578	362	652	90	90	6234259
570	362	652	90	90	6234265
563	361	652	90	90	6234272
557	361	652	90	90	6234278
551	360	652	90	90	6234284
546	360	652	90	90	6234290
541	359	652	90	90	6234297
538	359	652	90	90	6234303
534	359	648	90	90	6234309
531	359	648	90	90	6234315
529	359	648	90	90	6234322
527	359	648	90	90	6234328
525	359	648	90	90	6234334
524	359	652	90	90	6234340
523	359	650	90	90	6234353
522	359	514	90	90	6234384
523	359	189	90	90	6234390
524	360	30	90	90	6234403
89
591	358	36	90	90	6234584
588	355	120	90	90	6234590
587	354	197	90	90	6234597
585	352	245	90	90	6234603
583	350	277	90	90	6234609
581	348	302	90	90	6234615
580	346	326	90	90	6234622
578	343	350	90	90	6234628
575	341	370	90	90	6234634
573	338	386	90	90	6234640
570	335	398	90	90	6234647
567	332	414	90	90	6234653
564	329	426	90	90	6234659
561	326	443	90	90	6234665
558	323	455	90	90	6234672
555	320	471	90	90	6234678
553	317	487	90	90	6234684
550	315	511	90	90	6234690
548	313	523	90	90	6234697
546	311	535	90	90	6234703
544	310	543	90	90	6234709
543	308	551	90	90	6234715
542	307	555	90	90	6234722
542	306	559	90	90	6234728
541	305	563	90	90	6234734
541	304	567	90	90	6234747
542	303	573	90	90	6234759
544	302	583	90	90	6234765
545	303	588	90	90	6234772
547	303	588	90	90	6234778
549	304	592	90	90	6234784
551	304	592	90	90	6234790
553	305	592	90	90	6234797
555	306	596	90	90	6234803
558	307	596	90	90	6234809
562	307	600	90	90	6234815
565	308	600	90	90	6234822
569	308	604	90	90	6234828
572	309	604	90	90	6234834
577	309	604	90	90	6234840
581	310	608	90	90	6234847
585	310	608	90	90	6234853
590	310	608	90	90	6234859
594	310	608	90	90	6234865
599	311	608	90	90	6234872
603	311	608	90	90	6234878
608	311	608	90	90	6234884
612	311	608	90	90	6234890
616	311	608	90	90	6234897
620	311	612	90	90	6234903
623	312	612	90	90	6234909
627	312	612	90	90	6234915
629	312	612	90	90	6234922
632	312	616	90	90	6234928
634	313	616	90	90	6234934
635	313	620	90	90	6234940
636	313	624	90	90	6234953
637	315	624	90	90	6234959
637	316	624	90	90	6234965
636	317	624	90	90	6234972
635	318	624	90	90	6234978
634	319	624	90	90	6234984
632	321	624	90	90	6234990
630	323	624	90	90	6234997
628	325	624	90	90	6235003
625	328	628	90	90	6235009
623	330	628	90	90	6235015
620	333	628	90	90	6235022
617	336	632	90	90	6235028
614	339	632	90	90	6235034
612	342	628	90	90	6235040
609	345	628	90	90	6235047
607	347	628	90	90	6235053
605	350	628	90	90	6235059
602	353	632	90	90	6235065
600	355	632	90	90	6235072
599	357	636	90	90	6235078
597	359	640	90	90	6235084
596	361	644	90	90	6235090
595	363	648	90	90	6235097
594	364	648	90	90	6235109
593	365	629	90	90	6235128
595	365	596	90	90	6235134
596	365	559	90	90	6235140
597	364	511	90	90	6235147
598	364	422	90	90	6235153
600	363	306	90	90	6235159
602	362	189	90	90	6235165
604	361	38	90	90	6235178
81
746	371	170	90	90	6235497
745	370	342	90	90	6235503
744	369	386	90	90	6235509
743	368	422	90	90	6235515
741	365	459	90	90	6235522
740	363	491	90	90	6235528
738	360	523	90	90	6235534
736	357	539	90	90	6235540
734	353	559	90	90	6235547
731	349	575	90	90	6235553
728	345	592	90	90	6235559
725	341	604	90	90	6235565
722	337	616	90	90	6235572
719	333	624	90	90	6235578
716	329	636	90	90	6235584
713	325	640	90	90	6235590
710	321	644	90	90	6235597
707	318	648	90	90	6235603
704	315	652	90	90	6235609
702	313	652	90	90	6235615
700	311	656	90	90	6235622
699	309	656	90	90	6235628
698	308	656	90	90	6235634
697	307	660	90	90	6235647
696	306	668	90	90	6235665
697	306	676	90	90	6235672
698	306	680	90	90	6235678
700	307	684	90	90	6235684
701	307	688	90	90	6235690
704	307	692	90	90	6235697
706	308	692	90	90	6235703
708	309	696	90	90	6235709
711	309	696	90	90	6235715
715	310	696	90	90	6235722
719	310	696	90	90	6235728
722	311	696	90	90	6235734
727	311	696	90	90	6235740
731	311	696	90	90	6235747
736	312	696	90	90	6235753
741	312	700	90	90	6235759
746	312	700	90	90	6235765
751	312	700	90	90	6235772
756	312	700	90	90	6235778
762	312	700	90	90	6235784
767	312	700	90	90	6235790
772	312	700	90	90	6235797
777	312	700	90	90	6235803
781	312	700	90	90	6235809
785	313	700	90	90	6235815
789	313	700	90	90	6235822
792	313	700	90	90	6235828
794	314	704	90	90	6235834
796	314	704	90	90	6235840
798	315	704	90	90	6235847
799	315	704	90	90	6235859
800	317	704	90	90	6235865
799	318	708	90	90	6235872
799	320	708	90	90	6235878
798	322	708	90	90	6235884
797	324	708	90	90	6235890
795	327	708	90	90	6235897
793	330	712	90	90	6235903
791	333	712	90	90	6235909
789	336	712	90	90	6235915
786	339	712	90	90	6235922
783	343	712	90	90	6235928
780	346	712	90	90	6235934
776	349	712	90	90	6235940
773	352	712	90	90	6235947
770	356	712	90	90	6235953
767	359	712	90	90	6235959
763	361	712	90	90	6235965
760	364	712	90	90	6235972
758	366	712	90	90	6235978
755	368	708	90	90	6235984
753	370	708	90	90	6235990
751	371	708	90	90	6235997
749	372	700	90	90	6236003
748	373	666	90	90	6236015
747	374	425	90	90	6236034
746	375	55	90	90	6236053
5
1
525	475	0	90	90	6315227
36
477	498	32	90	90	6315340
476	500	112	90	90	6315346
475	501	237	90	90	6315371
475	500	294	90	90	6315377
475	498	306	90	90	6315383
475	495	322	90	90	6315390
475	492	342	90	90	6315396
475	489	362	90	90	6315402
476	485	382	90	90	6315408
476	481	406	90	90	6315415
476	477	443	90	90	6315421
476	471	475	90	90	6315427
477	466	523	90	90	6315433
477	461	559	90	90	6315440
477	455	600	90	90	6315446
477	448	632	90	90	6315452
477	441	660	90	90	6315458
477	434	684	90	90	6315465
478	427	704	90	90	6315471
478	420	724	90	90	6315477
478	413	737	90	90	6315483
479	406	745	90	90	6315490
479	400	749	90	90	6315496
480	394	753	90	90	6315502
481	388	753	90	90	6315508
481	383	757	90	90	6315515
482	379	757	90	90	6315521
483	375	757	90	90	6315527
484	372	753	90	90	6315533
484	370	749	90	90	6315540
485	368	741	90	90	6315546
485	367	716	90	90	6315558
486	366	570	90	90	6315577
486	368	318	90	90	6315583
486	370	177	90	90	6315590
486	373	18	90	90	6315602
130
495	496	56	90	90	6315840
497	496	144	90	90	6315846
499	496	229	90	90	6315852
501	496	257	90	90	6315858
503	496	281	90	90	6315865
506	496	302	90	90	6315871
510	496	326	90	90	6315877
514	496	346	90	90	6315883
518	496	366	90	90	6315890
524	496	374	90	90	6315896
530	496	382	90	90	6315902
537	496	386	90	90	6315908
544	496	390	90	90	6315915
552	497	394	90	90	6315921
561	497	398	90	90	6315927
570	498	406	90	90	6315933
579	498	414	90	90	6315940
589	499	418	90	90	6315946
600	499	422	90	90	6315952
611	500	426	90	90	6315958
621	500	430	90	90	6315965
632	501	439	90	90	6315971
643	501	443	90	90	6315977
654	501	443	90	90	6315983
666	501	443	90	90	6315990
676	501	443	90	90	6315996
687	501	439	90	90	6316002
698	501	426	90	90	6316008
709	501	418	90	90	6316015
719	501	406	90	90	6316021
730	501	398	90	90	6316027
740	501	390	90	90	6316033
750	500	386	90	90	6316040
759	500	378	90	90	6316046
768	500	378	90	90	6316052
777	500	374	90	90	6316058
785	500	374	90	90	6316065
792	499	374	90	90	6316071
799	499	374	90	90	6316077
806	499	374	90	90	6316083
811	499	374	90	90	6316090
817	499	378	90	90	6316096
822	498	382	90	90	6316102
826	498	382	90	90	6316108
829	498	386	90	90	6316115
833	498	390	90	90	6316121
835	497	394	90	90	6316127
838	497	398	90	90	6316133
839	497	406	90	90	6316140
841	496	418	90	90	6316146
842	495	426	90	90	6316152
842	494	439	90	90	6316158
842	493	451	90	90	6316165
842	491	459	90	90	6316171
842	490	471	90	90	6316177
841	488	479	90	90	6316183
841	485	499	90	90	6316190
840	483	511	90	90	6316196
839	480	519	90	90	6316202
837	478	527	90	90	6316208
836	474	535	90	90	6316215
834	471	543	90	90	6316221
833	467	551	90	90	6316227
831	463	559	90	90	6316233
830	459	567	90	90	6316240
829	454	575	90	90	6316246
828	449	583	90	90	6316252
827	444	588	90	90	6316258
826	440	592	90	90	6316265
826	435	600	90	90	6316271
826	431	604	90	90	6316277
826	426	604	90	90	6316283
827	422	608	90	90	6316290
827	418	608	90	90	6316296
828	414	612	90	90	6316302
829	410	612	90	90	6316308
830	407	616	90	90	6316315
830	404	616	90	90	6316321
831	402	616	90	90	6316327
831	399	620	90	90	6316333
830	397	620	90	90	6316340
829	395	620	90	90	6316346
828	394	624	90	90	6316352
826	392	624	90	90	6316358
824	391	620	90	90	6316365
822	390	616	90	90	6316371
818	389	612	90	90	6316377
814	388	608	90	90	6316383
809	387	600	90	90	6316390
805	386	592	90	90	6316396
799	385	583	90	90	6316402
792	385	567	90	90	6316408
785	385	563	90	90	6316415
778	384	555	90	90	6316421
770	384	547	90	90	6316427
761	384	543	90	90	6316433
752	384	539	90	90	6316440
742	384	539	90	90	6316446
732	384	535	90	90	6316452
722	384	535	90	90	6316458
711	384	535	90	90	6316465
700	384	535	90	90	6316471
689	384	535	90	90	6316477
678	384	535	90	90	6316483
666	384	535	90	90	6316490
655	384	535	90	90	6316496
644	383	535	90	90	6316502
633	383	535	90	90	6316508
622	382	535	90	90	6316515
612	381	535	90	90	6316521
601	380	535	90	90	6316527
591	380	535	90	90	6316533
581	379	539	90	90	6316540
571	378	539	90	90	6316546
562	377	539	90	90	6316552
553	376	539	90	90	6316558
545	375	539	90	90	6316565
538	374	539	90	90	6316571
530	373	539	90	90	6316577
524	373	539	90	90	6316583
518	372	539	90	90	6316590
513	372	539	90	90	6316596
508	371	543	90	90	6316602
504	371	543	90	90	6316608
501	371	539	90	90	6316615
499	371	535	90	90	6316621
497	371	519	90	90	6316627
496	370	360	90	90	6316652
497	370	96	90	90	6316658
498	370	0	90	90	6316671
76
582	378	36	90	90	6316827
581	376	112	90	90	6316833
580	374	189	90	90	6316840
579	373	217	90	90	6316846
577	370	249	90	90	6316852
575	368	273	90	90	6316858
573	365	294	90	90	6316865
570	362	310	90	90	6316871
567	358	334	90	90	6316877
564	355	346	90	90	6316883
561	351	362	90	90	6316890
559	348	370	90	90	6316896
556	344	378	90	90	6316902
553	341	386	90	90	6316908
550	338	394	90	90	6316915
548	335	406	90	90	6316921
545	332	422	90	90	6316927
543	330	430	90	90	6316933
541	327	443	90	90	6316940
540	325	455	90	90	6316946
538	324	463	90	90	6316952
537	323	475	90	90	6316958
537	322	493	90	90	6316971
538	320	503	90	90	6316977
539	320	511	90	90	6316983
541	320	519	90	90	6316990
543	320	523	90	90	6316996
545	320	527	90	90	6317002
548	321	531	90	90	6317008
552	321	535	90	90	6317015
556	322	539	90	90	6317021
560	322	539	90	90	6317027
564	323	539	90	90	6317033
569	324	543	90	90	6317040
574	324	543	90	90	6317046
580	325	543	90	90	6317052
585	325	547	90	90	6317058
590	325	547	90	90	6317065
595	325	547	90	90	6317071
600	325	547	90	90	6317077
605	325	547	90	90	6317083
609	324	547	90	90	6317090
613	324	551	90	90	6317096
617	323	551	90	90	6317102
620	322	551	90	90	6317108
623	322	551	90	90	6317115
625	321	551	90	90	6317121
627	321	551	90	90	6317127
628	321	555	90	90	6317133
630	321	555	90	90	6317146
630	322	559	90	90	6317152
630	323	559	90	90	6317158
629	325	559	90	90	6317165
628	326	563	90	90	6317171
626	329	563	90	90	6317177
624	332	563	90	90	6317183
622	335	563	90	90	6317190
619	338	563	90	90	6317196
616	342	563	90	90	6317202
613	347	563	90	90	6317208
610	351	567	90	90	6317215
607	356	571	90	90	6317221
604	361	575	90	90	6317227
601	366	588	90	90	6317233
598	371	600	90	90	6317240
595	375	608	90	90	6317246
593	379	616	90	90	6317252
591	383	624	90	90	6317258
589	385	628	90	90	6317265
588	388	624	90	90	6317271
588	389	604	90	90	6317277
587	391	543	90	90	6317290
588	391	406	90	90	6317296
589	391	289	90	90	6317302
591	391	165	90	90	6317308
593	390	18	90	90	6317321
73
762	392	40	90	90	6317508
763	392	196	90	90	6317521
762	392	350	90	90	6317527
760	392	394	90	90	6317533
757	390	426	90	90	6317540
755	388	451	90	90	6317546
751	386	467	90	90	6317552
748	383	487	90	90	6317558
744	380	511	90	90	6317565
740	376	523	90	90	6317571
736	372	531	90	90	6317577
731	368	535	90	90	6317583
726	364	539	90	90	6317590
722	359	543	90	90	6317596
717	355	543	90	90	6317602
712	351	547	90	90	6317608
708	347	551	90	90	6317615
703	343	551	90	90	6317621
700	340	551	90	90	6317627
696	337	555	90	90	6317633
693	334	555	90	90	6317640
690	331	555	90	90	6317646
688	329	559	90	90	6317652
687	327	559	90	90	6317658
686	325	559	90	90	6317665
686	323	559	90	90	6317671
686	322	563	90	90	6317677
687	322	563	90	90	6317683
689	321	563	90	90	6317690
691	321	567	90	90	6317696
694	321	567	90	90	6317702
697	322	571	90	90	6317708
701	322	571	90	90	6317715
705	322	575	90	90	6317721
710	323	583	90	90	6317727
715	323	592	90	90	6317733
720	324	596	90	90	6317740
725	324	604	90	90	6317746
730	324	612	90	90	6317752
736	324	620	90	90	6317758
741	324	628	90	90	6317765
747	324	636	90	90	6317771
752	324	640	90	90	6317777
758	324	644	90	90	6317783
763	323	644	90	90	6317790
768	323	644	90	90	6317796
772	323	644	90	90	6317802
776	323	648	90	90	6317808
779	323	648	90	90	6317815
782	323	648	90	90	6317821
784	324	652	90	90	6317827
785	324	652	90	90	6317833
786	325	656	90	90	6317840
786	326	660	90	90	6317846
786	328	664	90	90	6317852
785	330	668	90	90	6317858
783	332	672	90	90	6317865
781	334	680	90	90	6317871
778	337	684	90	90	6317877
775	339	688	90	90	6317883
772	343	688	90	90	6317890
769	346	692	90	90	6317896
765	350	696	90	90	6317902
762	354	696	90	90	6317908
758	358	696	90	90	6317915
755	362	696	90	90	6317921
752	367	692	90	90	6317927
749	371	684	90	90	6317933
746	375	652	90	90	6317940
744	378	543	90	90	6317946
741	381	406	90	90	6317952
738	384	277	90	90	6317958
735	386	66	90	90	6317971
5
1
522	508	0	90	90	6398495
34
489	489	28	90	90	6398701
489	490	98	90	90	6398720
489	489	161	90	90	6398726
489	488	193	90	90	6398732
490	486	233	90	90	6398738
490	484	277	90	90	6398745
490	481	318	90	90	6398751
490	478	366	90	90	6398757
490	474	398	90	90	6398763
490	470	439	90	90	6398770
490	465	467	90	90	6398776
490	460	511	90	90	6398782
490	454	539	90	90	6398788
490	448	563	90	90	6398795
491	442	592	90	90	6398801
491	435	612	90	90	6398807
491	428	632	90	90	6398813
491	421	652	90	90	6398820
491	414	672	90	90	6398826
491	408	688	90	90	6398832
491	401	704	90	90	6398838
492	395	720	90	90	6398845
492	389	733	90	90	6398851
492	384	741	90	90	6398857
493	380	749	90	90	6398863
493	375	753	90	90	6398870
493	372	753	90	90	6398876
494	368	749	90	90	6398882
494	366	728	90	90	6398888
494	364	696	90	90	6398895
495	362	636	90	90	6398901
495	361	434	90	90	6398913
495	362	217	90	90	6398920
494	364	34	90	90	6398932
121
490	483	52	90	90	6399120
493	484	140	90	90	6399126
494	484	225	90	90	6399132
496	485	253	90	90	6399138
498	485	281	90	90	6399145
502	485	306	90	90	6399151
505	485	334	90	90	6399157
510	485	354	90	90	6399163
516	485	378	90	90	6399170
522	486	394	90	90	6399176
529	486	406	90	90	6399182
538	487	422	90	90	6399188
546	488	430	90	90	6399195
556	488	447	90	90	6399201
566	489	455	90	90	6399207
577	490	467	90	90	6399213
588	491	479	90	90	6399220
599	492	491	90	90	6399226
610	493	511	90	90	6399232
622	494	523	90	90	6399238
633	494	535	90	90	6399245
645	494	543	90	90	6399251
657	495	551	90	90	6399257
668	495	555	90	90	6399263
679	495	559	90	90	6399270
691	496	559	90	90	6399276
702	496	563	90	90	6399282
713	496	563	90	90	6399288
724	497	563	90	90	6399295
734	497	567	90	90	6399301
744	497	567	90	90	6399307
754	498	571	90	90	6399313
763	498	575	90	90	6399320
772	498	583	90	90	6399326
780	498	588	90	90	6399332
787	499	592	90	90	6399338
794	499	596	90	90	6399345
800	499	600	90	90	6399351
805	499	604	90	90	6399357
810	498	608	90	90	6399363
814	498	612	90	90	6399370
817	498	612	90	90	6399376
820	498	616	90	90	6399382
822	497	616	90	90	6399388
823	497	620	90	90	6399395
824	496	624	90	90	6399407
825	495	630	90	90	6399420
826	494	638	90	90	6399432
825	493	648	90	90	6399438
825	492	652	90	90	6399445
824	491	656	90	90	6399451
823	489	664	90	90	6399457
822	488	672	90	90	6399463
821	485	680	90	90	6399470
820	482	688	90	90	6399476
820	479	696	90	90	6399482
819	474	700	90	90	6399488
818	470	708	90	90	6399495
817	464	720	90	90	6399501
816	458	724	90	90	6399507
816	451	728	90	90	6399513
815	445	733	90	90	6399520
814	438	733	90	90	6399526
814	431	737	90	90	6399532
813	424	741	90	90	6399538
813	417	745	90	90	6399545
812	411	749	90	90	6399551
812	406	749	90	90	6399557
812	401	753	90	90	6399563
812	397	757	90	90	6399570
811	393	757	90	90	6399576
811	389	757	90	90	6399582
810	386	757	90	90	6399588
810	384	757	90	90	6399595
809	382	757	90	90	6399601
807	380	753	90	90	6399607
805	378	753	90	90	6399613
803	377	749	90	90	6399620
800	376	745	90	90	6399626
796	375	741	90	90	6399632
792	374	741	90	90	6399638
787	374	737	90	90	6399645
781	374	733	90	90	6399651
774	374	733	90	90	6399657
766	374	728	90	90	6399663
759	374	728	90	90	6399670
750	374	728	90	90	6399676
740	374	728	90	90	6399682
731	375	724	90	90	6399688
720	375	724	90	90	6399695
710	375	724	90	90	6399701
699	375	724	90	90	6399707
687	375	724	90	90	6399713
675	375	724	90	90	6399720
663	375	724	90	90	6399726
651	375	724	90	90	6399732
638	375	724	90	90	6399738
626	374	724	90	90	6399745
613	374	724	90	90	6399751
601	373	720	90	90	6399757
589	373	720	90	90	6399763
577	372	720	90	90	6399770
566	372	720	90	90	6399776
556	371	720	90	90	6399782
547	370	720	90	90	6399788
538	370	720	90	90	6399795
529	369	724	90	90	6399801
522	369	724	90	90	6399807
515	368	724	90	90	6399813
509	368	728	90	90	6399820
504	367	728	90	90	6399826
500	367	728	90	90	6399832
496	366	728	90	90	6399838
492	366	728	90	90	6399845
490	365	720	90	90	6399851
489	365	704	90	90	6399857
488	364	654	90	90	6399870
488	363	511	90	90	6399876
489	363	378	90	90	6399882
491	362	241	90	90	6399888
493	362	46	90	90	6399901
86
575	375	4	90	90	6400026
576	373	96	90	90	6400032
575	372	197	90	90	6400038
574	371	294	90	90	6400045
572	369	350	90	90	6400051
570	366	394	90	90	6400057
567	362	443	90	90	6400063
564	359	475	90	90	6400070
560	355	519	90	90	6400076
556	350	539	90	90	6400082
552	345	559	90	90	6400088
547	340	575	90	90	6400095
542	335	592	90	90	6400101
538	330	600	90	90	6400107
534	325	608	90	90	6400113
529	321	612	90	90	6400120
525	317	616	90	90	6400126
522	313	616	90	90	6400132
518	310	620	90	90	6400138
516	307	624	90	90	6400145
514	304	624	90	90	6400151
512	302	624	90	90	6400157
511	301	624	90	90	6400163
510	299	628	90	90	6400170
510	298	630	90	90	6400182
511	297	632	90	90	6400188
512	296	632	90	90	6400195
514	296	636	90	90	6400201
515	296	636	90	90	6400207
518	296	640	90	90	6400213
520	297	640	90	90	6400220
524	297	640	90	90	6400226
527	298	644	90	90	6400232
531	298	644	90	90	6400238
536	299	644	90	90	6400245
540	300	648	90	90	6400251
545	301	648	90	90	6400257
551	301	648	90	90	6400263
557	302	648	90	90	6400270
563	303	652	90	90	6400276
569	303	652	90	90	6400282
575	303	652	90	90	6400288
581	304	652	90	90	6400295
588	304	652	90	90	6400301
594	304	656	90	90	6400307
600	304	656	90	90	6400313
605	304	660	90	90	6400320
610	304	664	90	90	6400326
615	304	668	90	90	6400332
618	304	672	90	90	6400338
621	304	676	90	90	6400345
623	305	684	90	90	6400351
625	305	692	90	90	6400357
626	306	700	90	90	6400363
627	307	704	90	90	6400370
627	308	712	90	90	6400376
627	310	720	90	90	6400382
626	312	724	90	90	6400388
625	314	724	90	90	6400395
623	316	728	90	90	6400401
621	320	728	90	90	6400407
619	323	728	90	90	6400413
616	327	728	90	90	6400420
613	331	728	90	90	6400426
609	336	728	90	90	6400432
605	341	728	90	90	6400438
601	347	733	90	90	6400445
597	352	737	90	90	6400451
593	357	741	90	90	6400457
589	362	741	90	90	6400463
585	366	749	90	90	6400470
581	371	753	90	90	6400476
578	374	757	90	90	6400482
575	377	765	90	90	6400488
573	380	769	90	90	6400495
571	382	773	90	90	6400501
570	384	773	90	90	6400507
570	385	769	90	90	6400513
570	386	757	90	90	6400526
571	386	728	90	90	6400532
573	386	680	90	90	6400538
575	385	600	90	90	6400545
577	384	467	90	90	6400551
580	383	334	90	90	6400557
584	382	189	90	90	6400563
588	382	26	90	90	6400576
70
736	371	28	90	90	6400738
737	371	234	90	90	6400757
736	370	386	90	90	6400763
734	369	439	90	90	6400770
733	368	471	90	90	6400776
731	366	503	90	90	6400782
728	363	531	90	90	6400788
725	359	551	90	90	6400795
722	356	571	90	90	6400801
718	351	588	90	90	6400807
714	347	600	90	90	6400813
709	342	612	90	90	6400820
705	337	620	90	90	6400826
700	333	628	90	90	6400832
695	328	640	90	90	6400838
690	324	648	90	90	6400845
686	320	656	90	90	6400851
682	317	664	90	90	6400857
678	314	672	90	90	6400863
675	312	680	90	90	6400870
673	310	688	90	90	6400876
671	308	692	90	90	6400882
670	307	696	90	90	6400888
670	306	700	90	90	6400895
670	305	704	90	90	6400907
672	304	708	90	90	6400913
674	304	712	90	90	6400920
676	304	712	90	90	6400926
679	304	720	90	90	6400932
683	305	724	90	90	6400938
687	305	724	90	90	6400945
692	306	728	90	90	6400951
697	307	728	90	90	6400957
703	308	733	90	90	6400963
709	309	733	90	90	6400970
715	310	733	90	90	6400976
721	311	733	90	90	6400982
727	311	737	90	90	6400988
732	311	737	90	90	6400995
738	311	741	90	90	6401001
744	311	741	90	90	6401007
749	311	745	90	90	6401013
754	311	745	90	90	6401020
759	311	749	90	90	6401026
764	312	749	90	90	6401032
769	312	753	90	90	6401038
773	312	753	90	90	6401045
777	313	757	90	90	6401051
781	314	757	90	90	6401057
783	315	761	90	90	6401063
786	315	761	90	90	6401070
787	316	761	90	90	6401076
788	318	761	90	90	6401082
788	319	765	90	90	6401088
787	320	765	90	90	6401095
786	323	765	90	90	6401101
784	325	765	90	90	6401107
782	328	769	90	90	6401113
779	331	769	90	90	6401120
775	334	769	90	90	6401126
771	338	769	90	90	6401132
767	342	769	90	90	6401138
763	347	769	90	90	6401145
759	351	765	90	90	6401151
755	355	749	90	90	6401157
750	358	700	90	90	6401163
746	361	575	90	90	6401170
741	364	443	90	90	6401176
736	367	294	90	90	6401182
731	369	72	90	90	6401195
5
1
570	481	0	90	90	6475816
33
499	485	24	90	90	6475941
495	487	120	90	90	6475947
494	487	213	90	90	6475953
492	487	298	90	90	6475959
491	487	318	90	90	6475966
489	486	338	90	90	6475972
488	484	346	90	90	6475978
488	482	354	90	90	6475984
487	479	362	90	90	6475991
487	476	366	90	90	6475997
488	472	374	90	90	6476003
488	467	378	90	90	6476009
489	463	382	90	90	6476016
489	457	394	90	90	6476022
490	452	414	90	90	6476028
490	445	430	90	90	6476034
490	439	459	90	90	6476041
491	432	491	90	90	6476047
491	426	527	90	90	6476053
491	419	559	90	90	6476059
491	412	592	90	90	6476066
491	405	616	90	90	6476072
491	399	632	90	90	6476078
491	392	644	90	90	6476084
492	386	652	90	90	6476091
492	381	656	90	90	6476097
493	376	656	90	90	6476103
493	372	644	90	90	6476109
494	368	616	90	90	6476116
495	365	567	90	90	6476122
496	363	467	90	90	6476128
497	362	346	90	90	6476134
498	361	97	90	90	6476153
116
480	472	28	90	90	6476303
482	477	136	90	90	6476309
484	479	241	90	90	6476316
486	480	338	90	90	6476322
489	482	402	90	90	6476328
492	483	414	90	90	6476334
496	483	418	90	90	6476341
501	484	422	90	90	6476347
507	484	426	90	90	6476353
514	484	430	90	90	6476359
521	485	430	90	90	6476366
529	486	439	90	90	6476372
538	487	443	90	90	6476378
548	488	451	90	90	6476384
558	490	459	90	90	6476391
569	491	467	90	90	6476397
581	494	487	90	90	6476403
593	496	511	90	90	6476409
605	498	531	90	90	6476416
618	499	547	90	90	6476422
631	501	567	90	90	6476428
644	502	592	90	90	6476434
657	504	608	90	90	6476441
670	505	620	90	90	6476447
682	505	628	90	90	6476453
695	506	632	90	90	6476459
707	507	636	90	90	6476466
719	507	640	90	90	6476472
730	508	640	90	90	6476478
742	508	640	90	90	6476484
753	508	640	90	90	6476491
763	508	640	90	90	6476497
773	508	640	90	90	6476503
781	508	644	90	90	6476509
789	508	644	90	90	6476516
796	507	644	90	90	6476522
803	506	648	90	90	6476528
808	505	648	90	90	6476534
812	504	652	90	90	6476541
816	503	656	90	90	6476547
819	501	656	90	90	6476553
821	499	660	90	90	6476559
823	497	660	90	90	6476566
824	494	660	90	90	6476572
825	491	660	90	90	6476578
826	488	664	90	90	6476584
826	484	664	90	90	6476591
826	480	668	90	90	6476597
826	476	672	90	90	6476603
825	471	676	90	90	6476609
825	467	684	90	90	6476616
824	462	688	90	90	6476622
823	458	696	90	90	6476628
822	453	704	90	90	6476634
822	448	708	90	90	6476641
821	442	712	90	90	6476647
821	438	720	90	90	6476653
821	433	724	90	90	6476659
821	428	728	90	90	6476666
821	424	728	90	90	6476672
821	419	728	90	90	6476678
821	415	733	90	90	6476684
822	411	733	90	90	6476691
822	408	733	90	90	6476697
821	405	733	90	90	6476703
821	402	733	90	90	6476709
820	400	737	90	90	6476716
818	398	737	90	90	6476722
817	396	737	90	90	6476728
815	395	737	90	90	6476734
812	394	741	90	90	6476741
808	393	741	90	90	6476747
804	392	741	90	90	6476753
798	391	737	90	90	6476759
792	390	737	90	90	6476766
786	390	737	90	90	6476772
778	390	733	90	90	6476778
769	389	733	90	90	6476784
760	389	733	90	90	6476791
751	389	733	90	90	6476797
740	389	733	90	90	6476803
729	388	728	90	90	6476809
717	388	728	90	90	6476816
705	388	728	90	90	6476822
692	387	728	90	90	6476828
679	387	728	90	90	6476834
666	386	728	90	90	6476841
652	385	728	90	90	6476847
639	384	724	90	90	6476853
625	383	724	90	90	6476859
612	382	724	90	90	6476866
600	380	724	90	90	6476872
587	379	724	90	90	6476878
575	377	720	90	90	6476884
564	376	720	90	90	6476891
554	375	720	90	90	6476897
544	374	720	90	90	6476903
535	373	712	90	90	6476909
527	372	720	90	90	6476916
520	371	720	90	90	6476922
513	370	720	90	90	6476928
507	369	720	90	90	6476934
502	369	724	90	90	6476941
497	368	724	90	90	6476947
493	368	724	90	90	6476953
490	367	728	90	90	6476959
487	367	728	90	90	6476966
485	367	724	90	90	6476972
484	367	714	90	90	6476984
483	366	680	90	90	6476997
484	365	624	90	90	6477003
485	365	539	90	90	6477009
486	364	402	90	90	6477016
487	364	273	90	90	6477022
489	364	140	90	90	6477028
491	364	2	90	90	6477041
79
574	376	76	90	90	6477141
579	376	177	90	90	6477147
580	375	327	90	90	6477159
581	374	398	90	90	6477166
580	372	418	90	90	6477172
580	371	430	90	90	6477178
579	369	451	90	90	6477184
577	366	467	90	90	6477191
576	363	491	90	90	6477197
573	360	515	90	90	6477203
570	357	535	90	90	6477209
567	353	555	90	90	6477216
563	349	571	90	90	6477222
558	345	592	90	90	6477228
553	340	608	90	90	6477234
548	336	620	90	90	6477241
543	332	632	90	90	6477247
538	328	644	90	90	6477253
533	324	656	90	90	6477259
529	320	668	90	90	6477266
525	317	676	90	90	6477272
523	314	680	90	90	6477278
520	312	688	90	90	6477284
519	311	692	90	90	6477291
518	309	696	90	90	6477297
518	308	700	90	90	6477309
520	308	704	90	90	6477316
523	308	704	90	90	6477322
526	308	708	90	90	6477328
529	309	708	90	90	6477334
533	310	708	90	90	6477341
538	311	712	90	90	6477347
543	311	712	90	90	6477353
549	312	712	90	90	6477359
555	313	720	90	90	6477366
562	314	720	90	90	6477372
569	314	720	90	90	6477378
575	315	720	90	90	6477384
582	315	720	90	90	6477391
589	316	720	90	90	6477397
596	316	720	90	90	6477403
602	316	720	90	90	6477409
608	316	720	90	90	6477416
614	315	720	90	90	6477422
619	315	720	90	90	6477428
624	315	720	90	90	6477434
627	315	720	90	90	6477441
631	315	720	90	90	6477447
633	315	724	90	90	6477453
635	315	724	90	90	6477459
637	316	724	90	90	6477466
638	316	726	90	90	6477478
639	318	728	90	90	6477484
638	319	728	90	90	6477491
638	321	733	90	90	6477497
637	323	733	90	90	6477503
636	325	737	90	90	6477509
635	328	737	90	90	6477516
633	331	737	90	90	6477522
630	335	733	90	90	6477528
628	339	733	90	90	6477534
625	343	733	90	90	6477541
621	347	728	90	90	6477547
617	351	728	90	90	6477553
613	356	724	90	90	6477559
609	360	724	90	90	6477566
604	364	720	90	90	6477572
600	367	720	90	90	6477578
596	371	720	90	90	6477584
593	374	712	90	90	6477591
589	376	704	90	90	6477597
587	379	692	90	90	6477603
585	381	672	90	90	6477609
583	382	648	90	90	6477616
582	383	620	90	90	6477622
582	385	547	90	90	6477634
582	386	341	90	90	6477647
584	386	161	90	90	6477653
585	386	20	90	90	6477666
65
739	386	88	90	90	6477853
736	383	189	90	90	6477859
734	381	289	90	90	6477866
731	378	338	90	90	6477872
727	375	382	90	90	6477878
723	372	414	90	90	6477884
718	367	443	90	90	6477891
713	363	459	90	90	6477897
707	359	475	90	90	6477903
701	354	491	90	90	6477909
695	349	511	90	90	6477916
688	344	523	90	90	6477922
682	340	535	90	90	6477928
675	335	547	90	90	6477934
670	331	563	90	90	6477941
664	328	575	90	90	6477947
660	325	596	90	90	6477953
656	322	608	90	90	6477959
654	319	620	90	90	6477966
652	318	628	90	90	6477972
651	316	632	90	90	6477978
651	315	636	90	90	6477984
651	314	640	90	90	6477991
653	313	640	90	90	6477997
655	313	644	90	90	6478003
659	313	644	90	90	6478009
663	313	644	90	90	6478016
668	314	644	90	90	6478022
673	315	644	90	90	6478028
679	315	640	90	90	6478034
686	316	640	90	90	6478041
693	317	640	90	90	6478047
700	318	636	90	90	6478053
708	318	636	90	90	6478059
715	319	632	90	90	6478066
722	319	632	90	90	6478072
729	319	636	90	90	6478078
735	320	636	90	90	6478084
741	320	636	90	90	6478091
747	320	636	90	90	6478097
752	320	640	90	90	6478103
757	321	640	90	90	6478109
761	321	644	90	90	6478116
765	321	648	90	90	6478122
767	322	656	90	90	6478128
769	323	664	90	90	6478134
770	324	672	90	90	6478141
771	326	680	90	90	6478147
771	328	688	90	90	6478153
770	330	692	90	90	6478159
769	332	700	90	90	6478166
767	335	700	90	90	6478172
765	338	704	90	90	6478178
762	341	704	90	90	6478184
758	345	704	90	90	6478191
755	349	704	90	90	6478197
751	353	704	90	90	6478203
747	357	704	90	90	6478209
742	360	700	90	90	6478216
738	364	688	90	90	6478222
734	367	652	90	90	6478228
729	370	539	90	90	6478234
725	372	406	90	90	6478241
721	375	273	90	90	6478247
716	377	66	90	90	6478259
5
1
557	472	0	90	90	6550195
41
558	517	60	90	90	6550351
556	517	165	90	90	6550358
555	517	273	90	90	6550364
554	516	354	90	90	6550370
553	515	406	90	90	6550376
553	514	451	90	90	6550383
552	511	479	90	90	6550389
552	509	519	90	90	6550395
551	506	543	90	90	6550401
551	502	567	90	90	6550408
552	498	588	90	90	6550414
552	493	604	90	90	6550420
553	489	620	90	90	6550426
553	484	636	90	90	6550433
554	479	652	90	90	6550439
554	473	668	90	90	6550445
555	467	688	90	90	6550451
556	462	704	90	90	6550458
556	455	720	90	90	6550464
557	449	737	90	90	6550470
557	442	745	90	90	6550476
558	435	753	90	90	6550483
558	428	761	90	90	6550489
558	421	769	90	90	6550495
559	414	769	90	90	6550501
559	407	773	90	90	6550508
559	400	777	90	90	6550514
558	394	777	90	90	6550520
558	387	781	90	90	6550526
558	382	785	90	90	6550533
558	376	785	90	90	6550539
558	371	785	90	90	6550545
558	367	785	90	90	6550551
558	363	781	90	90	6550558
559	360	773	90	90	6550564
559	357	757	90	90	6550570
559	355	708	90	90	6550576
560	353	612	90	90	6550583
560	352	394	90	90	6550595
560	353	169	90	90	6550601
560	355	8	90	90	6550614
120
555	510	16	90	90	6550795
556	512	182	90	90	6550808
558	513	338	90	90	6550814
559	514	439	90	90	6550820
561	514	451	90	90	6550826
564	514	455	90	90	6550833
567	514	455	90	90	6550839
571	514	459	90	90	6550845
576	514	463	90	90	6550851
582	514	471	90	90	6550858
588	514	475	90	90	6550864
595	515	491	90	90	6550870
603	515	515	90	90	6550876
612	516	531	90	90	6550883
621	517	555	90	90	6550889
631	518	583	90	90	6550895
641	519	608	90	90	6550901
652	520	632	90	90	6550908
663	522	656	90	90	6550914
675	523	676	90	90	6550920
687	524	692	90	90	6550926
700	525	704	90	90	6550933
712	526	720	90	90	6550939
726	527	728	90	90	6550945
739	528	737	90	90	6550951
752	529	741	90	90	6550958
765	530	745	90	90	6550964
778	531	749	90	90	6550970
791	531	753	90	90	6550976
803	532	757	90	90	6550983
815	532	761	90	90	6550989
827	533	765	90	90	6550995
838	533	765	90	90	6551001
848	532	769	90	90	6551008
858	532	769	90	90	6551014
866	531	769	90	90	6551020
875	530	769	90	90	6551026
882	529	769	90	90	6551033
888	528	769	90	90	6551039
894	526	765	90	90	6551045
898	524	761	90	90	6551051
902	523	757	90	90	6551058
905	520	753	90	90	6551064
907	518	749	90	90	6551070
909	516	749	90	90	6551076
909	513	749	90	90	6551083
909	511	749	90	90	6551089
909	508	753	90	90	6551095
909	505	757	90	90	6551101
908	502	761	90	90	6551108
907	498	761	90	90	6551114
906	495	765	90	90	6551120
905	491	769	90	90	6551126
903	487	773	90	90	6551133
902	482	773	90	90	6551139
902	477	777	90	90	6551145
901	472	777	90	90	6551151
900	467	777	90	90	6551158
899	462	777	90	90	6551164
898	457	781	90	90	6551170
898	451	777	90	90	6551176
897	446	777	90	90	6551183
897	440	781	90	90	6551189
896	435	781	90	90	6551195
896	430	781	90	90	6551201
895	425	785	90	90	6551208
895	421	785	90	90	6551214
894	416	781	90	90	6551220
894	412	781	90	90	6551226
893	409	781	90	90	6551233
893	405	781	90	90	6551239
892	402	781	90	90	6551245
891	399	781	90	90	6551251
890	396	777	90	90	6551258
888	394	777	90	90	6551264
886	392	777	90	90	6551270
884	390	777	90	90	6551276
881	388	777	90	90	6551283
877	387	777	90	90	6551289
873	385	773	90	90	6551295
868	384	769	90	90	6551301
863	383	765	90	90	6551308
856	382	765	90	90	6551314
849	382	761	90	90	6551320
842	382	757	90	90	6551326
833	381	757	90	90	6551333
824	381	757	90	90	6551339
814	381	757	90	90	6551345
803	380	753	90	90	6551351
791	380	753	90	90	6551358
779	379	753	90	90	6551364
767	378	753	90	90	6551370
754	377	753	90	90	6551376
741	376	753	90	90	6551383
728	375	753	90	90	6551389
714	374	753	90	90	6551395
701	373	753	90	90	6551401
688	371	753	90	90	6551408
675	370	757	90	90	6551414
662	369	757	90	90	6551420
649	367	757	90	90	6551426
637	366	757	90	90	6551433
625	364	757	90	90	6551439
614	363	757	90	90	6551445
604	361	757	90	90	6551451
595	359	753	90	90	6551458
585	358	753	90	90	6551464
578	356	753	90	90	6551470
570	355	753	90	90	6551476
564	354	753	90	90	6551483
559	352	753	90	90	6551489
554	351	749	90	90	6551495
550	350	749	90	90	6551501
548	350	745	90	90	6551508
546	349	737	90	90	6551514
544	349	708	90	90	6551526
543	348	575	90	90	6551539
545	348	374	90	90	6551545
546	348	241	90	90	6551551
548	348	46	90	90	6551564
84
622	365	8	90	90	6551695
626	365	120	90	90	6551701
627	365	281	90	90	6551714
627	363	430	90	90	6551720
627	361	451	90	90	6551726
626	359	463	90	90	6551733
625	357	471	90	90	6551739
623	354	487	90	90	6551745
622	351	511	90	90	6551751
619	348	527	90	90	6551758
617	345	543	90	90	6551764
614	341	563	90	90	6551770
610	337	583	90	90	6551776
606	333	604	90	90	6551783
602	329	624	90	90	6551789
598	325	640	90	90	6551795
594	321	656	90	90	6551801
589	316	668	90	90	6551808
586	313	680	90	90	6551814
582	309	688	90	90	6551820
579	306	696	90	90	6551826
576	303	700	90	90	6551833
574	301	704	90	90	6551839
573	298	704	90	90	6551845
572	297	704	90	90	6551851
572	295	708	90	90	6551858
573	294	708	90	90	6551870
575	293	708	90	90	6551876
577	292	708	90	90	6551883
579	292	712	90	90	6551889
582	292	712	90	90	6551895
586	293	712	90	90	6551901
591	293	720	90	90	6551908
595	294	720	90	90	6551914
601	294	720	90	90	6551920
607	295	720	90	90	6551926
613	295	720	90	90	6551933
620	296	720	90	90	6551939
626	296	724	90	90	6551945
633	297	724	90	90	6551951
639	297	724	90	90	6551958
646	297	724	90	90	6551964
653	297	720	90	90	6551970
659	297	720	90	90	6551976
665	297	720	90	90	6551983
671	297	720	90	90	6551989
676	297	720	90	90	6551995
681	298	720	90	90	6552001
685	298	720	90	90	6552008
689	298	720	90	90	6552014
692	299	724	90	90	6552020
694	300	724	90	90	6552026
696	300	724	90	90	6552033
696	301	728	90	90	6552039
697	302	728	90	90	6552045
697	304	733	90	90	6552051
696	305	733	90	90	6552058
694	306	737	90	90	6552064
692	308	737	90	90	6552070
690	310	737	90	90	6552076
688	312	737	90	90	6552083
684	315	737	90	90	6552089
681	317	733	90	90	6552095
677	320	733	90	90	6552101
673	324	733	90	90	6552108
669	327	733	90	90	6552114
664	331	728	90	90	6552120
660	335	728	90	90	6552126
655	339	728	90	90	6552133
650	343	728	90	90	6552139
646	347	728	90	90	6552145
642	351	728	90	90	6552151
638	354	728	90	90	6552158
634	358	728	90	90	6552164
632	361	724	90	90	6552170
630	363	720	90	90	6552176
628	366	712	90	90	6552183
627	368	696	90	90	6552189
627	370	672	90	90	6552195
628	371	616	90	90	6552201
629	372	491	90	90	6552208
630	373	362	90	90	6552214
632	373	225	90	90	6552220
635	373	40	90	90	6552233
70
824	377	64	90	90	6552408
829	377	181	90	90	6552414
831	377	306	90	90	6552420
831	376	418	90	90	6552426
831	375	531	90	90	6552433
830	373	535	90	90	6552439
829	371	539	90	90	6552445
827	368	539	90	90	6552451
824	365	539	90	90	6552458
821	361	543	90	90	6552464
818	357	551	90	90	6552470
814	353	563	90	90	6552476
810	348	583	90	90	6552483
805	344	600	90	90	6552489
800	339	616	90	90	6552495
795	334	636	90	90	6552501
789	330	660	90	90	6552508
783	326	676	90	90	6552514
778	321	692	90	90	6552520
773	317	700	90	90	6552526
768	313	708	90	90	6552533
764	310	712	90	90	6552539
760	307	712	90	90	6552545
758	304	720	90	90	6552551
756	302	720	90	90	6552558
754	300	720	90	90	6552564
754	298	720	90	90	6552570
754	297	720	90	90	6552576
754	296	720	90	90	6552583
756	295	720	90	90	6552589
758	294	724	90	90	6552595
761	294	724	90	90	6552601
765	293	724	90	90	6552608
769	293	724	90	90	6552614
774	294	728	90	90	6552620
780	294	728	90	90	6552626
786	294	728	90	90	6552633
793	295	728	90	90	6552639
800	295	733	90	90	6552645
807	296	733	90	90	6552651
814	296	733	90	90	6552658
822	296	737	90	90	6552664
829	296	737	90	90	6552670
836	296	737	90	90	6552676
843	296	737	90	90	6552683
849	296	741	90	90	6552689
855	296	741	90	90	6552695
861	296	745	90	90	6552701
865	297	745	90	90	6552708
869	297	745	90	90	6552714
873	298	749	90	90	6552720
875	298	749	90	90	6552726
877	300	753	90	90	6552733
878	301	757	90	90	6552739
878	303	757	90	90	6552745
877	305	761	90	90	6552751
876	307	761	90	90	6552758
874	310	761	90	90	6552764
872	314	761	90	90	6552770
869	318	761	90	90	6552776
865	322	761	90	90	6552783
861	326	761	90	90	6552789
856	331	757	90	90	6552795
852	336	753	90	90	6552801
847	341	741	90	90	6552808
841	346	692	90	90	6552814
836	351	563	90	90	6552820
830	355	422	90	90	6552826
824	359	281	90	90	6552833
818	363	66	90	90	6552845
5
1
325	417	0	90	90	6626197
43
513	511	80	90	90	6627094
513	510	181	90	90	6627100
512	508	289	90	90	6627106
512	507	334	90	90	6627113
512	505	370	90	90	6627119
511	503	394	90	90	6627125
511	499	426	90	90	6627131
510	496	451	90	90	6627138
510	492	471	90	90	6627144
509	488	487	90	90	6627150
509	483	503	90	90	6627156
508	479	523	90	90	6627163
507	473	539	90	90	6627169
505	468	559	90	90	6627175
504	463	583	90	90	6627181
503	457	604	90	90	6627188
501	451	624	90	90	6627194
500	445	644	90	90	6627200
499	439	660	90	90	6627206
498	433	672	90	90	6627213
497	426	680	90	90	6627219
496	419	688	90	90	6627225
496	412	692	90	90	6627231
496	405	696	90	90	6627238
496	398	700	90	90	6627244
495	391	700	90	90	6627250
495	384	704	90	90	6627256
495	377	704	90	90	6627263
495	370	704	90	90	6627269
495	364	704	90	90	6627275
495	357	708	90	90	6627281
494	351	708	90	90	6627288
494	346	708	90	90	6627294
493	340	712	90	90	6627300
493	335	712	90	90	6627306
492	331	712	90	90	6627313
491	328	712	90	90	6627319
491	325	708	90	90	6627325
490	322	700	90	90	6627331
490	321	680	90	90	6627338
489	319	509	90	90	6627356
488	319	245	90	90	6627363
488	321	48	90	90	6627375
121
511	506	24	90	90	6627613
520	508	153	90	90	6627619
526	509	285	90	90	6627625
532	510	414	90	90	6627631
538	511	543	90	90	6627638
545	512	596	90	90	6627644
553	513	632	90	90	6627650
561	513	656	90	90	6627656
571	514	672	90	90	6627663
580	514	684	90	90	6627669
591	514	688	90	90	6627675
602	514	692	90	90	6627681
613	514	692	90	90	6627688
625	514	692	90	90	6627694
637	514	696	90	90	6627700
649	514	696	90	90	6627706
661	514	696	90	90	6627713
673	514	700	90	90	6627719
685	515	708	90	90	6627725
697	515	720	90	90	6627731
709	516	724	90	90	6627738
721	516	733	90	90	6627744
734	516	741	90	90	6627750
746	516	749	90	90	6627756
758	516	753	90	90	6627763
770	516	757	90	90	6627769
782	516	761	90	90	6627775
793	517	761	90	90	6627781
804	517	761	90	90	6627788
814	517	761	90	90	6627794
823	517	761	90	90	6627800
831	517	761	90	90	6627806
839	518	761	90	90	6627813
846	518	765	90	90	6627819
851	518	769	90	90	6627825
856	518	773	90	90	6627831
859	518	781	90	90	6627838
862	518	785	90	90	6627844
864	517	789	90	90	6627850
865	517	797	90	90	6627856
866	515	801	90	90	6627863
866	514	801	90	90	6627869
867	512	805	90	90	6627875
866	510	805	90	90	6627881
866	508	805	90	90	6627888
866	505	805	90	90	6627894
865	503	805	90	90	6627900
864	500	805	90	90	6627906
863	497	805	90	90	6627913
862	494	805	90	90	6627919
861	491	805	90	90	6627925
861	487	805	90	90	6627931
860	483	805	90	90	6627938
859	479	805	90	90	6627944
858	474	805	90	90	6627950
858	470	809	90	90	6627956
857	465	809	90	90	6627963
857	460	809	90	90	6627969
857	454	809	90	90	6627975
857	449	809	90	90	6627981
857	443	809	90	90	6627988
858	438	813	90	90	6627994
858	432	813	90	90	6628000
859	427	813	90	90	6628006
860	422	813	90	90	6628013
860	417	813	90	90	6628019
861	412	813	90	90	6628025
861	408	813	90	90	6628031
861	403	813	90	90	6628038
861	399	813	90	90	6628044
860	395	809	90	90	6628050
860	392	805	90	90	6628056
858	388	801	90	90	6628063
857	385	793	90	90	6628069
855	382	789	90	90	6628075
852	379	781	90	90	6628081
849	377	773	90	90	6628088
845	375	765	90	90	6628094
840	373	757	90	90	6628100
835	372	753	90	90	6628106
829	371	749	90	90	6628113
822	370	745	90	90	6628119
814	369	741	90	90	6628125
806	369	741	90	90	6628131
796	368	737	90	90	6628138
786	368	737	90	90	6628144
775	367	737	90	90	6628150
763	367	737	90	90	6628156
751	367	737	90	90	6628163
738	367	737	90	90	6628169
725	366	737	90	90	6628175
711	366	737	90	90	6628181
697	365	737	90	90	6628188
683	364	733	90	90	6628194
669	363	733	90	90	6628200
655	362	733	90	90	6628206
641	360	733	90	90	6628213
627	359	733	90	90	6628219
612	357	733	90	90	6628225
599	355	737	90	90	6628231
585	353	737	90	90	6628238
573	352	741	90	90	6628244
560	350	745	90	90	6628250
549	348	749	90	90	6628256
538	346	753	90	90	6628263
528	345	757	90	90	6628269
519	343	761	90	90	6628275
511	341	761	90	90	6628281
504	340	761	90	90	6628288
498	338	761	90	90	6628294
493	337	757	90	90	6628300
489	336	749	90	90	6628306
486	335	737	90	90	6628313
484	334	720	90	90	6628319
482	333	692	90	90	6628325
481	332	642	90	90	6628338
481	330	563	90	90	6628344
482	330	475	90	90	6628350
484	330	350	90	90	6628356
486	331	217	90	90	6628363
489	331	46	90	90	6628375
93
591	361	56	90	90	6628494
595	362	149	90	90	6628500
596	362	281	90	90	6628513
596	360	326	90	90	6628519
596	359	342	90	90	6628525
595	358	350	90	90	6628531
593	356	366	90	90	6628538
591	354	386	90	90	6628544
589	352	414	90	90	6628550
587	350	447	90	90	6628556
584	348	479	90	90	6628563
581	346	523	90	90	6628569
578	343	559	90	90	6628575
575	340	592	90	90	6628581
570	337	620	90	90	6628588
566	334	644	90	90	6628594
562	331	660	90	90	6628600
558	327	680	90	90	6628606
553	323	692	90	90	6628613
549	320	700	90	90	6628619
544	316	708	90	90	6628625
540	312	720	90	90	6628631
536	309	720	90	90	6628638
532	305	724	90	90	6628644
528	302	728	90	90	6628650
525	299	728	90	90	6628656
523	297	728	90	90	6628663
521	295	733	90	90	6628669
519	293	737	90	90	6628675
518	291	741	90	90	6628681
518	290	745	90	90	6628688
517	289	749	90	90	6628694
518	288	753	90	90	6628700
519	287	757	90	90	6628706
520	287	761	90	90	6628713
521	286	761	90	90	6628719
524	286	761	90	90	6628725
527	286	765	90	90	6628731
530	286	765	90	90	6628738
534	285	765	90	90	6628744
538	285	765	90	90	6628750
543	285	765	90	90	6628756
548	285	765	90	90	6628763
554	285	765	90	90	6628769
559	285	765	90	90	6628775
565	285	765	90	90	6628781
570	284	765	90	90	6628788
576	284	765	90	90	6628794
582	283	765	90	90	6628800
587	283	765	90	90	6628806
592	283	765	90	90	6628813
597	282	765	90	90	6628819
602	282	765	90	90	6628825
607	281	765	90	90	6628831
611	281	765	90	90	6628838
615	280	765	90	90	6628844
618	280	769	90	90	6628850
621	280	769	90	90	6628856
624	280	773	90	90	6628863
626	280	777	90	90	6628869
627	280	781	90	90	6628875
628	280	789	90	90	6628888
629	281	797	90	90	6628894
628	282	801	90	90	6628900
628	283	801	90	90	6628906
627	284	805	90	90	6628913
625	286	805	90	90	6628919
623	288	805	90	90	6628925
621	290	805	90	90	6628931
619	293	805	90	90	6628938
616	296	805	90	90	6628944
613	300	805	90	90	6628950
609	304	801	90	90	6628956
606	308	801	90	90	6628963
603	313	801	90	90	6628969
599	318	801	90	90	6628975
596	323	801	90	90	6628981
593	328	797	90	90	6628988
590	333	797	90	90	6628994
588	337	793	90	90	6629000
586	342	793	90	90	6629006
584	346	793	90	90	6629013
583	350	789	90	90	6629019
581	353	785	90	90	6629025
581	355	773	90	90	6629031
581	358	757	90	90	6629038
581	360	724	90	90	6629044
581	361	672	90	90	6629050
582	362	588	90	90	6629056
584	363	447	90	90	6629063
586	363	306	90	90	6629069
589	364	161	90	90	6629075
593	364	12	90	90	6629088
82
785	369	36	90	90	6629256
789	369	161	90	90	6629263
790	369	333	90	90	6629275
790	368	499	90	90	6629281
789	367	511	90	90	6629288
788	365	519	90	90	6629294
786	363	523	90	90	6629300
784	361	527	90	90	6629306
782	358	535	90	90	6629313
779	355	543	90	90	6629319
776	351	555	90	90	6629325
772	348	567	90	90	6629331
768	344	588	90	90	6629338
763	341	608	90	90	6629344
758	337	632	90	90	6629350
753	333	656	90	90	6629356
748	329	680	90	90	6629363
742	325	700	90	90	6629369
737	321	724	90	90	6629375
731	317	741	90	90	6629381
725	313	757	90	90	6629388
720	309	765	90	90	6629394
715	305	773	90	90	6629400
711	301	781	90	90	6629406
707	297	781	90	90	6629413
704	294	785	90	90	6629419
701	291	785	90	90	6629425
700	289	785	90	90	6629431
698	287	789	90	90	6629438
698	285	789	90	90	6629444
698	284	789	90	90	6629450
699	283	789	90	90	6629456
700	283	789	90	90	6629463
703	282	789	90	90	6629469
705	282	793	90	90	6629475
709	283	793	90	90	6629481
712	283	793	90	90	6629488
717	283	793	90	90	6629494
722	284	793	90	90	6629500
727	284	797	90	90	6629506
733	285	797	90	90	6629513
740	285	797	90	90	6629519
747	285	797	90	90	6629525
754	285	797	90	90	6629531
761	285	801	90	90	6629538
769	285	801	90	90	6629544
776	285	801	90	90	6629550
784	285	801	90	90	6629556
791	284	801	90	90	6629563
797	284	801	90	90	6629569
804	284	801	90	90	6629575
809	284	801	90	90	6629581
814	284	801	90	90	6629588
818	284	801	90	90	6629594
821	284	805	90	90	6629600
823	284	805	90	90	6629606
825	284	813	90	90	6629613
826	285	817	90	90	6629619
826	286	821	90	90	6629625
826	287	825	90	90	6629631
825	289	829	90	90	6629638
824	291	833	90	90	6629644
823	293	833	90	90	6629650
821	296	837	90	90	6629656
819	299	837	90	90	6629663
816	303	837	90	90	6629669
813	306	837	90	90	6629675
810	310	837	90	90	6629681
807	315	837	90	90	6629688
803	319	841	90	90	6629694
800	324	841	90	90	6629700
796	329	841	90	90	6629706
793	333	837	90	90	6629713
789	338	833	90	90	6629719
785	343	829	90	90	6629725
782	348	813	90	90	6629731
778	352	777	90	90	6629738
774	357	648	90	90	6629744
770	360	511	90	90	6629750
765	364	354	90	90	6629756
759	368	193	90	90	6629763
753	372	16	90	90	6629775
7
1
574	536	0	90	90	6712997
41
534	527	68	90	90	6713178
535	528	201	90	90	6713190
535	527	281	90	90	6713197
536	526	318	90	90	6713203
536	525	342	90	90	6713209
536	523	370	90	90	6713215
537	521	398	90	90	6713222
538	518	430	90	90	6713228
538	515	463	90	90	6713234
539	512	499	90	90	6713240
539	508	527	90	90	6713247
540	504	547	90	90	6713253
541	500	571	90	90	6713259
541	495	592	90	90	6713265
542	491	612	90	90	6713272
542	486	628	90	90	6713278
542	481	644	90	90	6713284
542	476	660	90	90	6713290
542	470	672	90	90	6713297
542	464	688	90	90	6713303
542	458	700	90	90	6713309
542	452	712	90	90	6713315
542	446	724	90	90	6713322
543	439	733	90	90	6713328
543	433	741	90	90	6713334
543	426	749	90	90	6713340
543	420	753	90	90	6713347
543	414	757	90	90	6713353
542	408	761	90	90	6713359
542	402	765	90	90	6713365
541	397	769	90	90	6713372
540	392	769	90	90	6713378
539	388	773	90	90	6713384
537	384	773	90	90	6713390
536	381	773	90	90	6713397
535	379	773	90	90	6713403
535	377	769	90	90	6713409
534	376	658	90	90	6713434
535	378	366	90	90	6713440
536	381	213	90	90	6713447
536	384	30	90	90	6713459
130
544	529	40	90	90	6713672
543	528	132	90	90	6713678
544	527	271	90	90	6713690
545	526	346	90	90	6713697
546	525	370	90	90	6713703
548	525	390	90	90	6713709
550	524	418	90	90	6713715
553	524	443	90	90	6713722
557	524	467	90	90	6713728
562	523	491	90	90	6713734
567	523	515	90	90	6713740
573	523	531	90	90	6713747
580	524	543	90	90	6713753
587	524	559	90	90	6713759
595	524	571	90	90	6713765
604	524	592	90	90	6713772
613	525	604	90	90	6713778
623	526	620	90	90	6713784
634	526	632	90	90	6713790
645	527	644	90	90	6713797
656	527	652	90	90	6713803
668	528	656	90	90	6713809
681	529	660	90	90	6713815
693	529	664	90	90	6713822
706	530	664	90	90	6713828
719	530	664	90	90	6713834
732	531	668	90	90	6713840
745	531	668	90	90	6713847
758	531	672	90	90	6713853
771	532	676	90	90	6713859
782	532	680	90	90	6713865
794	532	688	90	90	6713872
805	532	692	90	90	6713878
816	533	700	90	90	6713884
827	533	708	90	90	6713890
837	533	712	90	90	6713897
847	533	724	90	90	6713903
856	533	728	90	90	6713909
865	533	733	90	90	6713915
873	533	737	90	90	6713922
881	533	737	90	90	6713928
888	533	741	90	90	6713934
895	533	741	90	90	6713940
901	532	741	90	90	6713947
906	532	745	90	90	6713953
910	531	749	90	90	6713959
913	530	753	90	90	6713965
916	529	753	90	90	6713972
918	528	757	90	90	6713978
919	527	757	90	90	6713984
920	526	761	90	90	6713990
920	525	765	90	90	6713997
920	524	765	90	90	6714003
920	522	765	90	90	6714009
920	520	765	90	90	6714015
919	518	765	90	90	6714022
919	515	769	90	90	6714028
919	512	769	90	90	6714034
918	509	773	90	90	6714040
917	506	773	90	90	6714047
917	502	773	90	90	6714053
916	498	777	90	90	6714059
914	493	777	90	90	6714065
913	489	777	90	90	6714072
912	484	777	90	90	6714078
911	478	781	90	90	6714084
910	473	781	90	90	6714090
910	467	781	90	90	6714097
909	462	785	90	90	6714103
909	457	785	90	90	6714109
910	451	789	90	90	6714115
910	446	789	90	90	6714122
911	441	789	90	90	6714128
912	436	789	90	90	6714134
913	432	797	90	90	6714140
914	428	801	90	90	6714147
915	424	805	90	90	6714153
916	420	809	90	90	6714159
917	416	813	90	90	6714165
918	413	817	90	90	6714172
918	410	821	90	90	6714178
918	407	821	90	90	6714184
918	404	817	90	90	6714190
917	401	817	90	90	6714197
916	399	813	90	90	6714203
915	397	809	90	90	6714209
912	395	809	90	90	6714215
909	394	805	90	90	6714222
906	393	801	90	90	6714228
901	392	797	90	90	6714234
896	391	793	90	90	6714240
890	391	793	90	90	6714247
883	390	789	90	90	6714253
875	390	785	90	90	6714259
867	390	781	90	90	6714265
859	390	781	90	90	6714272
849	390	777	90	90	6714278
839	390	777	90	90	6714284
829	391	773	90	90	6714290
818	391	773	90	90	6714297
807	391	773	90	90	6714303
795	391	769	90	90	6714309
783	391	769	90	90	6714315
770	391	769	90	90	6714322
757	391	765	90	90	6714328
744	391	765	90	90	6714334
730	391	765	90	90	6714340
716	390	765	90	90	6714347
701	390	765	90	90	6714353
687	390	765	90	90	6714359
672	389	765	90	90	6714365
658	389	765	90	90	6714372
644	388	769	90	90	6714378
630	387	769	90	90	6714384
616	386	769	90	90	6714390
604	385	769	90	90	6714397
591	383	769	90	90	6714403
580	382	769	90	90	6714409
569	381	773	90	90	6714415
560	380	773	90	90	6714422
551	378	773	90	90	6714428
543	378	773	90	90	6714434
536	377	773	90	90	6714440
530	376	773	90	90	6714447
526	375	769	90	90	6714453
522	375	761	90	90	6714459
520	374	745	90	90	6714465
518	374	563	90	90	6714490
520	373	233	90	90	6714497
522	374	40	90	90	6714509
63
611	388	36	90	90	6714690
610	387	157	90	90	6714697
609	386	281	90	90	6714703
608	384	394	90	90	6714709
607	383	511	90	90	6714715
605	381	539	90	90	6714722
603	378	555	90	90	6714728
600	375	567	90	90	6714734
597	371	575	90	90	6714740
595	367	588	90	90	6714747
592	363	592	90	90	6714753
588	359	600	90	90	6714759
585	355	608	90	90	6714765
582	350	616	90	90	6714772
578	346	624	90	90	6714778
574	341	636	90	90	6714784
570	336	644	90	90	6714790
567	332	656	90	90	6714797
563	328	672	90	90	6714803
560	324	684	90	90	6714809
557	320	696	90	90	6714815
553	317	708	90	90	6714822
551	314	720	90	90	6714828
548	311	724	90	90	6714834
546	308	733	90	90	6714840
543	306	737	90	90	6714847
541	304	737	90	90	6714853
540	302	737	90	90	6714859
539	301	737	90	90	6714865
538	300	741	90	90	6714872
538	299	741	90	90	6714884
538	298	741	90	90	6714890
539	297	741	90	90	6714897
541	297	745	90	90	6714903
543	297	745	90	90	6714909
545	297	745	90	90	6714915
547	297	745	90	90	6714922
550	297	745	90	90	6714928
554	297	749	90	90	6714934
558	298	749	90	90	6714940
562	298	749	90	90	6714947
567	298	749	90	90	6714953
573	298	749	90	90	6714959
579	299	753	90	90	6714965
585	299	757	90	90	6714972
591	299	757	90	90	6714978
598	299	761	90	90	6714984
605	299	765	90	90	6714990
611	299	765	90	90	6714997
618	298	769	90	90	6715003
625	298	769	90	90	6715009
631	298	773	90	90	6715015
637	298	773	90	90	6715022
643	298	769	90	90	6715028
648	298	765	90	90	6715034
653	299	753	90	90	6715040
658	299	733	90	90	6715047
662	299	692	90	90	6715053
665	300	624	90	90	6715059
668	301	491	90	90	6715065
670	302	354	90	90	6715072
671	303	213	90	90	6715078
672	305	34	90	90	6715090
37
606	384	32	90	90	6715215
602	390	153	90	90	6715222
601	392	261	90	90	6715228
600	393	418	90	90	6715240
599	394	493	90	90	6715253
600	392	503	90	90	6715259
601	390	503	90	90	6715265
602	387	515	90	90	6715272
603	384	527	90	90	6715278
604	381	547	90	90	6715284
606	378	567	90	90	6715290
608	374	596	90	90	6715297
610	370	624	90	90	6715303
612	366	648	90	90	6715309
615	362	672	90	90	6715315
618	358	692	90	90	6715322
621	354	712	90	90	6715328
624	350	724	90	90	6715334
628	346	733	90	90	6715340
632	341	741	90	90	6715347
635	337	745	90	90	6715353
639	333	749	90	90	6715359
643	329	753	90	90	6715365
646	325	757	90	90	6715372
649	321	757	90	90	6715378
652	318	757	90	90	6715384
655	315	761	90	90	6715390
658	312	761	90	90	6715397
660	310	757	90	90	6715403
662	308	753	90	90	6715409
665	306	745	90	90	6715415
667	304	720	90	90	6715422
670	303	668	90	90	6715428
672	302	547	90	90	6715434
674	301	406	90	90	6715440
677	302	265	90	90	6715447
679	303	62	90	90	6715459
63
810	394	8	90	90	6715634
812	394	88	90	90	6715640
812	392	169	90	90	6715647
811	391	245	90	90	6715653
810	389	277	90	90	6715659
808	386	306	90	90	6715665
806	383	350	90	90	6715672
803	380	390	90	90	6715678
800	376	439	90	90	6715684
797	372	475	90	90	6715690
793	368	523	90	90	6715697
789	363	555	90	90	6715703
785	358	583	90	90	6715709
780	354	604	90	90	6715715
776	349	616	90	90	6715722
771	344	628	90	90	6715728
766	340	636	90	90	6715734
761	335	644	90	90	6715740
756	331	648	90	90	6715747
752	327	656	90	90	6715753
748	324	660	90	90	6715759
744	321	664	90	90	6715765
741	318	668	90	90	6715772
738	316	672	90	90	6715778
736	314	672	90	90	6715784
735	312	676	90	90	6715790
733	311	680	90	90	6715797
733	310	686	90	90	6715809
733	309	696	90	90	6715815
734	308	704	90	90	6715822
736	308	712	90	90	6715828
738	308	724	90	90	6715834
742	308	733	90	90	6715840
746	308	741	90	90	6715847
751	308	745	90	90	6715853
756	308	749	90	90	6715859
763	308	753	90	90	6715865
770	308	753	90	90	6715872
777	308	757	90	90	6715878
785	308	757	90	90	6715884
792	308	757	90	90	6715890
800	307	761	90	90	6715897
808	307	761	90	90	6715903
816	307	761	90	90	6715909
824	307	761	90	90	6715915
831	307	761	90	90	6715922
838	306	765	90	90	6715928
845	306	765	90	90	6715934
851	306	765	90	90	6715940
856	306	769	90	90	6715947
861	306	769	90	90	6715953
865	306	769	90	90	6715959
868	306	769	90	90	6715965
870	306	765	90	90	6715972
872	307	761	90	90	6715978
873	307	757	90	90	6715984
874	308	736	90	90	6715997
875	309	684	90	90	6716003
875	310	612	90	90	6716009
874	311	475	90	90	6716015
873	313	346	90	90	6716022
871	314	205	90	90	6716028
870	315	32	90	90	6716040
27
807	386	64	90	90	6716172
806	389	197	90	90	6716178
806	390	464	90	90	6716197
806	389	632	90	90	6716203
807	387	660	90	90	6716209
808	384	676	90	90	6716215
809	381	692	90	90	6716222
811	377	708	90	90	6716228
813	372	724	90	90	6716234
816	368	728	90	90	6716240
819	363	733	90	90	6716247
823	358	737	90	90	6716253
827	354	745	90	90	6716259
831	350	753	90	90	6716265
835	346	757	90	90	6716272
839	342	761	90	90	6716278
843	338	769	90	90	6716284
848	334	773	90	90	6716290
852	331	781	90	90	6716297
855	327	785	90	90	6716303
859	324	785	90	90	6716309
863	321	773	90	90	6716315
866	318	733	90	90	6716322
869	316	604	90	90	6716328
872	314	463	90	90	6716334
874	313	318	90	90	6716340
875	312	54	90	90	6716359
5
1
589	505	0	90	90	6794006
34
529	494	88	90	90	6794275
528	490	205	90	90	6794281
528	488	326	90	90	6794287
528	485	394	90	90	6794294
527	482	459	90	90	6794300
527	478	519	90	90	6794306
527	474	563	90	90	6794312
528	469	596	90	90	6794319
528	464	620	90	90	6794325
529	458	636	90	90	6794331
530	452	648	90	90	6794337
530	446	656	90	90	6794344
531	440	664	90	90	6794350
532	433	668	90	90	6794356
533	426	672	90	90	6794362
534	419	680	90	90	6794369
535	412	688	90	90	6794375
536	405	696	90	90	6794381
536	398	704	90	90	6794387
537	392	712	90	90	6794394
537	385	724	90	90	6794400
537	379	733	90	90	6794406
538	373	741	90	90	6794412
538	368	741	90	90	6794419
538	363	745	90	90	6794425
538	358	745	90	90	6794431
538	355	741	90	90	6794437
538	351	728	90	90	6794444
538	349	712	90	90	6794450
539	347	688	90	90	6794456
539	346	536	90	90	6794475
540	348	281	90	90	6794481
540	351	140	90	90	6794487
540	354	2	90	90	6794500
111
528	492	92	90	90	6794675
532	494	213	90	90	6794681
535	495	334	90	90	6794687
538	496	447	90	90	6794694
542	497	479	90	90	6794700
547	497	519	90	90	6794706
553	497	535	90	90	6794712
560	498	547	90	90	6794719
567	498	555	90	90	6794725
576	498	563	90	90	6794731
585	498	567	90	90	6794737
594	498	571	90	90	6794744
604	498	571	90	90	6794750
615	498	571	90	90	6794756
626	498	571	90	90	6794762
637	498	575	90	90	6794769
648	499	575	90	90	6794775
660	499	575	90	90	6794781
671	499	575	90	90	6794787
682	499	583	90	90	6794794
694	499	583	90	90	6794800
705	499	588	90	90	6794806
716	499	588	90	90	6794812
727	499	592	90	90	6794819
737	499	592	90	90	6794825
748	499	596	90	90	6794831
758	499	596	90	90	6794837
767	499	600	90	90	6794844
777	500	600	90	90	6794850
786	500	600	90	90	6794856
794	500	604	90	90	6794862
801	500	604	90	90	6794869
808	500	608	90	90	6794875
814	500	612	90	90	6794881
819	499	616	90	90	6794887
824	499	620	90	90	6794894
828	498	624	90	90	6794900
831	497	628	90	90	6794906
833	496	632	90	90	6794912
835	495	632	90	90	6794919
836	493	636	90	90	6794925
837	491	640	90	90	6794931
837	489	644	90	90	6794937
837	487	648	90	90	6794944
837	484	652	90	90	6794950
836	481	664	90	90	6794956
834	478	672	90	90	6794962
833	475	680	90	90	6794969
831	471	688	90	90	6794975
830	467	696	90	90	6794981
828	463	708	90	90	6794987
826	459	720	90	90	6794994
825	454	724	90	90	6795000
823	449	728	90	90	6795006
822	443	733	90	90	6795012
821	438	733	90	90	6795019
821	432	737	90	90	6795025
821	426	737	90	90	6795031
821	421	737	90	90	6795037
822	415	737	90	90	6795044
822	410	741	90	90	6795050
823	405	741	90	90	6795056
824	400	741	90	90	6795062
825	395	741	90	90	6795069
826	391	741	90	90	6795075
827	387	741	90	90	6795081
828	384	741	90	90	6795087
828	381	741	90	90	6795094
827	378	741	90	90	6795100
827	375	741	90	90	6795106
825	372	741	90	90	6795112
823	370	741	90	90	6795119
820	368	741	90	90	6795125
816	367	737	90	90	6795131
812	365	733	90	90	6795137
807	364	733	90	90	6795144
801	363	728	90	90	6795150
794	363	724	90	90	6795156
786	362	720	90	90	6795162
778	362	720	90	90	6795169
768	362	712	90	90	6795175
758	362	712	90	90	6795181
747	362	712	90	90	6795187
735	362	712	90	90	6795194
723	362	720	90	90	6795200
710	362	720	90	90	6795206
697	362	720	90	90	6795212
684	361	724	90	90	6795219
671	361	724	90	90	6795225
658	360	724	90	90	6795231
646	359	728	90	90	6795237
633	357	728	90	90	6795244
621	356	728	90	90	6795250
610	355	724	90	90	6795256
599	353	724	90	90	6795262
588	352	724	90	90	6795269
578	351	724	90	90	6795275
569	349	724	90	90	6795281
561	348	724	90	90	6795287
553	347	724	90	90	6795294
546	346	724	90	90	6795300
540	346	724	90	90	6795306
536	345	724	90	90	6795312
532	345	724	90	90	6795319
529	345	724	90	90	6795325
527	344	720	90	90	6795331
525	344	670	90	90	6795350
526	344	491	90	90	6795356
528	344	354	90	90	6795362
531	344	213	90	90	6795369
533	345	34	90	90	6795381
75
627	358	72	90	90	6795519
624	354	181	90	90	6795525
621	352	298	90	90	6795531
618	349	414	90	90	6795537
614	347	455	90	90	6795544
610	344	499	90	90	6795550
605	340	531	90	90	6795556
601	337	559	90	90	6795562
596	333	588	90	90	6795569
591	329	616	90	90	6795575
586	325	636	90	90	6795581
581	321	648	90	90	6795587
576	317	656	90	90	6795594
572	314	660	90	90	6795600
568	310	664	90	90	6795606
565	307	668	90	90	6795612
562	304	668	90	90	6795619
560	301	668	90	90	6795625
558	299	668	90	90	6795631
556	296	668	90	90	6795637
556	295	668	90	90	6795644
555	294	668	90	90	6795650
556	293	668	90	90	6795656
557	292	668	90	90	6795662
558	292	672	90	90	6795669
560	291	676	90	90	6795675
563	291	680	90	90	6795681
567	291	684	90	90	6795687
571	291	688	90	90	6795694
575	291	692	90	90	6795700
581	291	696	90	90	6795706
586	291	700	90	90	6795712
592	291	704	90	90	6795719
599	291	704	90	90	6795725
606	291	708	90	90	6795731
612	291	708	90	90	6795737
619	291	712	90	90	6795744
626	291	712	90	90	6795750
633	291	712	90	90	6795756
639	290	720	90	90	6795762
645	290	720	90	90	6795769
650	289	720	90	90	6795775
654	289	720	90	90	6795781
659	289	724	90	90	6795787
662	289	724	90	90	6795794
665	289	724	90	90	6795800
667	290	724	90	90	6795806
669	290	724	90	90	6795812
670	291	724	90	90	6795819
671	292	728	90	90	6795825
671	294	728	90	90	6795831
671	296	728	90	90	6795837
670	298	728	90	90	6795844
669	301	733	90	90	6795850
667	304	733	90	90	6795856
665	307	733	90	90	6795862
662	311	733	90	90	6795869
659	316	737	90	90	6795875
656	320	737	90	90	6795881
652	325	737	90	90	6795887
649	330	737	90	90	6795894
645	335	741	90	90	6795900
641	340	745	90	90	6795906
638	345	749	90	90	6795912
634	350	753	90	90	6795919
631	354	761	90	90	6795925
629	358	761	90	90	6795931
627	362	761	90	90	6795937
626	365	753	90	90	6795944
626	367	728	90	90	6795950
626	369	656	90	90	6795956
626	370	531	90	90	6795962
627	371	386	90	90	6795969
629	372	245	90	90	6795975
631	373	44	90	90	6795987
68
764	367	12	90	90	6796150
767	364	140	90	90	6796156
767	362	261	90	90	6796162
766	359	386	90	90	6796169
765	357	511	90	90	6796175
763	354	555	90	90	6796181
761	351	588	90	90	6796187
759	348	608	90	90	6796194
756	345	624	90	90	6796200
753	341	632	90	90	6796206
750	338	636	90	90	6796212
747	334	640	90	90	6796219
744	330	644	90	90	6796225
741	327	644	90	90	6796231
738	324	644	90	90	6796237
735	320	648	90	90	6796244
732	317	648	90	90	6796250
729	315	648	90	90	6796256
727	312	648	90	90	6796262
724	309	648	90	90	6796269
722	307	648	90	90	6796275
721	305	648	90	90	6796281
720	303	648	90	90	6796287
720	302	648	90	90	6796294
720	301	648	90	90	6796300
721	300	652	90	90	6796306
722	299	656	90	90	6796312
725	298	660	90	90	6796319
728	298	664	90	90	6796325
731	298	668	90	90	6796331
735	298	676	90	90	6796337
740	299	680	90	90	6796344
745	299	688	90	90	6796350
751	299	692	90	90	6796356
758	300	692	90	90	6796362
764	300	696	90	90	6796369
771	300	700	90	90	6796375
778	300	700	90	90	6796381
785	300	700	90	90	6796387
791	300	700	90	90	6796394
797	300	700	90	90	6796400
803	299	700	90	90	6796406
808	299	700	90	90	6796412
812	299	700	90	90	6796419
816	299	704	90	90	6796425
819	300	704	90	90	6796431
821	300	708	90	90	6796437
823	301	720	90	90	6796444
824	302	724	90	90	6796450
824	303	733	90	90	6796456
823	305	741	90	90	6796462
822	307	749	90	90	6796469
821	309	757	90	90	6796475
819	311	761	90	90	6796481
816	314	765	90	90	6796487
813	317	769	90	90	6796494
810	320	769	90	90	6796500
806	324	773	90	90	6796506
802	328	773	90	90	6796512
798	332	773	90	90	6796519
794	336	769	90	90	6796525
790	340	761	90	90	6796531
785	344	737	90	90	6796537
781	348	640	90	90	6796544
776	352	511	90	90	6796550
771	355	362	90	90	6796556
765	359	209	90	90	6796562
758	363	26	90	90	6796575
5
1
547	506	0	90	90	6867662
38
489	480	56	90	90	6867781
486	480	144	90	90	6867787
485	481	263	90	90	6867800
484	481	332	90	90	6867812
484	480	354	90	90	6867818
484	479	366	90	90	6867825
485	477	378	90	90	6867831
485	475	390	90	90	6867837
486	473	414	90	90	6867843
487	470	430	90	90	6867850
487	467	455	90	90	6867856
488	463	475	90	90	6867862
489	458	511	90	90	6867868
489	452	535	90	90	6867875
490	447	559	90	90	6867881
490	440	588	90	90	6867887
490	433	608	90	90	6867893
490	426	632	90	90	6867900
490	418	652	90	90	6867906
490	410	672	90	90	6867912
490	402	692	90	90	6867918
490	395	712	90	90	6867925
490	387	733	90	90	6867931
490	379	745	90	90	6867937
490	372	753	90	90	6867943
490	366	761	90	90	6867950
490	360	769	90	90	6867956
491	354	773	90	90	6867962
492	350	777	90	90	6867968
492	346	773	90	90	6867975
493	343	769	90	90	6867981
494	340	761	90	90	6867987
495	339	745	90	90	6867993
495	338	680	90	90	6868006
496	338	539	90	90	6868012
497	339	394	90	90	6868018
497	341	257	90	90	6868025
497	344	56	90	90	6868037
116
485	476	64	90	90	6868181
485	480	169	90	90	6868187
485	481	277	90	90	6868193
486	482	374	90	90	6868200
487	483	394	90	90	6868206
489	483	418	90	90	6868212
492	483	439	90	90	6868218
495	483	455	90	90	6868225
500	483	467	90	90	6868231
505	483	491	90	90	6868237
511	483	519	90	90	6868243
518	484	539	90	90	6868250
526	484	559	90	90	6868256
536	486	583	90	90	6868262
546	487	604	90	90	6868268
557	488	628	90	90	6868275
569	490	648	90	90	6868281
581	492	664	90	90	6868287
595	493	676	90	90	6868293
608	495	688	90	90	6868300
622	496	696	90	90	6868306
637	497	700	90	90	6868312
651	497	704	90	90	6868318
666	498	708	90	90	6868325
680	498	712	90	90	6868331
695	498	712	90	90	6868337
709	499	712	90	90	6868343
723	499	712	90	90	6868350
736	499	712	90	90	6868356
749	499	712	90	90	6868362
762	500	712	90	90	6868368
774	500	712	90	90	6868375
785	500	712	90	90	6868381
795	500	712	90	90	6868387
805	500	720	90	90	6868393
814	500	720	90	90	6868400
821	500	720	90	90	6868406
828	500	720	90	90	6868412
834	499	720	90	90	6868418
839	499	720	90	90	6868425
843	498	720	90	90	6868431
847	497	720	90	90	6868437
849	496	712	90	90	6868443
852	494	712	90	90	6868450
853	492	712	90	90	6868456
855	490	712	90	90	6868462
855	488	712	90	90	6868468
856	485	712	90	90	6868475
855	482	720	90	90	6868481
855	479	724	90	90	6868487
854	476	733	90	90	6868493
853	473	737	90	90	6868500
851	469	745	90	90	6868506
850	465	749	90	90	6868512
849	461	753	90	90	6868518
848	456	761	90	90	6868525
847	451	761	90	90	6868531
846	446	765	90	90	6868537
845	441	765	90	90	6868543
845	436	769	90	90	6868550
845	431	773	90	90	6868556
845	426	773	90	90	6868562
845	421	777	90	90	6868568
845	416	777	90	90	6868575
846	411	777	90	90	6868581
846	407	781	90	90	6868587
846	402	781	90	90	6868593
846	398	781	90	90	6868600
845	394	781	90	90	6868606
844	391	781	90	90	6868612
843	387	777	90	90	6868618
842	384	777	90	90	6868625
840	382	773	90	90	6868631
837	379	773	90	90	6868637
834	377	769	90	90	6868643
830	375	769	90	90	6868650
825	373	765	90	90	6868656
820	372	765	90	90	6868662
813	371	765	90	90	6868668
806	370	765	90	90	6868675
798	369	765	90	90	6868681
789	368	765	90	90	6868687
780	368	765	90	90	6868693
770	367	765	90	90	6868700
758	366	761	90	90	6868706
747	366	761	90	90	6868712
735	365	761	90	90	6868718
722	364	761	90	90	6868725
709	363	757	90	90	6868731
695	362	757	90	90	6868737
681	361	757	90	90	6868743
667	359	757	90	90	6868750
653	358	753	90	90	6868756
638	356	753	90	90	6868762
623	355	753	90	90	6868768
609	353	753	90	90	6868775
595	352	753	90	90	6868781
581	350	753	90	90	6868787
568	349	757	90	90	6868793
556	347	757	90	90	6868800
544	346	761	90	90	6868806
534	344	765	90	90	6868812
525	343	769	90	90	6868818
516	342	773	90	90	6868825
509	340	773	90	90	6868831
503	339	773	90	90	6868837
497	338	777	90	90	6868843
493	337	773	90	90	6868850
489	336	765	90	90	6868856
487	335	753	90	90	6868862
485	335	712	90	90	6868875
485	333	632	90	90	6868881
486	333	527	90	90	6868887
488	333	390	90	90	6868893
490	333	253	90	90	6868900
493	333	60	90	90	6868912
84
559	351	80	90	90	6869006
563	351	173	90	90	6869012
564	351	293	90	90	6869025
564	350	366	90	90	6869031
564	348	402	90	90	6869037
563	347	443	90	90	6869043
562	345	475	90	90	6869050
560	343	519	90	90	6869056
558	340	551	90	90	6869062
556	337	575	90	90	6869068
554	333	604	90	90	6869075
551	329	624	90	90	6869081
548	325	640	90	90	6869087
544	321	648	90	90	6869093
541	316	660	90	90	6869100
537	312	664	90	90	6869106
533	307	672	90	90	6869112
529	303	680	90	90	6869118
525	299	684	90	90	6869125
521	296	688	90	90	6869131
518	292	692	90	90	6869137
515	289	696	90	90	6869143
513	286	696	90	90	6869150
510	284	700	90	90	6869156
509	283	704	90	90	6869162
508	282	704	90	90	6869168
507	281	704	90	90	6869181
507	280	708	90	90	6869193
509	280	708	90	90	6869200
511	280	712	90	90	6869206
513	281	712	90	90	6869212
516	281	720	90	90	6869218
519	281	720	90	90	6869225
523	282	720	90	90	6869231
527	282	720	90	90	6869237
532	283	724	90	90	6869243
537	283	724	90	90	6869250
543	283	724	90	90	6869256
548	284	724	90	90	6869262
554	284	724	90	90	6869268
560	284	724	90	90	6869275
566	284	724	90	90	6869281
572	283	724	90	90	6869287
578	283	724	90	90	6869293
584	283	724	90	90	6869300
589	282	724	90	90	6869306
594	282	724	90	90	6869312
599	281	724	90	90	6869318
603	281	724	90	90	6869325
606	281	724	90	90	6869331
609	281	724	90	90	6869337
611	280	724	90	90	6869343
613	280	728	90	90	6869350
614	280	730	90	90	6869362
615	281	735	90	90	6869375
614	283	737	90	90	6869381
613	284	741	90	90	6869387
612	285	741	90	90	6869393
610	287	741	90	90	6869400
608	289	741	90	90	6869406
605	291	737	90	90	6869412
602	294	737	90	90	6869418
599	297	733	90	90	6869425
596	301	728	90	90	6869431
593	305	724	90	90	6869437
589	310	720	90	90	6869443
586	315	720	90	90	6869450
583	320	712	90	90	6869456
580	325	712	90	90	6869462
578	329	712	90	90	6869468
575	333	708	90	90	6869475
573	337	708	90	90	6869481
571	340	708	90	90	6869487
570	343	708	90	90	6869493
568	346	704	90	90	6869500
566	348	700	90	90	6869506
565	350	700	90	90	6869512
564	351	696	90	90	6869518
562	352	692	90	90	6869525
561	353	674	90	90	6869537
560	354	548	90	90	6869556
561	354	322	90	90	6869562
563	353	189	90	90	6869568
564	352	26	90	90	6869581
75
779	364	120	90	90	6869800
776	362	249	90	90	6869806
773	360	370	90	90	6869812
771	358	487	90	90	6869818
768	355	543	90	90	6869825
764	352	571	90	90	6869831
761	348	596	90	90	6869837
757	343	608	90	90	6869843
753	339	624	90	90	6869850
749	334	636	90	90	6869856
744	329	652	90	90	6869862
739	325	668	90	90	6869868
734	320	684	90	90	6869875
728	315	696	90	90	6869881
723	311	712	90	90	6869887
719	307	728	90	90	6869893
714	303	737	90	90	6869900
710	300	749	90	90	6869906
707	297	757	90	90	6869912
704	295	761	90	90	6869918
703	293	765	90	90	6869925
701	292	769	90	90	6869931
701	291	773	90	90	6869937
701	290	779	90	90	6869950
702	289	781	90	90	6869956
704	288	785	90	90	6869962
706	288	785	90	90	6869968
708	288	789	90	90	6869975
711	288	789	90	90	6869981
715	289	789	90	90	6869987
719	289	789	90	90	6869993
725	290	789	90	90	6870000
730	290	789	90	90	6870006
737	291	789	90	90	6870012
744	291	785	90	90	6870018
751	291	785	90	90	6870025
759	292	785	90	90	6870031
767	292	789	90	90	6870037
775	291	789	90	90	6870043
783	291	793	90	90	6870050
790	291	797	90	90	6870056
797	290	797	90	90	6870062
803	290	801	90	90	6870068
808	290	805	90	90	6870075
813	289	809	90	90	6870081
817	289	809	90	90	6870087
820	289	813	90	90	6870093
822	289	813	90	90	6870100
824	290	813	90	90	6870106
825	290	813	90	90	6870118
825	291	813	90	90	6870125
824	293	813	90	90	6870131
823	294	813	90	90	6870137
821	296	809	90	90	6870143
819	299	809	90	90	6870150
816	302	805	90	90	6870156
812	305	801	90	90	6870162
809	309	801	90	90	6870168
805	313	797	90	90	6870175
801	318	793	90	90	6870181
797	323	793	90	90	6870187
794	327	789	90	90	6870193
790	331	789	90	90	6870200
787	336	785	90	90	6870206
784	340	785	90	90	6870212
781	344	781	90	90	6870218
778	348	777	90	90	6870225
776	351	765	90	90	6870231
773	354	749	90	90	6870237
771	357	712	90	90	6870243
769	360	648	90	90	6870250
766	363	523	90	90	6870256
762	365	382	90	90	6870262
759	367	241	90	90	6870268
754	369	46	90	90	6870281
5
1
314	421	0	90	90	6945780
33
496	506	72	90	90	6946334
495	504	189	90	90	6946340
495	503	302	90	90	6946347
494	501	418	90	90	6946353
494	499	463	90	90	6946359
494	495	511	90	90	6946365
494	491	547	90	90	6946372
494	486	588	90	90	6946378
494	480	616	90	90	6946384
494	474	644	90	90	6946390
494	467	668	90	90	6946397
494	459	692	90	90	6946403
494	451	724	90	90	6946409
494	443	745	90	90	6946415
495	435	769	90	90	6946422
495	426	789	90	90	6946428
495	417	809	90	90	6946434
495	408	825	90	90	6946440
495	399	837	90	90	6946447
495	391	849	90	90	6946453
496	383	853	90	90	6946459
496	375	857	90	90	6946465
496	368	861	90	90	6946472
496	362	857	90	90	6946478
497	357	857	90	90	6946484
497	352	857	90	90	6946490
498	348	853	90	90	6946497
498	344	845	90	90	6946503
498	342	829	90	90	6946509
498	340	809	90	90	6946515
498	338	593	90	90	6946540
497	341	233	90	90	6946547
497	344	36	90	90	6946559
131
491	502	28	90	90	6946722
491	504	149	90	90	6946728
492	505	265	90	90	6946734
493	506	378	90	90	6946740
495	507	479	90	90	6946747
498	507	499	90	90	6946753
501	507	515	90	90	6946759
506	507	523	90	90	6946765
511	507	527	90	90	6946772
517	507	531	90	90	6946778
524	507	535	90	90	6946784
532	507	539	90	90	6946790
540	507	543	90	90	6946797
549	507	543	90	90	6946803
559	508	547	90	90	6946809
569	509	547	90	90	6946815
580	510	555	90	90	6946822
591	511	563	90	90	6946828
603	512	575	90	90	6946834
615	513	596	90	90	6946840
627	515	612	90	90	6946847
640	516	628	90	90	6946853
653	518	648	90	90	6946859
667	519	668	90	90	6946865
680	521	680	90	90	6946872
694	522	696	90	90	6946878
708	523	704	90	90	6946884
722	525	708	90	90	6946890
736	526	712	90	90	6946897
749	528	720	90	90	6946903
763	529	724	90	90	6946909
776	530	728	90	90	6946915
789	531	733	90	90	6946922
802	532	737	90	90	6946928
813	533	741	90	90	6946934
825	534	741	90	90	6946940
835	535	749	90	90	6946947
844	535	749	90	90	6946953
853	536	753	90	90	6946959
861	536	753	90	90	6946965
868	536	753	90	90	6946972
875	536	757	90	90	6946978
880	536	757	90	90	6946984
884	536	761	90	90	6946990
888	537	761	90	90	6946997
891	537	761	90	90	6947003
893	537	765	90	90	6947009
895	536	769	90	90	6947015
896	536	775	90	90	6947028
897	535	781	90	90	6947034
897	534	789	90	90	6947040
896	532	793	90	90	6947047
896	531	797	90	90	6947053
895	529	801	90	90	6947059
894	527	805	90	90	6947065
894	524	809	90	90	6947072
892	520	809	90	90	6947078
891	517	813	90	90	6947084
890	513	813	90	90	6947090
889	508	813	90	90	6947097
888	503	817	90	90	6947103
887	498	821	90	90	6947109
886	492	825	90	90	6947115
885	486	829	90	90	6947122
884	480	833	90	90	6947128
884	474	837	90	90	6947134
884	468	841	90	90	6947140
884	462	841	90	90	6947147
884	456	845	90	90	6947153
884	450	845	90	90	6947159
885	444	845	90	90	6947165
886	439	849	90	90	6947172
886	434	853	90	90	6947178
887	429	853	90	90	6947184
888	424	853	90	90	6947190
889	420	853	90	90	6947197
890	416	857	90	90	6947203
891	412	857	90	90	6947209
891	409	857	90	90	6947215
891	406	857	90	90	6947222
891	403	857	90	90	6947228
891	400	857	90	90	6947234
890	398	857	90	90	6947240
889	396	857	90	90	6947247
887	394	853	90	90	6947253
884	393	853	90	90	6947259
881	392	849	90	90	6947265
876	391	845	90	90	6947272
871	390	841	90	90	6947278
864	389	837	90	90	6947284
857	389	833	90	90	6947290
848	388	829	90	90	6947297
839	388	825	90	90	6947303
828	388	821	90	90	6947309
817	388	821	90	90	6947315
805	387	817	90	90	6947322
792	387	817	90	90	6947328
778	387	817	90	90	6947334
764	386	813	90	90	6947340
750	385	813	90	90	6947347
735	384	813	90	90	6947353
720	383	813	90	90	6947359
705	381	813	90	90	6947365
690	379	813	90	90	6947372
675	378	813	90	90	6947378
660	376	813	90	90	6947384
645	374	813	90	90	6947390
631	372	817	90	90	6947397
617	370	817	90	90	6947403
603	368	817	90	90	6947409
590	367	817	90	90	6947415
578	365	817	90	90	6947422
566	363	821	90	90	6947428
555	361	821	90	90	6947434
544	358	821	90	90	6947440
534	356	821	90	90	6947447
526	355	821	90	90	6947453
518	353	821	90	90	6947459
511	351	825	90	90	6947465
505	349	825	90	90	6947472
500	348	821	90	90	6947478
496	347	821	90	90	6947484
493	346	817	90	90	6947490
490	345	809	90	90	6947497
489	345	783	90	90	6947509
489	343	724	90	90	6947515
490	343	612	90	90	6947522
491	343	467	90	90	6947528
494	343	326	90	90	6947534
497	344	173	90	90	6947540
500	345	14	90	90	6947553
86
603	375	84	90	90	6947715
601	374	261	90	90	6947722
600	374	382	90	90	6947728
599	373	503	90	90	6947734
597	372	539	90	90	6947740
595	370	567	90	90	6947747
593	367	596	90	90	6947753
590	364	616	90	90	6947759
588	361	632	90	90	6947765
585	357	648	90	90	6947772
582	353	660	90	90	6947778
579	348	664	90	90	6947784
576	343	672	90	90	6947790
572	338	676	90	90	6947797
569	333	684	90	90	6947803
565	329	696	90	90	6947809
562	324	704	90	90	6947815
558	320	720	90	90	6947822
555	315	728	90	90	6947828
551	311	741	90	90	6947834
548	307	749	90	90	6947840
545	304	761	90	90	6947847
542	300	765	90	90	6947853
540	298	769	90	90	6947859
538	295	773	90	90	6947865
536	293	777	90	90	6947872
535	292	781	90	90	6947878
534	291	783	90	90	6947890
534	290	789	90	90	6947903
535	289	793	90	90	6947909
537	290	793	90	90	6947915
539	290	789	90	90	6947922
541	290	789	90	90	6947928
544	291	789	90	90	6947934
548	291	789	90	90	6947940
552	292	785	90	90	6947947
557	292	785	90	90	6947953
562	293	785	90	90	6947959
567	293	789	90	90	6947965
573	294	789	90	90	6947972
580	294	789	90	90	6947978
586	294	793	90	90	6947984
593	294	793	90	90	6947990
600	294	793	90	90	6947997
607	294	793	90	90	6948003
613	294	797	90	90	6948009
619	294	797	90	90	6948015
625	294	797	90	90	6948022
631	293	797	90	90	6948028
636	293	797	90	90	6948034
641	293	797	90	90	6948040
644	293	797	90	90	6948047
647	294	801	90	90	6948053
650	294	801	90	90	6948059
652	294	805	90	90	6948065
653	295	809	90	90	6948072
653	296	817	90	90	6948078
653	297	821	90	90	6948084
652	299	825	90	90	6948090
650	301	833	90	90	6948097
649	303	837	90	90	6948103
646	306	841	90	90	6948109
644	309	845	90	90	6948115
641	313	845	90	90	6948122
638	316	849	90	90	6948128
635	321	849	90	90	6948134
632	325	849	90	90	6948140
629	329	849	90	90	6948147
625	334	849	90	90	6948153
622	339	849	90	90	6948159
619	344	849	90	90	6948165
616	349	849	90	90	6948172
613	353	849	90	90	6948178
610	357	845	90	90	6948184
608	361	845	90	90	6948190
605	365	845	90	90	6948197
603	368	845	90	90	6948203
602	371	841	90	90	6948209
601	373	833	90	90	6948215
600	374	821	90	90	6948222
600	375	775	90	90	6948234
601	376	644	90	90	6948240
603	377	503	90	90	6948247
605	377	354	90	90	6948253
608	377	197	90	90	6948259
612	377	20	90	90	6948272
77
807	386	8	90	90	6948472
804	385	165	90	90	6948478
802	384	318	90	90	6948484
799	383	463	90	90	6948490
796	381	604	90	90	6948497
793	379	733	90	90	6948503
789	377	741	90	90	6948509
786	373	749	90	90	6948515
782	369	753	90	90	6948522
778	364	757	90	90	6948528
774	359	761	90	90	6948534
770	354	769	90	90	6948540
765	349	773	90	90	6948547
761	343	773	90	90	6948553
756	338	777	90	90	6948559
752	332	785	90	90	6948565
747	328	793	90	90	6948572
743	323	797	90	90	6948578
739	319	805	90	90	6948584
735	315	813	90	90	6948590
731	311	817	90	90	6948597
728	308	821	90	90	6948603
725	306	825	90	90	6948609
722	303	829	90	90	6948615
720	301	829	90	90	6948622
718	299	829	90	90	6948628
717	298	829	90	90	6948634
717	297	830	90	90	6948653
718	296	833	90	90	6948659
720	297	833	90	90	6948665
722	297	837	90	90	6948672
725	297	837	90	90	6948678
728	298	837	90	90	6948684
732	299	841	90	90	6948690
737	299	841	90	90	6948697
742	300	841	90	90	6948703
747	301	841	90	90	6948709
753	301	845	90	90	6948715
759	302	845	90	90	6948722
765	302	845	90	90	6948728
772	302	845	90	90	6948734
778	302	845	90	90	6948740
784	302	845	90	90	6948747
790	302	845	90	90	6948753
796	302	845	90	90	6948759
802	302	845	90	90	6948765
807	302	845	90	90	6948772
812	302	845	90	90	6948778
817	302	845	90	90	6948784
821	302	845	90	90	6948790
825	302	845	90	90	6948797
828	303	845	90	90	6948803
831	304	849	90	90	6948809
833	305	849	90	90	6948815
834	306	849	90	90	6948822
835	307	853	90	90	6948828
836	309	853	90	90	6948834
835	311	857	90	90	6948840
835	313	857	90	90	6948847
834	316	857	90	90	6948853
832	319	861	90	90	6948859
831	322	861	90	90	6948865
828	326	861	90	90	6948872
826	330	861	90	90	6948878
823	334	861	90	90	6948884
820	339	861	90	90	6948890
817	344	861	90	90	6948897
813	348	861	90	90	6948903
809	353	857	90	90	6948909
805	357	849	90	90	6948915
801	362	833	90	90	6948922
796	365	801	90	90	6948928
791	369	680	90	90	6948934
786	373	543	90	90	6948940
780	376	382	90	90	6948947
773	379	217	90	90	6948953
765	381	26	90	90	6948965
