8
1
324	420	0	90	90	1822669
23
525	504	153	90	90	1823878
524	503	285	90	90	1823884
524	502	310	90	90	1823891
524	500	350	90	90	1823897
524	498	382	90	90	1823903
524	496	406	90	90	1823909
524	492	439	90	90	1823916
524	489	459	90	90	1823922
524	484	479	90	90	1823928
524	480	499	90	90	1823934
525	474	515	90	90	1823941
525	469	523	90	90	1823947
525	464	531	90	90	1823953
525	459	539	90	90	1823959
525	454	543	90	90	1823966
526	449	547	90	90	1823972
526	445	551	90	90	1823978
526	441	555	90	90	1823984
527	438	559	90	90	1823991
527	435	563	90	90	1823997
527	433	563	90	90	1824003
527	431	551	90	90	1824009
528	430	229	90	90	1824047
105
524	501	76	90	90	1824322
525	502	173	90	90	1824334
526	502	245	90	90	1824347
528	502	285	90	90	1824353
529	502	306	90	90	1824359
531	502	326	90	90	1824366
532	502	338	90	90	1824372
535	502	346	90	90	1824378
537	502	350	90	90	1824384
540	502	354	90	90	1824391
543	502	362	90	90	1824397
547	502	370	90	90	1824403
551	502	374	90	90	1824409
555	502	382	90	90	1824416
560	502	390	90	90	1824422
564	502	402	90	90	1824428
569	502	414	90	90	1824434
574	502	418	90	90	1824441
580	502	422	90	90	1824447
585	502	426	90	90	1824453
591	502	430	90	90	1824459
596	503	439	90	90	1824466
602	503	443	90	90	1824472
608	503	451	90	90	1824478
613	503	459	90	90	1824484
619	503	463	90	90	1824491
625	504	471	90	90	1824497
630	504	475	90	90	1824503
636	504	479	90	90	1824509
641	504	487	90	90	1824516
647	504	491	90	90	1824522
652	505	499	90	90	1824528
657	505	499	90	90	1824534
663	505	503	90	90	1824541
668	505	511	90	90	1824547
673	505	511	90	90	1824553
678	505	511	90	90	1824559
683	505	515	90	90	1824566
688	505	515	90	90	1824572
693	505	515	90	90	1824578
697	505	519	90	90	1824584
701	505	519	90	90	1824591
705	505	519	90	90	1824597
709	505	519	90	90	1824603
713	505	519	90	90	1824609
717	505	519	90	90	1824616
720	505	519	90	90	1824622
724	505	519	90	90	1824628
727	505	519	90	90	1824634
730	505	519	90	90	1824641
733	505	519	90	90	1824647
736	505	523	90	90	1824653
739	505	523	90	90	1824659
742	505	523	90	90	1824666
744	505	523	90	90	1824672
747	505	523	90	90	1824678
749	505	523	90	90	1824684
752	505	523	90	90	1824691
754	506	523	90	90	1824697
757	506	523	90	90	1824703
759	506	523	90	90	1824709
761	506	523	90	90	1824716
763	506	523	90	90	1824722
765	506	523	90	90	1824728
767	506	523	90	90	1824734
769	506	523	90	90	1824741
771	506	523	90	90	1824747
773	506	519	90	90	1824753
775	506	519	90	90	1824759
776	506	519	90	90	1824766
778	506	519	90	90	1824772
779	506	519	90	90	1824778
780	506	519	90	90	1824784
781	506	519	90	90	1824797
782	506	519	90	90	1824809
783	506	519	90	90	1824828
784	505	519	90	90	1824841
784	504	525	90	90	1824853
785	502	531	90	90	1824859
785	501	535	90	90	1824866
784	500	543	90	90	1824872
784	498	551	90	90	1824878
784	495	555	90	90	1824884
783	493	563	90	90	1824891
783	489	571	90	90	1824897
782	486	575	90	90	1824903
781	483	583	90	90	1824909
781	479	588	90	90	1824916
780	475	592	90	90	1824922
780	472	596	90	90	1824928
780	468	600	90	90	1824934
779	465	608	90	90	1824941
779	462	612	90	90	1824947
779	459	620	90	90	1824953
779	456	632	90	90	1824959
778	454	640	90	90	1824966
778	452	648	90	90	1824972
779	450	660	90	90	1824978
779	448	664	90	90	1824984
779	447	656	90	90	1824991
779	445	620	90	90	1824997
779	444	503	90	90	1825003
778	442	370	90	90	1825009
777	441	233	90	90	1825016
776	439	46	90	90	1825028
72
526	429	24	90	90	1825428
527	430	72	90	90	1825434
528	430	124	90	90	1825441
529	430	165	90	90	1825447
530	430	205	90	90	1825453
532	430	241	90	90	1825459
534	430	273	90	90	1825466
536	430	302	90	90	1825472
538	430	334	90	90	1825478
541	431	362	90	90	1825484
544	431	382	90	90	1825491
547	431	394	90	90	1825497
551	431	402	90	90	1825503
555	431	414	90	90	1825509
559	432	418	90	90	1825516
564	432	422	90	90	1825522
569	432	430	90	90	1825528
574	432	439	90	90	1825534
580	433	447	90	90	1825541
585	433	459	90	90	1825547
591	434	467	90	90	1825553
597	434	479	90	90	1825559
604	435	499	90	90	1825566
610	435	511	90	90	1825572
617	436	519	90	90	1825578
623	436	527	90	90	1825584
629	437	531	90	90	1825591
636	437	535	90	90	1825597
642	438	539	90	90	1825603
648	438	543	90	90	1825609
653	438	551	90	90	1825616
658	439	559	90	90	1825622
663	439	563	90	90	1825628
668	439	571	90	90	1825634
672	439	583	90	90	1825641
677	440	592	90	90	1825647
681	440	600	90	90	1825653
685	440	604	90	90	1825659
689	440	604	90	90	1825666
692	440	608	90	90	1825672
696	440	608	90	90	1825678
699	440	612	90	90	1825684
702	440	612	90	90	1825691
705	440	616	90	90	1825697
708	440	620	90	90	1825703
711	440	620	90	90	1825709
714	440	624	90	90	1825716
717	440	628	90	90	1825722
720	440	632	90	90	1825728
724	441	632	90	90	1825734
727	441	636	90	90	1825741
730	441	636	90	90	1825747
733	440	636	90	90	1825753
736	440	636	90	90	1825759
739	440	636	90	90	1825766
742	440	636	90	90	1825772
745	440	636	90	90	1825778
748	440	636	90	90	1825784
751	440	640	90	90	1825791
755	440	640	90	90	1825797
758	440	640	90	90	1825803
761	440	644	90	90	1825809
764	440	644	90	90	1825816
767	440	644	90	90	1825822
770	441	648	90	90	1825828
773	441	648	90	90	1825834
775	441	648	90	90	1825841
777	442	636	90	90	1825847
780	442	583	90	90	1825853
781	442	459	90	90	1825859
783	442	334	90	90	1825866
784	442	83	90	90	1825884
18
573	432	24	90	90	1826253
573	430	132	90	90	1826266
572	429	209	90	90	1826272
570	428	257	90	90	1826278
569	426	306	90	90	1826284
567	425	362	90	90	1826291
565	423	406	90	90	1826297
563	421	455	90	90	1826303
560	419	491	90	90	1826309
558	416	523	90	90	1826316
555	414	535	90	90	1826322
553	411	543	90	90	1826328
550	409	543	90	90	1826334
548	406	535	90	90	1826341
547	404	515	90	90	1826347
546	402	459	90	90	1826353
545	401	291	90	90	1826366
544	400	40	90	90	1826384
45
570	429	52	90	90	1826566
571	428	211	90	90	1826578
572	426	342	90	90	1826584
572	425	390	90	90	1826591
573	423	443	90	90	1826597
574	422	471	90	90	1826603
576	420	503	90	90	1826609
577	419	531	90	90	1826616
579	417	551	90	90	1826622
580	415	567	90	90	1826628
582	413	588	90	90	1826634
583	411	604	90	90	1826641
585	409	616	90	90	1826647
586	407	628	90	90	1826653
587	405	632	90	90	1826659
588	403	640	90	90	1826666
589	401	640	90	90	1826672
590	400	644	90	90	1826678
591	399	648	90	90	1826691
592	398	659	90	90	1826728
590	397	672	90	90	1826734
589	397	676	90	90	1826741
588	396	680	90	90	1826747
587	396	684	90	90	1826753
585	396	688	90	90	1826759
583	396	692	90	90	1826766
581	396	692	90	90	1826772
578	396	692	90	90	1826778
575	396	692	90	90	1826784
572	396	692	90	90	1826791
569	396	692	90	90	1826797
565	396	692	90	90	1826803
561	396	692	90	90	1826809
557	395	692	90	90	1826816
552	395	692	90	90	1826822
549	394	688	90	90	1826828
545	394	688	90	90	1826834
542	393	688	90	90	1826841
539	393	688	90	90	1826847
537	393	688	90	90	1826853
535	393	680	90	90	1826859
534	393	642	90	90	1826872
533	393	430	90	90	1826884
534	394	225	90	90	1826891
536	395	38	90	90	1826903
21
737	434	238	90	90	1827284
736	433	422	90	90	1827291
736	432	471	90	90	1827297
735	430	527	90	90	1827303
734	428	567	90	90	1827309
732	426	608	90	90	1827316
730	424	632	90	90	1827322
728	422	652	90	90	1827328
726	420	668	90	90	1827334
724	417	680	90	90	1827341
722	415	688	90	90	1827347
720	412	692	90	90	1827353
718	410	696	90	90	1827359
716	408	700	90	90	1827366
715	406	700	90	90	1827372
714	404	696	90	90	1827378
714	403	631	90	90	1827397
715	403	426	90	90	1827403
715	404	294	90	90	1827409
717	405	153	90	90	1827416
718	406	4	90	90	1827428
47
737	436	68	90	90	1827553
739	434	177	90	90	1827559
739	433	294	90	90	1827566
740	432	378	90	90	1827572
742	430	443	90	90	1827578
743	429	491	90	90	1827584
745	427	535	90	90	1827591
747	426	567	90	90	1827597
749	424	600	90	90	1827603
751	422	624	90	90	1827609
754	420	644	90	90	1827616
756	418	660	90	90	1827622
759	417	672	90	90	1827628
761	415	680	90	90	1827634
763	413	688	90	90	1827641
764	411	692	90	90	1827647
766	409	696	90	90	1827653
767	408	700	90	90	1827659
768	407	704	90	90	1827666
768	406	716	90	90	1827678
768	405	728	90	90	1827691
767	404	737	90	90	1827697
766	404	741	90	90	1827703
765	403	745	90	90	1827709
763	403	745	90	90	1827716
761	403	749	90	90	1827722
758	403	749	90	90	1827728
755	403	749	90	90	1827734
751	403	749	90	90	1827741
748	403	749	90	90	1827747
744	403	749	90	90	1827753
740	403	745	90	90	1827759
735	403	745	90	90	1827766
731	403	745	90	90	1827772
727	402	745	90	90	1827778
723	402	741	90	90	1827784
719	402	741	90	90	1827791
716	402	741	90	90	1827797
713	401	741	90	90	1827803
710	401	741	90	90	1827809
708	401	741	90	90	1827816
706	401	741	90	90	1827822
704	401	741	90	90	1827828
703	401	733	90	90	1827834
702	401	603	90	90	1827866
704	402	253	90	90	1827872
705	402	52	90	90	1827884
5
1
323	420	0	90	90	1984619
29
527	500	36	90	90	1986406
527	501	309	90	90	1986450
527	500	503	90	90	1986456
527	499	539	90	90	1986462
526	497	567	90	90	1986468
526	495	596	90	90	1986475
526	492	612	90	90	1986481
526	490	624	90	90	1986487
526	487	636	90	90	1986493
527	483	644	90	90	1986500
527	480	652	90	90	1986506
527	476	656	90	90	1986512
528	472	664	90	90	1986518
528	467	668	90	90	1986525
528	463	668	90	90	1986531
528	459	672	90	90	1986537
528	455	676	90	90	1986543
528	451	676	90	90	1986550
529	448	676	90	90	1986556
529	444	676	90	90	1986562
529	441	676	90	90	1986568
529	439	676	90	90	1986575
529	436	676	90	90	1986581
529	434	676	90	90	1986587
530	433	676	90	90	1986593
530	431	668	90	90	1986600
530	430	656	90	90	1986606
530	429	416	90	90	1986637
529	431	16	90	90	1986650
164
521	500	40	90	90	1986887
522	501	132	90	90	1986893
524	501	189	90	90	1986900
525	501	241	90	90	1986906
526	502	289	90	90	1986912
528	502	326	90	90	1986918
530	502	366	90	90	1986925
532	502	394	90	90	1986931
534	502	422	90	90	1986937
537	502	451	90	90	1986943
540	502	471	90	90	1986950
543	502	491	90	90	1986956
547	502	515	90	90	1986962
550	502	527	90	90	1986968
554	502	535	90	90	1986975
559	503	547	90	90	1986981
563	503	555	90	90	1986987
568	503	567	90	90	1986993
572	503	583	90	90	1987000
578	503	592	90	90	1987006
583	504	604	90	90	1987012
589	504	616	90	90	1987018
594	504	628	90	90	1987025
600	504	636	90	90	1987031
606	504	644	90	90	1987037
612	504	648	90	90	1987043
618	504	652	90	90	1987050
625	504	652	90	90	1987056
631	504	652	90	90	1987062
637	504	656	90	90	1987068
644	504	660	90	90	1987075
650	504	660	90	90	1987081
657	504	664	90	90	1987087
664	504	668	90	90	1987093
670	503	672	90	90	1987100
676	503	672	90	90	1987106
683	503	676	90	90	1987112
689	503	680	90	90	1987118
695	503	680	90	90	1987125
700	503	680	90	90	1987131
706	503	680	90	90	1987137
711	503	684	90	90	1987143
716	503	684	90	90	1987150
721	502	684	90	90	1987156
725	502	684	90	90	1987162
729	502	684	90	90	1987168
733	502	684	90	90	1987175
736	502	684	90	90	1987181
739	502	684	90	90	1987187
742	502	684	90	90	1987193
744	502	684	90	90	1987200
746	502	684	90	90	1987206
748	502	684	90	90	1987212
750	502	688	90	90	1987218
751	502	688	90	90	1987225
752	502	688	90	90	1987231
753	501	688	90	90	1987237
754	501	692	90	90	1987250
755	500	694	90	90	1987262
756	498	696	90	90	1987268
756	497	700	90	90	1987275
755	496	700	90	90	1987281
755	494	704	90	90	1987287
755	493	708	90	90	1987293
755	491	712	90	90	1987300
754	489	712	90	90	1987306
754	486	720	90	90	1987312
754	484	724	90	90	1987318
753	481	724	90	90	1987325
753	479	728	90	90	1987331
752	476	728	90	90	1987337
752	473	728	90	90	1987343
752	469	733	90	90	1987350
752	466	733	90	90	1987356
751	462	733	90	90	1987362
751	459	737	90	90	1987368
751	456	741	90	90	1987375
751	452	741	90	90	1987381
751	449	745	90	90	1987387
751	447	749	90	90	1987393
751	444	753	90	90	1987400
751	442	757	90	90	1987406
751	439	761	90	90	1987412
751	437	765	90	90	1987418
750	435	769	90	90	1987425
750	433	769	90	90	1987431
750	432	773	90	90	1987437
749	430	773	90	90	1987443
749	429	773	90	90	1987450
749	428	777	90	90	1987462
749	427	783	90	90	1987487
748	426	789	90	90	1987500
747	426	791	90	90	1987512
745	426	793	90	90	1987518
744	426	793	90	90	1987525
743	426	793	90	90	1987531
741	426	793	90	90	1987537
739	426	793	90	90	1987543
737	426	793	90	90	1987550
734	426	793	90	90	1987556
731	426	793	90	90	1987562
728	426	793	90	90	1987568
724	426	793	90	90	1987575
720	426	793	90	90	1987581
716	426	793	90	90	1987587
711	425	793	90	90	1987593
707	425	793	90	90	1987600
702	425	793	90	90	1987606
697	424	797	90	90	1987612
691	424	797	90	90	1987618
686	424	797	90	90	1987625
680	423	797	90	90	1987631
675	423	797	90	90	1987637
669	423	801	90	90	1987643
663	422	801	90	90	1987650
657	422	801	90	90	1987656
651	422	801	90	90	1987662
645	421	801	90	90	1987668
640	421	805	90	90	1987675
634	420	801	90	90	1987681
628	420	801	90	90	1987687
622	420	801	90	90	1987693
617	419	801	90	90	1987700
612	419	801	90	90	1987706
606	419	801	90	90	1987712
601	419	801	90	90	1987718
596	419	801	90	90	1987725
591	419	801	90	90	1987731
586	419	801	90	90	1987737
581	418	801	90	90	1987743
576	418	797	90	90	1987750
571	418	797	90	90	1987756
567	418	797	90	90	1987762
563	418	797	90	90	1987768
559	418	797	90	90	1987775
555	418	797	90	90	1987781
551	418	797	90	90	1987787
547	418	797	90	90	1987793
544	418	797	90	90	1987800
541	418	797	90	90	1987806
538	418	797	90	90	1987812
535	418	797	90	90	1987818
533	418	797	90	90	1987825
530	418	797	90	90	1987831
528	418	797	90	90	1987837
527	418	797	90	90	1987843
525	418	797	90	90	1987850
524	418	797	90	90	1987856
523	418	797	90	90	1987868
522	418	797	90	90	1987906
522	419	797	90	90	1987937
523	420	797	90	90	1987975
523	421	799	90	90	1987993
524	422	797	90	90	1988006
524	423	795	90	90	1988018
524	425	793	90	90	1988031
524	427	789	90	90	1988037
524	428	781	90	90	1988043
524	429	769	90	90	1988050
524	430	733	90	90	1988056
524	431	600	90	90	1988062
524	433	451	90	90	1988068
523	435	298	90	90	1988075
523	437	72	90	90	1988087
88
571	416	70	90	90	1988637
571	415	199	90	90	1988650
569	414	285	90	90	1988656
568	413	342	90	90	1988662
567	411	390	90	90	1988668
566	410	439	90	90	1988675
565	408	475	90	90	1988681
563	406	519	90	90	1988687
561	405	551	90	90	1988693
560	402	575	90	90	1988700
558	400	600	90	90	1988706
556	398	616	90	90	1988712
554	396	632	90	90	1988718
553	393	640	90	90	1988725
551	391	648	90	90	1988731
550	389	656	90	90	1988737
549	386	660	90	90	1988743
547	384	664	90	90	1988750
546	382	668	90	90	1988756
545	380	672	90	90	1988762
544	378	672	90	90	1988768
542	376	676	90	90	1988775
541	375	680	90	90	1988781
540	373	684	90	90	1988787
539	372	688	90	90	1988793
538	371	692	90	90	1988800
537	370	696	90	90	1988806
536	370	704	90	90	1988818
534	369	710	90	90	1988831
534	368	720	90	90	1988850
533	367	720	90	90	1988881
534	367	720	90	90	1988893
536	367	720	90	90	1988900
537	367	720	90	90	1988906
539	367	720	90	90	1988912
541	367	720	90	90	1988918
543	368	720	90	90	1988925
545	368	720	90	90	1988931
548	368	724	90	90	1988937
551	368	724	90	90	1988943
555	368	728	90	90	1988950
558	369	733	90	90	1988956
562	369	737	90	90	1988962
567	369	741	90	90	1988968
571	370	741	90	90	1988975
575	370	745	90	90	1988981
580	370	749	90	90	1988987
584	370	749	90	90	1988993
588	371	749	90	90	1989000
591	371	749	90	90	1989006
595	371	749	90	90	1989012
598	371	753	90	90	1989018
600	371	753	90	90	1989025
602	371	757	90	90	1989031
604	371	757	90	90	1989037
606	371	761	90	90	1989043
607	371	763	90	90	1989056
608	372	772	90	90	1989087
607	373	781	90	90	1989100
607	374	783	90	90	1989112
606	376	785	90	90	1989118
605	377	785	90	90	1989125
605	378	789	90	90	1989131
604	380	789	90	90	1989137
603	382	793	90	90	1989143
602	384	793	90	90	1989150
601	387	793	90	90	1989156
600	389	793	90	90	1989162
598	392	793	90	90	1989168
596	394	793	90	90	1989175
594	397	789	90	90	1989181
592	399	789	90	90	1989187
590	402	789	90	90	1989193
588	405	789	90	90	1989200
586	407	789	90	90	1989206
584	409	789	90	90	1989212
582	412	789	90	90	1989218
580	414	789	90	90	1989225
579	415	789	90	90	1989231
577	417	793	90	90	1989237
576	418	793	90	90	1989243
575	420	793	90	90	1989250
575	421	793	90	90	1989262
574	422	791	90	90	1989275
573	423	746	90	90	1989300
574	423	466	90	90	1989312
575	422	245	90	90	1989318
576	422	38	90	90	1989331
92
705	423	36	90	90	1989781
706	423	282	90	90	1989806
705	422	455	90	90	1989818
704	421	503	90	90	1989825
703	419	531	90	90	1989831
702	418	555	90	90	1989837
701	416	575	90	90	1989843
700	413	596	90	90	1989850
698	411	608	90	90	1989856
697	408	620	90	90	1989862
695	406	624	90	90	1989868
693	403	632	90	90	1989875
692	400	636	90	90	1989881
690	398	640	90	90	1989887
689	395	644	90	90	1989893
687	393	648	90	90	1989900
686	391	652	90	90	1989906
685	389	656	90	90	1989912
684	387	660	90	90	1989918
682	385	664	90	90	1989925
681	383	668	90	90	1989931
680	382	672	90	90	1989937
679	380	680	90	90	1989943
678	378	684	90	90	1989950
678	377	688	90	90	1989956
677	376	692	90	90	1989962
676	375	692	90	90	1989968
675	374	694	90	90	1989981
674	373	696	90	90	1990000
673	372	698	90	90	1990056
674	372	696	90	90	1990068
676	372	696	90	90	1990075
677	372	696	90	90	1990081
678	372	696	90	90	1990087
680	373	696	90	90	1990093
681	373	696	90	90	1990100
683	373	696	90	90	1990106
685	373	700	90	90	1990112
687	373	700	90	90	1990118
690	373	700	90	90	1990125
693	374	700	90	90	1990131
696	374	704	90	90	1990137
699	374	704	90	90	1990143
702	374	708	90	90	1990150
706	375	712	90	90	1990156
709	375	712	90	90	1990162
713	375	720	90	90	1990168
716	375	720	90	90	1990175
720	376	724	90	90	1990181
723	376	724	90	90	1990187
726	376	724	90	90	1990193
729	376	728	90	90	1990200
731	376	728	90	90	1990206
734	376	728	90	90	1990212
736	376	728	90	90	1990218
737	376	728	90	90	1990225
739	376	728	90	90	1990231
740	376	733	90	90	1990237
741	376	739	90	90	1990250
742	377	754	90	90	1990281
742	378	771	90	90	1990293
742	379	775	90	90	1990306
741	380	777	90	90	1990312
741	381	781	90	90	1990318
741	382	781	90	90	1990325
740	383	781	90	90	1990331
739	384	781	90	90	1990337
738	386	785	90	90	1990343
737	388	785	90	90	1990350
736	389	781	90	90	1990356
735	391	781	90	90	1990362
733	393	781	90	90	1990368
732	395	781	90	90	1990375
731	397	777	90	90	1990381
729	399	777	90	90	1990387
728	401	777	90	90	1990393
726	402	777	90	90	1990400
724	404	777	90	90	1990406
723	406	777	90	90	1990412
721	408	777	90	90	1990418
720	410	777	90	90	1990425
718	412	781	90	90	1990431
717	414	781	90	90	1990437
716	415	781	90	90	1990443
715	417	781	90	90	1990450
715	419	781	90	90	1990456
714	420	777	90	90	1990462
713	421	777	90	90	1990468
713	422	777	90	90	1990475
712	423	775	90	90	1990487
711	425	773	90	90	1990506
711	426	606	90	90	1990600
8
1
323	425	0	90	90	2115924
33
517	481	40	90	90	2117571
517	480	88	90	90	2117578
517	479	154	90	90	2117590
517	477	213	90	90	2117596
517	476	249	90	90	2117603
517	475	273	90	90	2117609
518	473	289	90	90	2117615
518	472	302	90	90	2117621
518	470	318	90	90	2117628
518	467	334	90	90	2117634
518	464	350	90	90	2117640
518	462	366	90	90	2117646
518	459	378	90	90	2117653
519	456	390	90	90	2117659
519	453	402	90	90	2117665
519	450	414	90	90	2117671
519	447	422	90	90	2117678
519	444	426	90	90	2117684
520	441	430	90	90	2117690
520	439	439	90	90	2117696
520	436	443	90	90	2117703
520	433	447	90	90	2117709
521	431	455	90	90	2117715
521	429	459	90	90	2117721
521	428	467	90	90	2117728
521	426	471	90	90	2117734
521	425	479	90	90	2117740
521	424	487	90	90	2117746
521	423	491	90	90	2117753
521	422	501	90	90	2117765
521	420	511	90	90	2117778
521	419	374	90	90	2117821
522	420	0	90	90	2117834
122
514	477	40	90	90	2118071
515	478	168	90	90	2118096
516	479	309	90	90	2118115
517	479	370	90	90	2118128
519	479	386	90	90	2118134
520	479	398	90	90	2118140
521	479	406	90	90	2118146
522	479	418	90	90	2118153
524	480	426	90	90	2118159
526	480	439	90	90	2118165
528	480	447	90	90	2118171
531	480	455	90	90	2118178
534	481	463	90	90	2118184
537	481	471	90	90	2118190
540	481	479	90	90	2118196
543	482	487	90	90	2118203
546	482	491	90	90	2118209
549	482	499	90	90	2118215
553	482	503	90	90	2118221
556	483	511	90	90	2118228
560	483	511	90	90	2118234
564	483	515	90	90	2118240
568	484	519	90	90	2118246
572	484	523	90	90	2118253
576	485	527	90	90	2118259
581	485	527	90	90	2118265
585	486	531	90	90	2118271
590	486	535	90	90	2118278
594	486	539	90	90	2118284
598	487	543	90	90	2118290
603	487	547	90	90	2118296
607	487	547	90	90	2118303
612	487	551	90	90	2118309
616	487	551	90	90	2118315
620	487	555	90	90	2118321
625	487	555	90	90	2118328
629	487	555	90	90	2118334
634	487	559	90	90	2118340
638	487	559	90	90	2118346
642	488	559	90	90	2118353
645	488	559	90	90	2118359
649	488	559	90	90	2118365
652	488	559	90	90	2118371
656	488	559	90	90	2118378
659	488	563	90	90	2118384
662	489	563	90	90	2118390
665	489	563	90	90	2118396
668	489	563	90	90	2118403
671	489	563	90	90	2118409
674	489	563	90	90	2118415
677	489	563	90	90	2118421
680	489	563	90	90	2118428
683	489	567	90	90	2118434
685	489	567	90	90	2118440
688	489	567	90	90	2118446
690	489	571	90	90	2118453
692	489	571	90	90	2118459
694	489	575	90	90	2118465
696	489	583	90	90	2118471
699	489	583	90	90	2118478
701	490	588	90	90	2118484
703	490	592	90	90	2118490
705	490	592	90	90	2118496
707	490	592	90	90	2118503
709	490	596	90	90	2118509
710	490	596	90	90	2118515
712	490	596	90	90	2118521
713	490	600	90	90	2118528
714	491	600	90	90	2118534
715	491	600	90	90	2118540
716	491	600	90	90	2118546
717	491	604	90	90	2118553
719	491	604	90	90	2118565
720	491	604	90	90	2118571
721	491	604	90	90	2118584
722	491	604	90	90	2118603
723	490	606	90	90	2118621
724	489	608	90	90	2118634
723	488	608	90	90	2118640
723	487	608	90	90	2118646
723	486	608	90	90	2118653
723	484	608	90	90	2118659
723	483	612	90	90	2118665
723	482	612	90	90	2118671
723	480	612	90	90	2118678
723	479	616	90	90	2118684
723	477	616	90	90	2118690
723	476	616	90	90	2118696
723	475	620	90	90	2118703
723	473	620	90	90	2118709
723	471	620	90	90	2118715
723	469	620	90	90	2118721
724	467	620	90	90	2118728
724	465	620	90	90	2118734
724	463	620	90	90	2118740
724	461	624	90	90	2118746
724	459	628	90	90	2118753
724	457	628	90	90	2118759
725	454	636	90	90	2118765
725	452	640	90	90	2118771
725	450	648	90	90	2118778
725	448	656	90	90	2118784
726	446	660	90	90	2118790
726	444	668	90	90	2118796
726	442	676	90	90	2118803
726	440	684	90	90	2118809
726	438	692	90	90	2118815
726	435	696	90	90	2118821
726	433	700	90	90	2118828
726	431	704	90	90	2118834
726	429	708	90	90	2118840
726	428	712	90	90	2118846
726	426	712	90	90	2118853
726	425	720	90	90	2118859
726	424	724	90	90	2118865
726	423	724	90	90	2118871
726	422	728	90	90	2118884
726	421	708	90	90	2118896
725	419	519	90	90	2118909
724	419	306	90	90	2118915
723	419	161	90	90	2118921
722	419	4	90	90	2118934
74
515	416	66	90	90	2119246
516	417	278	90	90	2119271
517	418	422	90	90	2119284
518	418	493	90	90	2119296
519	418	535	90	90	2119303
520	419	555	90	90	2119309
521	419	575	90	90	2119315
523	419	592	90	90	2119321
525	419	604	90	90	2119328
527	419	612	90	90	2119334
529	419	620	90	90	2119340
532	419	624	90	90	2119346
535	419	628	90	90	2119353
538	419	632	90	90	2119359
541	420	636	90	90	2119365
545	420	640	90	90	2119371
549	420	644	90	90	2119378
553	420	648	90	90	2119384
557	420	656	90	90	2119390
561	420	660	90	90	2119396
565	421	660	90	90	2119403
570	421	664	90	90	2119409
574	421	668	90	90	2119415
579	421	672	90	90	2119421
584	421	672	90	90	2119428
589	421	676	90	90	2119434
593	421	676	90	90	2119440
598	421	680	90	90	2119446
603	422	680	90	90	2119453
608	422	680	90	90	2119459
612	422	680	90	90	2119465
617	423	680	90	90	2119471
621	423	680	90	90	2119478
626	423	684	90	90	2119484
630	423	684	90	90	2119490
634	423	684	90	90	2119496
638	423	684	90	90	2119503
642	423	684	90	90	2119509
646	423	684	90	90	2119515
650	423	684	90	90	2119521
653	423	684	90	90	2119528
657	423	684	90	90	2119534
660	423	684	90	90	2119540
663	423	684	90	90	2119546
667	423	684	90	90	2119553
670	423	684	90	90	2119559
673	423	684	90	90	2119565
675	423	684	90	90	2119571
678	423	684	90	90	2119578
681	423	684	90	90	2119584
683	423	688	90	90	2119590
686	423	688	90	90	2119596
688	423	688	90	90	2119603
691	423	688	90	90	2119609
693	423	688	90	90	2119615
696	423	688	90	90	2119621
698	423	688	90	90	2119628
701	423	688	90	90	2119634
703	423	688	90	90	2119640
705	423	688	90	90	2119646
706	423	688	90	90	2119653
708	423	688	90	90	2119659
710	423	692	90	90	2119665
711	423	692	90	90	2119671
712	423	692	90	90	2119678
713	423	692	90	90	2119684
714	422	692	90	90	2119690
715	422	696	90	90	2119703
716	422	696	90	90	2119715
717	422	690	90	90	2119734
718	422	660	90	90	2119746
719	422	597	90	90	2119759
721	422	438	90	90	2119771
722	423	117	90	90	2119790
26
563	417	186	90	90	2120228
562	416	376	90	90	2120240
561	414	418	90	90	2120246
561	413	447	90	90	2120253
560	411	467	90	90	2120259
559	409	487	90	90	2120265
558	407	503	90	90	2120271
557	405	515	90	90	2120278
555	403	527	90	90	2120284
554	401	535	90	90	2120290
553	399	543	90	90	2120296
552	397	551	90	90	2120303
551	395	559	90	90	2120309
549	393	567	90	90	2120315
548	391	575	90	90	2120321
548	389	583	90	90	2120328
547	386	592	90	90	2120334
546	385	596	90	90	2120340
545	383	596	90	90	2120346
545	381	600	90	90	2120353
544	380	600	90	90	2120359
544	379	600	90	90	2120365
543	378	602	90	90	2120378
543	377	482	90	90	2120415
544	378	153	90	90	2120421
544	379	14	90	90	2120434
55
560	418	48	90	90	2120634
561	418	164	90	90	2120646
562	417	293	90	90	2120659
563	415	374	90	90	2120665
564	414	418	90	90	2120671
565	413	455	90	90	2120678
566	412	491	90	90	2120684
567	411	523	90	90	2120690
569	409	547	90	90	2120696
570	407	563	90	90	2120703
572	406	588	90	90	2120709
574	404	600	90	90	2120715
576	402	612	90	90	2120721
578	401	620	90	90	2120728
579	400	632	90	90	2120734
581	399	640	90	90	2120740
583	397	648	90	90	2120746
585	396	656	90	90	2120753
586	395	660	90	90	2120759
588	395	664	90	90	2120765
589	394	668	90	90	2120771
590	393	672	90	90	2120778
591	392	674	90	90	2120790
592	391	676	90	90	2120803
592	390	680	90	90	2120821
591	389	684	90	90	2120828
590	389	684	90	90	2120834
589	389	684	90	90	2120840
588	388	684	90	90	2120846
587	388	688	90	90	2120853
585	388	688	90	90	2120859
583	388	688	90	90	2120865
582	387	688	90	90	2120871
580	387	688	90	90	2120878
577	387	688	90	90	2120884
575	387	688	90	90	2120890
572	386	688	90	90	2120896
569	386	688	90	90	2120903
566	385	688	90	90	2120909
563	385	684	90	90	2120915
559	384	684	90	90	2120921
556	383	684	90	90	2120928
553	383	684	90	90	2120934
550	382	684	90	90	2120940
548	382	684	90	90	2120946
545	381	684	90	90	2120953
543	380	684	90	90	2120959
541	380	684	90	90	2120965
539	379	684	90	90	2120971
537	379	684	90	90	2120978
536	379	684	90	90	2120984
535	379	635	90	90	2121015
536	379	378	90	90	2121021
538	380	245	90	90	2121028
540	381	48	90	90	2121040
23
691	420	64	90	90	2121446
690	418	144	90	90	2121453
689	417	217	90	90	2121459
689	415	289	90	90	2121465
688	414	346	90	90	2121471
687	412	398	90	90	2121478
686	410	447	90	90	2121484
684	408	487	90	90	2121490
683	405	527	90	90	2121496
682	403	555	90	90	2121503
681	401	583	90	90	2121509
680	399	600	90	90	2121515
678	397	620	90	90	2121521
677	395	632	90	90	2121528
675	394	644	90	90	2121534
674	392	656	90	90	2121540
673	391	668	90	90	2121546
672	390	676	90	90	2121553
671	388	680	90	90	2121559
670	387	684	90	90	2121565
669	387	688	90	90	2121578
668	385	578	90	90	2121615
669	385	101	90	90	2121634
60
693	423	174	90	90	2121859
693	421	380	90	90	2121871
693	420	443	90	90	2121878
694	419	475	90	90	2121884
695	418	519	90	90	2121890
695	417	547	90	90	2121896
696	416	575	90	90	2121903
697	414	608	90	90	2121909
699	413	628	90	90	2121915
700	411	644	90	90	2121921
702	409	660	90	90	2121928
703	407	672	90	90	2121934
705	405	680	90	90	2121940
706	403	688	90	90	2121946
708	401	692	90	90	2121953
710	399	700	90	90	2121959
712	398	708	90	90	2121965
713	396	720	90	90	2121971
715	395	728	90	90	2121978
717	394	733	90	90	2121984
718	393	741	90	90	2121990
720	392	749	90	90	2121996
721	391	753	90	90	2122003
722	390	753	90	90	2122009
723	390	759	90	90	2122021
724	389	761	90	90	2122040
725	388	765	90	90	2122059
724	387	769	90	90	2122071
723	386	771	90	90	2122084
722	385	773	90	90	2122090
720	385	773	90	90	2122096
719	385	773	90	90	2122103
717	385	773	90	90	2122109
716	384	773	90	90	2122115
714	384	773	90	90	2122121
712	384	773	90	90	2122128
709	384	773	90	90	2122134
706	384	773	90	90	2122140
703	384	773	90	90	2122146
699	383	773	90	90	2122153
696	383	773	90	90	2122159
692	383	773	90	90	2122165
688	383	773	90	90	2122171
684	382	773	90	90	2122178
680	382	773	90	90	2122184
676	382	773	90	90	2122190
673	382	773	90	90	2122196
670	381	777	90	90	2122203
667	381	777	90	90	2122209
664	381	781	90	90	2122215
662	380	785	90	90	2122221
660	380	789	90	90	2122228
658	380	793	90	90	2122234
657	380	797	90	90	2122240
656	379	803	90	90	2122253
655	379	798	90	90	2122278
656	379	654	90	90	2122290
657	379	439	90	90	2122296
659	379	289	90	90	2122303
660	380	66	90	90	2122315
4
1
327	423	0	90	90	2237809
234
503	494	52	90	90	2238577
503	495	285	90	90	2238621
504	495	443	90	90	2238627
504	494	467	90	90	2238634
504	492	499	90	90	2238640
504	491	523	90	90	2238646
504	489	539	90	90	2238652
505	487	551	90	90	2238659
505	484	563	90	90	2238665
505	482	567	90	90	2238671
505	479	575	90	90	2238677
506	477	583	90	90	2238684
506	474	588	90	90	2238690
506	472	588	90	90	2238696
506	469	592	90	90	2238702
506	467	596	90	90	2238709
506	464	600	90	90	2238715
506	462	604	90	90	2238721
506	460	604	90	90	2238727
506	457	608	90	90	2238734
506	455	612	90	90	2238740
506	453	612	90	90	2238746
506	451	616	90	90	2238752
505	450	620	90	90	2238759
505	448	620	90	90	2238765
505	447	624	90	90	2238771
505	445	624	90	90	2238777
504	444	628	90	90	2238784
504	443	628	90	90	2238790
504	442	628	90	90	2238796
503	441	628	90	90	2238802
503	440	628	90	90	2238815
503	438	628	90	90	2238827
503	437	628	90	90	2238865
504	436	632	90	90	2238877
505	436	636	90	90	2238884
506	436	636	90	90	2238890
507	436	640	90	90	2238896
509	437	640	90	90	2238902
510	437	644	90	90	2238909
512	437	644	90	90	2238915
514	437	648	90	90	2238921
516	437	652	90	90	2238927
519	437	656	90	90	2238934
521	437	660	90	90	2238940
524	437	668	90	90	2238946
527	438	672	90	90	2238952
530	438	676	90	90	2238959
533	438	680	90	90	2238965
537	438	684	90	90	2238971
540	438	688	90	90	2238977
544	439	692	90	90	2238984
548	439	696	90	90	2238990
552	439	700	90	90	2238996
556	439	704	90	90	2239002
560	439	708	90	90	2239009
564	440	708	90	90	2239015
568	440	712	90	90	2239021
572	440	720	90	90	2239027
577	440	724	90	90	2239034
581	441	724	90	90	2239040
586	441	728	90	90	2239046
590	441	728	90	90	2239052
595	441	733	90	90	2239059
599	442	733	90	90	2239065
604	442	733	90	90	2239071
609	442	737	90	90	2239077
613	442	737	90	90	2239084
618	443	741	90	90	2239090
622	443	741	90	90	2239096
626	443	741	90	90	2239102
631	443	745	90	90	2239109
636	444	745	90	90	2239115
640	444	749	90	90	2239121
644	444	749	90	90	2239127
648	444	749	90	90	2239134
653	444	749	90	90	2239140
657	445	753	90	90	2239146
661	445	753	90	90	2239152
665	445	753	90	90	2239159
668	445	753	90	90	2239165
672	445	753	90	90	2239171
676	445	753	90	90	2239177
679	445	753	90	90	2239184
682	445	753	90	90	2239190
686	445	753	90	90	2239196
689	445	753	90	90	2239202
693	445	753	90	90	2239209
696	445	753	90	90	2239215
699	445	753	90	90	2239221
702	445	753	90	90	2239227
705	445	753	90	90	2239234
708	445	757	90	90	2239240
710	445	757	90	90	2239246
713	445	757	90	90	2239252
715	445	757	90	90	2239259
718	445	757	90	90	2239265
720	445	757	90	90	2239271
722	445	761	90	90	2239277
724	445	761	90	90	2239284
727	445	761	90	90	2239290
729	445	761	90	90	2239296
730	446	761	90	90	2239302
732	446	761	90	90	2239309
733	446	761	90	90	2239315
734	446	765	90	90	2239321
736	446	765	90	90	2239340
738	446	773	90	90	2239359
739	446	786	90	90	2239377
739	447	799	90	90	2239390
739	448	805	90	90	2239396
738	450	809	90	90	2239402
738	451	809	90	90	2239409
738	453	809	90	90	2239415
738	455	809	90	90	2239421
738	458	809	90	90	2239427
738	461	809	90	90	2239434
739	464	813	90	90	2239440
739	467	813	90	90	2239446
739	471	813	90	90	2239452
740	474	813	90	90	2239459
740	478	813	90	90	2239465
740	482	813	90	90	2239471
741	485	813	90	90	2239477
741	488	813	90	90	2239484
741	492	813	90	90	2239490
741	494	817	90	90	2239496
742	497	817	90	90	2239502
742	499	817	90	90	2239509
742	501	817	90	90	2239515
742	503	817	90	90	2239521
742	504	817	90	90	2239527
742	505	815	90	90	2239540
742	507	817	90	90	2239552
742	508	817	90	90	2239571
741	509	815	90	90	2239590
740	509	813	90	90	2239609
739	510	813	90	90	2239621
738	510	813	90	90	2239634
737	510	813	90	90	2239640
736	509	813	90	90	2239646
735	509	813	90	90	2239652
734	509	813	90	90	2239659
732	509	813	90	90	2239665
730	509	813	90	90	2239671
728	509	813	90	90	2239677
726	509	813	90	90	2239684
724	509	813	90	90	2239690
721	509	813	90	90	2239696
719	509	813	90	90	2239702
716	509	813	90	90	2239709
713	509	813	90	90	2239715
710	509	813	90	90	2239721
707	509	813	90	90	2239727
704	509	813	90	90	2239734
701	509	813	90	90	2239740
697	509	813	90	90	2239746
694	509	813	90	90	2239752
690	510	813	90	90	2239759
686	510	813	90	90	2239765
682	510	817	90	90	2239771
679	510	817	90	90	2239777
675	510	817	90	90	2239784
671	510	817	90	90	2239790
667	510	817	90	90	2239796
663	510	817	90	90	2239802
659	510	817	90	90	2239809
655	510	817	90	90	2239815
651	510	817	90	90	2239821
647	510	817	90	90	2239827
643	510	817	90	90	2239834
639	510	817	90	90	2239840
634	510	817	90	90	2239846
630	510	817	90	90	2239852
625	510	817	90	90	2239859
621	511	817	90	90	2239865
617	511	817	90	90	2239871
612	511	817	90	90	2239877
608	511	817	90	90	2239884
603	511	817	90	90	2239890
599	511	817	90	90	2239896
594	511	821	90	90	2239902
590	511	821	90	90	2239909
586	510	821	90	90	2239915
582	510	821	90	90	2239921
577	510	821	90	90	2239927
573	510	821	90	90	2239934
569	510	821	90	90	2239940
565	510	821	90	90	2239946
561	510	821	90	90	2239952
558	510	821	90	90	2239959
554	510	821	90	90	2239965
551	510	821	90	90	2239971
547	510	821	90	90	2239977
544	510	821	90	90	2239984
541	510	821	90	90	2239990
538	510	821	90	90	2239996
536	510	821	90	90	2240002
533	511	821	90	90	2240009
530	511	821	90	90	2240015
528	511	821	90	90	2240021
526	511	821	90	90	2240027
523	511	821	90	90	2240034
521	510	821	90	90	2240040
519	510	817	90	90	2240046
517	510	817	90	90	2240052
515	510	817	90	90	2240059
513	510	817	90	90	2240065
511	509	817	90	90	2240071
509	509	817	90	90	2240077
508	509	817	90	90	2240084
506	509	817	90	90	2240090
505	509	817	90	90	2240096
504	509	817	90	90	2240102
503	509	817	90	90	2240109
502	508	817	90	90	2240115
501	508	817	90	90	2240127
500	508	817	90	90	2240140
499	508	813	90	90	2240227
498	507	809	90	90	2240246
498	506	809	90	90	2240259
498	505	809	90	90	2240271
498	504	809	90	90	2240284
498	503	809	90	90	2240296
499	502	809	90	90	2240302
499	501	809	90	90	2240309
499	500	805	90	90	2240315
499	498	797	90	90	2240321
500	497	777	90	90	2240327
501	495	724	90	90	2240334
501	493	592	90	90	2240340
502	491	443	90	90	2240346
502	489	289	90	90	2240352
502	487	68	90	90	2240365
86
558	435	8	90	90	2240777
559	435	156	90	90	2240790
559	434	342	90	90	2240802
558	433	414	90	90	2240809
557	432	451	90	90	2240815
556	431	491	90	90	2240821
555	430	535	90	90	2240827
554	428	567	90	90	2240834
552	427	608	90	90	2240840
551	425	636	90	90	2240846
549	423	660	90	90	2240852
547	422	680	90	90	2240859
545	420	692	90	90	2240865
543	418	704	90	90	2240871
541	416	712	90	90	2240877
539	414	720	90	90	2240884
538	412	724	90	90	2240890
536	410	724	90	90	2240896
534	408	724	90	90	2240902
533	406	728	90	90	2240909
531	404	728	90	90	2240915
530	403	728	90	90	2240921
529	401	733	90	90	2240927
528	400	733	90	90	2240934
527	398	737	90	90	2240940
526	397	741	90	90	2240946
525	396	741	90	90	2240952
524	394	745	90	90	2240959
523	394	747	90	90	2240971
522	392	751	90	90	2240984
521	391	755	90	90	2241040
522	391	757	90	90	2241046
523	391	757	90	90	2241052
524	392	761	90	90	2241059
525	392	761	90	90	2241065
527	392	761	90	90	2241071
529	392	761	90	90	2241077
531	393	761	90	90	2241084
533	393	761	90	90	2241090
536	393	761	90	90	2241096
539	393	761	90	90	2241102
542	393	761	90	90	2241109
546	393	765	90	90	2241115
549	393	765	90	90	2241121
553	393	765	90	90	2241127
557	393	765	90	90	2241134
560	393	765	90	90	2241140
563	394	769	90	90	2241146
567	394	769	90	90	2241152
569	394	769	90	90	2241159
572	394	773	90	90	2241165
575	394	773	90	90	2241171
577	395	777	90	90	2241177
579	395	777	90	90	2241184
581	395	781	90	90	2241190
583	396	781	90	90	2241196
584	396	781	90	90	2241202
585	396	781	90	90	2241215
587	397	789	90	90	2241259
587	398	797	90	90	2241271
587	399	799	90	90	2241284
586	400	801	90	90	2241290
585	401	801	90	90	2241296
584	402	801	90	90	2241302
583	403	801	90	90	2241309
582	404	801	90	90	2241315
581	406	801	90	90	2241321
580	407	805	90	90	2241327
579	409	805	90	90	2241334
577	411	805	90	90	2241340
576	413	805	90	90	2241346
574	415	805	90	90	2241352
573	417	805	90	90	2241359
572	419	805	90	90	2241365
570	421	805	90	90	2241371
568	423	805	90	90	2241377
567	424	805	90	90	2241384
565	425	805	90	90	2241390
564	427	805	90	90	2241396
563	428	805	90	90	2241402
562	429	809	90	90	2241415
561	430	809	90	90	2241427
561	431	809	90	90	2241440
560	432	730	90	90	2241471
561	433	347	90	90	2241484
563	433	54	90	90	2241496
100
682	440	255	90	90	2241865
682	439	451	90	90	2241871
681	438	479	90	90	2241877
681	437	515	90	90	2241884
680	435	543	90	90	2241890
678	433	571	90	90	2241896
677	432	604	90	90	2241902
675	430	632	90	90	2241909
673	428	652	90	90	2241915
671	426	672	90	90	2241921
669	424	688	90	90	2241927
667	422	696	90	90	2241934
665	420	704	90	90	2241940
663	418	712	90	90	2241946
661	417	720	90	90	2241952
659	415	724	90	90	2241959
658	413	724	90	90	2241965
656	412	724	90	90	2241971
655	410	724	90	90	2241977
653	408	724	90	90	2241984
652	407	728	90	90	2241990
650	405	728	90	90	2241996
649	404	728	90	90	2242002
648	402	728	90	90	2242009
647	401	728	90	90	2242015
646	400	724	90	90	2242021
645	399	724	90	90	2242034
645	398	724	90	90	2242065
645	397	724	90	90	2242084
646	397	724	90	90	2242096
647	397	724	90	90	2242109
648	397	724	90	90	2242115
650	397	728	90	90	2242121
651	397	728	90	90	2242127
653	397	733	90	90	2242134
655	397	733	90	90	2242140
657	397	737	90	90	2242146
660	397	737	90	90	2242152
663	397	737	90	90	2242159
666	397	737	90	90	2242165
669	397	737	90	90	2242171
672	397	737	90	90	2242177
675	397	737	90	90	2242184
679	397	737	90	90	2242190
682	397	737	90	90	2242196
685	397	737	90	90	2242202
688	397	737	90	90	2242209
691	397	737	90	90	2242215
693	397	741	90	90	2242221
696	397	741	90	90	2242227
699	397	741	90	90	2242234
701	397	745	90	90	2242240
703	397	745	90	90	2242246
705	397	749	90	90	2242252
707	397	749	90	90	2242259
709	397	753	90	90	2242265
711	397	757	90	90	2242271
712	397	757	90	90	2242277
713	398	761	90	90	2242284
714	398	761	90	90	2242290
715	398	765	90	90	2242302
717	398	771	90	90	2242315
718	398	787	90	90	2242346
718	399	809	90	90	2242365
718	400	813	90	90	2242377
717	401	817	90	90	2242390
716	403	817	90	90	2242396
715	404	821	90	90	2242402
714	405	821	90	90	2242409
713	406	821	90	90	2242415
712	408	821	90	90	2242421
711	409	821	90	90	2242427
709	411	825	90	90	2242434
708	413	825	90	90	2242440
706	414	825	90	90	2242446
705	416	829	90	90	2242452
703	418	829	90	90	2242459
702	419	829	90	90	2242465
700	421	829	90	90	2242471
699	422	829	90	90	2242477
697	423	829	90	90	2242484
696	425	829	90	90	2242490
694	426	829	90	90	2242496
693	427	829	90	90	2242502
692	428	829	90	90	2242509
691	429	829	90	90	2242515
690	430	833	90	90	2242521
690	431	833	90	90	2242527
689	432	833	90	90	2242534
689	433	833	90	90	2242540
688	434	833	90	90	2242546
688	435	833	90	90	2242552
688	436	837	90	90	2242565
687	438	837	90	90	2242577
687	439	839	90	90	2242590
686	440	841	90	90	2242609
686	441	841	90	90	2242627
685	442	843	90	90	2242646
684	442	585	90	90	2242690
684	441	4	90	90	2242702
8
1
329	410	0	90	90	2361366
33
490	490	12	90	90	2362678
490	491	230	90	90	2362709
490	492	420	90	90	2362741
490	491	491	90	90	2362747
490	490	515	90	90	2362753
490	488	535	90	90	2362759
489	487	551	90	90	2362766
489	485	567	90	90	2362772
489	482	583	90	90	2362778
489	480	596	90	90	2362784
489	477	604	90	90	2362791
489	474	612	90	90	2362797
489	470	616	90	90	2362803
489	467	624	90	90	2362809
489	463	632	90	90	2362816
489	459	636	90	90	2362822
489	455	644	90	90	2362828
489	451	648	90	90	2362834
489	447	652	90	90	2362841
489	443	652	90	90	2362847
489	439	656	90	90	2362853
490	435	660	90	90	2362859
490	431	664	90	90	2362866
490	428	672	90	90	2362872
490	425	676	90	90	2362878
490	422	680	90	90	2362884
490	420	688	90	90	2362891
490	418	692	90	90	2362897
490	416	700	90	90	2362903
490	415	700	90	90	2362909
490	414	638	90	90	2362922
490	413	318	90	90	2362941
490	414	14	90	90	2362953
91
490	487	66	90	90	2363209
489	488	270	90	90	2363228
488	489	546	90	90	2363278
490	488	640	90	90	2363284
491	488	648	90	90	2363291
492	488	656	90	90	2363297
494	487	660	90	90	2363303
496	487	668	90	90	2363309
498	487	672	90	90	2363316
500	488	676	90	90	2363322
503	488	676	90	90	2363328
506	488	680	90	90	2363334
510	488	680	90	90	2363341
514	488	684	90	90	2363347
518	488	684	90	90	2363353
522	488	684	90	90	2363359
527	488	684	90	90	2363366
532	488	684	90	90	2363372
537	488	688	90	90	2363378
542	488	688	90	90	2363384
548	488	688	90	90	2363391
554	489	688	90	90	2363397
559	489	688	90	90	2363403
565	489	692	90	90	2363409
572	489	692	90	90	2363416
578	489	696	90	90	2363422
584	489	696	90	90	2363428
590	489	696	90	90	2363434
596	489	700	90	90	2363441
603	489	700	90	90	2363447
609	489	704	90	90	2363453
615	489	704	90	90	2363459
621	489	704	90	90	2363466
628	489	708	90	90	2363472
634	489	708	90	90	2363478
641	488	708	90	90	2363484
647	488	712	90	90	2363491
653	488	712	90	90	2363497
659	488	712	90	90	2363503
665	488	712	90	90	2363509
671	488	712	90	90	2363516
676	488	712	90	90	2363522
680	488	712	90	90	2363528
685	488	712	90	90	2363534
690	488	712	90	90	2363541
694	488	708	90	90	2363547
698	488	708	90	90	2363553
702	488	708	90	90	2363559
706	489	708	90	90	2363566
709	489	708	90	90	2363572
712	489	704	90	90	2363578
715	489	704	90	90	2363584
717	489	704	90	90	2363591
719	489	704	90	90	2363597
721	489	704	90	90	2363603
722	489	704	90	90	2363609
723	489	704	90	90	2363616
724	489	700	90	90	2363622
725	489	700	90	90	2363634
726	489	700	90	90	2363653
726	487	700	90	90	2363666
726	486	704	90	90	2363672
725	485	704	90	90	2363678
725	483	704	90	90	2363684
724	482	704	90	90	2363691
724	480	704	90	90	2363697
724	478	704	90	90	2363703
723	476	704	90	90	2363709
723	474	704	90	90	2363716
723	471	704	90	90	2363722
723	468	704	90	90	2363728
723	465	708	90	90	2363734
722	462	708	90	90	2363741
722	458	712	90	90	2363747
722	454	720	90	90	2363753
722	451	724	90	90	2363759
721	447	724	90	90	2363766
721	443	728	90	90	2363772
721	439	733	90	90	2363778
721	436	737	90	90	2363784
721	432	741	90	90	2363791
720	429	745	90	90	2363797
720	426	749	90	90	2363803
720	424	753	90	90	2363809
720	421	761	90	90	2363816
720	419	765	90	90	2363822
719	418	769	90	90	2363828
719	417	773	90	90	2363834
719	416	769	90	90	2363841
719	415	734	90	90	2363853
719	414	291	90	90	2363884
81
491	409	242	90	90	2364278
492	409	493	90	90	2364291
494	409	567	90	90	2364297
495	409	604	90	90	2364303
496	410	632	90	90	2364309
498	410	652	90	90	2364316
500	410	668	90	90	2364322
503	411	680	90	90	2364328
506	411	688	90	90	2364334
509	411	696	90	90	2364341
512	411	700	90	90	2364347
516	411	708	90	90	2364353
519	411	712	90	90	2364359
523	411	720	90	90	2364366
527	412	724	90	90	2364372
531	412	728	90	90	2364378
535	412	733	90	90	2364384
539	412	737	90	90	2364391
544	412	741	90	90	2364397
548	412	745	90	90	2364403
553	412	745	90	90	2364409
558	412	749	90	90	2364416
563	413	749	90	90	2364422
568	413	749	90	90	2364428
573	413	753	90	90	2364434
577	413	753	90	90	2364441
582	413	753	90	90	2364447
587	413	757	90	90	2364453
592	413	757	90	90	2364459
596	413	761	90	90	2364466
601	413	761	90	90	2364472
606	413	761	90	90	2364478
611	413	761	90	90	2364484
615	413	765	90	90	2364491
620	413	765	90	90	2364497
624	413	765	90	90	2364503
628	413	769	90	90	2364509
632	413	769	90	90	2364516
636	413	769	90	90	2364522
640	413	773	90	90	2364528
644	413	773	90	90	2364534
647	413	773	90	90	2364541
651	413	777	90	90	2364547
654	413	777	90	90	2364553
658	413	777	90	90	2364559
661	413	781	90	90	2364566
665	413	781	90	90	2364572
668	413	781	90	90	2364578
671	413	781	90	90	2364584
674	413	781	90	90	2364591
677	413	781	90	90	2364597
679	413	785	90	90	2364603
682	413	785	90	90	2364609
684	413	785	90	90	2364616
686	413	785	90	90	2364622
688	413	785	90	90	2364628
689	413	785	90	90	2364634
691	413	785	90	90	2364641
693	413	785	90	90	2364647
695	413	789	90	90	2364653
697	413	789	90	90	2364659
698	413	789	90	90	2364666
700	413	789	90	90	2364672
701	413	789	90	90	2364678
702	413	789	90	90	2364684
703	413	789	90	90	2364691
704	413	789	90	90	2364697
705	413	789	90	90	2364703
706	413	789	90	90	2364709
707	413	789	90	90	2364716
708	413	789	90	90	2364722
709	413	789	90	90	2364728
710	413	789	90	90	2364741
712	413	789	90	90	2364753
713	413	789	90	90	2364766
714	413	789	90	90	2364778
715	414	789	90	90	2364791
716	414	781	90	90	2364803
717	413	700	90	90	2364816
718	413	350	90	90	2364834
719	414	18	90	90	2364847
23
546	407	284	90	90	2365272
545	406	503	90	90	2365278
544	405	539	90	90	2365284
543	404	567	90	90	2365291
542	402	600	90	90	2365297
541	400	628	90	90	2365303
540	398	648	90	90	2365309
538	395	664	90	90	2365316
536	392	676	90	90	2365322
534	389	684	90	90	2365328
532	385	692	90	90	2365334
530	381	700	90	90	2365341
528	378	708	90	90	2365347
526	374	712	90	90	2365353
525	371	720	90	90	2365359
523	369	728	90	90	2365366
522	367	733	90	90	2365372
521	365	737	90	90	2365378
520	364	737	90	90	2365384
520	363	716	90	90	2365397
519	362	528	90	90	2365416
521	363	249	90	90	2365422
521	364	52	90	90	2365434
49
550	412	28	90	90	2365622
550	411	211	90	90	2365634
551	410	420	90	90	2365647
551	409	531	90	90	2365653
551	407	583	90	90	2365659
552	406	620	90	90	2365666
552	404	648	90	90	2365672
553	403	672	90	90	2365678
554	401	688	90	90	2365684
555	399	704	90	90	2365691
556	397	720	90	90	2365697
558	394	728	90	90	2365703
560	392	737	90	90	2365709
561	389	745	90	90	2365716
563	387	749	90	90	2365722
565	384	753	90	90	2365728
567	382	757	90	90	2365734
569	380	761	90	90	2365741
570	379	761	90	90	2365747
571	377	765	90	90	2365753
572	376	769	90	90	2365759
573	375	773	90	90	2365772
574	374	778	90	90	2365791
575	373	783	90	90	2365809
574	372	789	90	90	2365822
572	372	793	90	90	2365828
571	371	793	90	90	2365834
570	371	793	90	90	2365841
568	371	793	90	90	2365847
566	371	793	90	90	2365853
564	371	793	90	90	2365859
562	371	789	90	90	2365866
559	370	789	90	90	2365872
556	370	789	90	90	2365878
552	370	789	90	90	2365884
548	370	789	90	90	2365891
544	369	789	90	90	2365897
541	369	793	90	90	2365903
537	369	793	90	90	2365909
534	368	793	90	90	2365916
531	368	797	90	90	2365922
528	367	797	90	90	2365928
526	367	797	90	90	2365934
525	367	797	90	90	2365941
524	367	789	90	90	2365953
523	366	690	90	90	2365972
524	366	439	90	90	2365978
526	367	285	90	90	2365984
527	367	66	90	90	2365997
24
662	408	88	90	90	2366347
663	408	342	90	90	2366372
662	407	515	90	90	2366378
661	406	563	90	90	2366384
660	404	604	90	90	2366391
659	402	640	90	90	2366397
658	400	664	90	90	2366403
656	398	688	90	90	2366409
655	395	704	90	90	2366416
653	392	720	90	90	2366422
651	388	733	90	90	2366428
649	385	745	90	90	2366434
647	382	757	90	90	2366441
645	379	765	90	90	2366447
643	376	773	90	90	2366453
641	373	777	90	90	2366459
639	371	781	90	90	2366466
638	369	785	90	90	2366472
637	368	785	90	90	2366478
636	367	771	90	90	2366491
636	366	616	90	90	2366509
637	367	342	90	90	2366516
638	368	189	90	90	2366522
639	370	20	90	90	2366534
53
662	411	116	90	90	2366716
663	409	327	90	90	2366728
664	408	426	90	90	2366734
664	406	491	90	90	2366741
665	405	551	90	90	2366747
667	403	600	90	90	2366753
668	401	636	90	90	2366759
670	399	668	90	90	2366766
671	397	688	90	90	2366772
673	394	708	90	90	2366778
675	392	724	90	90	2366784
677	390	737	90	90	2366791
680	388	745	90	90	2366797
682	386	753	90	90	2366803
683	384	761	90	90	2366809
685	382	765	90	90	2366816
687	381	773	90	90	2366822
688	379	777	90	90	2366828
690	378	781	90	90	2366834
691	377	785	90	90	2366841
691	376	791	90	90	2366853
692	375	795	90	90	2366866
692	374	801	90	90	2366878
691	373	801	90	90	2366884
690	373	805	90	90	2366891
689	373	805	90	90	2366897
688	373	805	90	90	2366903
687	372	805	90	90	2366909
685	372	805	90	90	2366916
684	372	805	90	90	2366922
682	372	805	90	90	2366928
680	372	805	90	90	2366934
677	372	805	90	90	2366941
675	371	805	90	90	2366947
672	371	805	90	90	2366953
669	371	805	90	90	2366959
666	371	805	90	90	2366966
663	371	809	90	90	2366972
660	371	809	90	90	2366978
657	370	809	90	90	2366984
654	370	813	90	90	2366991
651	370	813	90	90	2366997
648	369	813	90	90	2367003
646	369	817	90	90	2367009
644	369	817	90	90	2367016
642	368	817	90	90	2367022
641	368	817	90	90	2367028
639	368	817	90	90	2367034
639	367	819	90	90	2367047
637	367	774	90	90	2367084
638	368	420	90	90	2367097
640	368	181	90	90	2367103
641	369	14	90	90	2367116
