5
1
321	405	0	90	90	1858885
214
610	488	68	90	90	1860142
609	489	154	90	90	1860154
607	489	217	90	90	1860160
606	488	249	90	90	1860167
605	488	273	90	90	1860173
604	487	294	90	90	1860179
603	487	318	90	90	1860185
601	486	338	90	90	1860192
599	485	354	90	90	1860198
597	483	370	90	90	1860204
594	482	382	90	90	1860210
591	481	390	90	90	1860217
588	479	398	90	90	1860223
586	478	406	90	90	1860229
583	476	418	90	90	1860235
580	475	426	90	90	1860242
577	473	430	90	90	1860248
574	472	443	90	90	1860254
571	470	447	90	90	1860260
569	468	451	90	90	1860267
566	466	455	90	90	1860273
563	464	459	90	90	1860279
560	462	459	90	90	1860285
558	460	463	90	90	1860292
556	457	463	90	90	1860298
554	455	463	90	90	1860304
552	452	463	90	90	1860310
550	450	463	90	90	1860317
548	447	459	90	90	1860323
547	445	459	90	90	1860329
545	442	459	90	90	1860335
544	439	455	90	90	1860342
543	436	455	90	90	1860348
541	433	451	90	90	1860354
540	430	451	90	90	1860360
539	427	447	90	90	1860367
538	424	447	90	90	1860373
537	421	447	90	90	1860379
536	418	447	90	90	1860385
536	415	447	90	90	1860392
535	412	443	90	90	1860398
535	409	443	90	90	1860404
534	406	443	90	90	1860410
534	403	447	90	90	1860417
534	400	447	90	90	1860423
534	397	447	90	90	1860429
534	394	447	90	90	1860435
534	390	451	90	90	1860442
535	387	451	90	90	1860448
535	384	455	90	90	1860454
536	381	455	90	90	1860460
537	378	455	90	90	1860467
538	375	455	90	90	1860473
539	372	459	90	90	1860479
540	368	459	90	90	1860485
542	365	463	90	90	1860492
543	362	463	90	90	1860498
545	358	467	90	90	1860504
546	355	467	90	90	1860510
548	352	471	90	90	1860517
549	349	471	90	90	1860523
551	346	475	90	90	1860529
553	343	479	90	90	1860535
555	340	487	90	90	1860542
557	338	487	90	90	1860548
559	335	491	90	90	1860554
562	333	499	90	90	1860560
564	330	499	90	90	1860567
567	328	499	90	90	1860573
570	326	499	90	90	1860579
572	324	499	90	90	1860585
575	322	499	90	90	1860592
578	321	499	90	90	1860598
581	319	499	90	90	1860604
584	318	499	90	90	1860610
587	317	499	90	90	1860617
590	317	499	90	90	1860623
593	316	503	90	90	1860629
596	316	503	90	90	1860635
599	315	503	90	90	1860642
602	314	503	90	90	1860648
605	314	499	90	90	1860654
609	314	499	90	90	1860660
612	314	499	90	90	1860667
615	313	491	90	90	1860673
618	313	487	90	90	1860679
621	314	475	90	90	1860685
624	314	471	90	90	1860692
627	314	467	90	90	1860698
631	315	459	90	90	1860704
634	315	455	90	90	1860710
637	316	451	90	90	1860717
640	317	447	90	90	1860723
642	317	447	90	90	1860729
645	318	443	90	90	1860735
648	319	443	90	90	1860742
651	319	443	90	90	1860748
654	320	443	90	90	1860754
657	321	443	90	90	1860760
659	321	443	90	90	1860767
662	322	443	90	90	1860773
664	323	447	90	90	1860779
667	324	447	90	90	1860785
670	325	447	90	90	1860792
672	326	451	90	90	1860798
675	327	451	90	90	1860804
677	328	451	90	90	1860810
680	329	451	90	90	1860817
682	331	455	90	90	1860823
684	332	455	90	90	1860829
686	334	455	90	90	1860835
688	336	455	90	90	1860842
690	338	455	90	90	1860848
692	339	455	90	90	1860854
695	341	455	90	90	1860860
697	343	455	90	90	1860867
699	345	459	90	90	1860873
701	347	459	90	90	1860879
702	350	459	90	90	1860885
704	352	459	90	90	1860892
706	354	459	90	90	1860898
707	357	459	90	90	1860904
708	360	463	90	90	1860910
710	363	463	90	90	1860917
711	365	459	90	90	1860923
712	368	459	90	90	1860929
713	371	463	90	90	1860935
714	373	463	90	90	1860942
715	376	467	90	90	1860948
716	379	467	90	90	1860954
716	382	471	90	90	1860960
716	384	475	90	90	1860967
717	387	475	90	90	1860973
717	390	479	90	90	1860979
717	393	487	90	90	1860985
717	395	487	90	90	1860992
718	398	487	90	90	1860998
718	401	487	90	90	1861004
718	404	487	90	90	1861010
718	407	491	90	90	1861017
717	410	503	90	90	1861023
717	413	511	90	90	1861029
716	415	519	90	90	1861035
716	418	523	90	90	1861042
715	420	527	90	90	1861048
714	422	535	90	90	1861054
713	424	535	90	90	1861060
713	426	539	90	90	1861067
712	428	535	90	90	1861073
711	431	535	90	90	1861079
710	433	535	90	90	1861085
709	435	539	90	90	1861092
708	437	539	90	90	1861098
707	439	543	90	90	1861104
706	441	547	90	90	1861110
705	443	551	90	90	1861117
704	445	555	90	90	1861123
702	446	555	90	90	1861129
701	447	559	90	90	1861135
699	448	559	90	90	1861142
698	450	559	90	90	1861148
696	451	559	90	90	1861154
695	452	559	90	90	1861160
693	453	559	90	90	1861167
692	455	559	90	90	1861173
691	456	559	90	90	1861179
689	457	559	90	90	1861185
688	459	563	90	90	1861192
686	460	563	90	90	1861198
685	462	563	90	90	1861204
683	463	563	90	90	1861210
681	465	567	90	90	1861217
679	466	567	90	90	1861223
677	467	567	90	90	1861229
675	468	567	90	90	1861235
674	469	571	90	90	1861242
672	471	571	90	90	1861248
670	472	571	90	90	1861254
668	473	571	90	90	1861260
666	474	567	90	90	1861267
664	475	567	90	90	1861273
662	476	567	90	90	1861279
660	477	567	90	90	1861285
658	477	567	90	90	1861292
657	478	567	90	90	1861298
655	479	567	90	90	1861304
653	480	567	90	90	1861310
651	480	567	90	90	1861317
650	481	567	90	90	1861323
648	482	567	90	90	1861329
646	483	567	90	90	1861335
644	483	567	90	90	1861342
642	484	567	90	90	1861348
640	484	567	90	90	1861354
638	484	567	90	90	1861360
636	485	567	90	90	1861367
634	485	567	90	90	1861373
631	485	563	90	90	1861379
629	485	567	90	90	1861385
627	485	563	90	90	1861392
624	485	563	90	90	1861398
621	485	563	90	90	1861404
619	485	563	90	90	1861410
616	485	563	90	90	1861417
613	485	563	90	90	1861423
611	485	559	90	90	1861429
608	484	555	90	90	1861435
605	484	551	90	90	1861442
603	483	539	90	90	1861448
600	483	511	90	90	1861454
597	482	398	90	90	1861460
595	482	289	90	90	1861467
593	482	169	90	90	1861473
591	481	26	90	90	1861485
108
559	401	157	90	90	1862004
561	402	281	90	90	1862010
562	402	306	90	90	1862017
563	403	338	90	90	1862023
565	403	362	90	90	1862029
567	403	378	90	90	1862035
569	403	390	90	90	1862042
571	404	398	90	90	1862048
573	404	406	90	90	1862054
576	404	414	90	90	1862060
578	404	418	90	90	1862067
581	404	418	90	90	1862073
584	404	418	90	90	1862079
587	404	422	90	90	1862085
590	404	426	90	90	1862092
593	404	426	90	90	1862098
597	404	430	90	90	1862104
600	404	439	90	90	1862110
603	404	443	90	90	1862117
607	405	451	90	90	1862123
610	405	455	90	90	1862129
614	405	459	90	90	1862135
618	405	463	90	90	1862142
621	405	467	90	90	1862148
625	405	467	90	90	1862154
628	405	471	90	90	1862160
632	405	471	90	90	1862167
636	405	471	90	90	1862173
639	405	475	90	90	1862179
643	405	479	90	90	1862185
646	405	487	90	90	1862192
649	405	491	90	90	1862198
653	405	499	90	90	1862204
656	406	503	90	90	1862210
660	406	515	90	90	1862217
663	406	519	90	90	1862223
666	406	523	90	90	1862229
669	406	523	90	90	1862235
673	406	523	90	90	1862242
675	407	527	90	90	1862248
678	407	527	90	90	1862254
680	407	527	90	90	1862260
681	407	527	90	90	1862267
682	407	533	90	90	1862279
684	407	541	90	90	1862304
683	408	549	90	90	1862317
682	409	555	90	90	1862323
681	410	555	90	90	1862329
680	411	555	90	90	1862335
679	412	555	90	90	1862342
677	413	555	90	90	1862348
675	414	555	90	90	1862354
673	415	559	90	90	1862360
671	416	559	90	90	1862367
669	417	559	90	90	1862373
668	417	559	90	90	1862379
666	418	563	90	90	1862385
664	419	563	90	90	1862392
663	420	563	90	90	1862398
661	421	563	90	90	1862404
660	421	563	90	90	1862410
659	422	567	90	90	1862417
658	423	567	90	90	1862423
657	423	567	90	90	1862435
656	424	566	90	90	1862492
657	423	567	90	90	1862498
658	422	567	90	90	1862504
659	421	571	90	90	1862510
660	421	571	90	90	1862517
661	420	571	90	90	1862523
662	419	575	90	90	1862529
664	419	571	90	90	1862535
666	418	571	90	90	1862542
668	417	571	90	90	1862548
670	417	571	90	90	1862554
672	416	571	90	90	1862560
674	415	571	90	90	1862567
676	415	571	90	90	1862573
677	414	571	90	90	1862579
679	413	571	90	90	1862585
680	413	571	90	90	1862592
682	412	571	90	90	1862598
683	411	571	90	90	1862604
684	411	571	90	90	1862617
685	410	573	90	90	1862635
686	409	580	90	90	1862654
686	408	585	90	90	1862667
685	407	588	90	90	1862679
683	405	588	90	90	1862685
682	404	588	90	90	1862692
681	403	588	90	90	1862698
680	402	588	90	90	1862704
678	400	588	90	90	1862710
677	399	592	90	90	1862717
675	397	592	90	90	1862723
673	396	592	90	90	1862729
671	394	596	90	90	1862735
669	393	596	90	90	1862742
667	391	596	90	90	1862748
665	390	596	90	90	1862754
664	389	596	90	90	1862760
663	388	596	90	90	1862767
662	387	592	90	90	1862773
661	386	592	90	90	1862785
660	385	592	90	90	1862798
660	384	592	90	90	1862810
659	383	421	90	90	1862848
661	384	14	90	90	1862860
40
718	401	282	90	90	1863373
719	401	443	90	90	1863379
720	401	455	90	90	1863385
721	401	463	90	90	1863392
723	401	471	90	90	1863398
725	401	479	90	90	1863404
727	401	491	90	90	1863410
730	401	499	90	90	1863417
733	401	503	90	90	1863423
737	401	511	90	90	1863429
741	401	519	90	90	1863435
745	401	523	90	90	1863442
750	401	527	90	90	1863448
755	401	535	90	90	1863454
760	401	543	90	90	1863460
765	401	551	90	90	1863467
771	401	563	90	90	1863473
776	402	575	90	90	1863479
782	402	592	90	90	1863485
787	402	604	90	90	1863492
792	402	612	90	90	1863498
798	402	624	90	90	1863504
803	402	632	90	90	1863510
808	402	640	90	90	1863517
813	402	648	90	90	1863523
818	402	648	90	90	1863529
822	402	652	90	90	1863535
827	402	652	90	90	1863542
831	402	656	90	90	1863548
834	402	656	90	90	1863554
838	401	660	90	90	1863560
841	401	660	90	90	1863567
843	401	660	90	90	1863573
845	401	664	90	90	1863579
847	400	664	90	90	1863585
849	400	660	90	90	1863592
850	400	585	90	90	1863604
851	400	339	90	90	1863617
849	400	140	90	90	1863623
848	400	0	90	90	1863635
51
440	396	84	90	90	1864304
439	397	263	90	90	1864348
440	396	316	90	90	1864360
442	396	338	90	90	1864373
443	395	350	90	90	1864379
445	395	362	90	90	1864385
446	395	366	90	90	1864392
448	395	370	90	90	1864398
450	395	374	90	90	1864404
452	395	378	90	90	1864410
454	395	382	90	90	1864417
456	395	386	90	90	1864423
459	395	394	90	90	1864429
462	396	398	90	90	1864435
464	396	402	90	90	1864442
467	396	414	90	90	1864448
470	396	418	90	90	1864454
473	397	422	90	90	1864460
476	397	426	90	90	1864467
479	396	430	90	90	1864473
482	396	430	90	90	1864479
484	396	439	90	90	1864485
487	396	439	90	90	1864492
490	395	443	90	90	1864498
493	395	447	90	90	1864504
496	395	447	90	90	1864510
498	395	451	90	90	1864517
500	395	459	90	90	1864523
503	395	463	90	90	1864529
505	395	467	90	90	1864535
507	395	471	90	90	1864542
509	396	475	90	90	1864548
511	396	479	90	90	1864554
513	396	479	90	90	1864560
515	396	479	90	90	1864567
516	397	487	90	90	1864573
518	397	487	90	90	1864579
519	397	487	90	90	1864585
520	397	491	90	90	1864592
522	397	491	90	90	1864598
523	397	491	90	90	1864604
524	397	499	90	90	1864610
525	397	499	90	90	1864617
526	397	499	90	90	1864629
527	397	500	90	90	1864648
528	397	508	90	90	1864667
529	397	515	90	90	1864679
530	397	519	90	90	1864692
532	397	519	90	90	1864704
533	397	521	90	90	1864723
534	397	303	90	90	1864779
5
1
324	426	0	90	90	2008301
54
433	397	90	90	90	2008838
434	397	205	90	90	2008851
435	397	285	90	90	2008857
436	398	334	90	90	2008863
437	398	374	90	90	2008870
438	398	402	90	90	2008876
440	398	430	90	90	2008882
441	398	455	90	90	2008888
443	399	467	90	90	2008895
445	399	479	90	90	2008901
447	399	491	90	90	2008907
450	400	503	90	90	2008913
453	400	511	90	90	2008920
456	400	511	90	90	2008926
459	401	515	90	90	2008932
462	401	515	90	90	2008938
466	401	519	90	90	2008945
470	401	519	90	90	2008951
474	401	519	90	90	2008957
478	401	519	90	90	2008963
482	401	523	90	90	2008970
486	401	523	90	90	2008976
489	401	523	90	90	2008982
493	402	523	90	90	2008988
498	402	527	90	90	2008995
502	402	531	90	90	2009001
506	402	535	90	90	2009007
510	402	539	90	90	2009013
513	403	547	90	90	2009020
517	403	555	90	90	2009026
521	403	563	90	90	2009032
524	403	571	90	90	2009038
528	403	583	90	90	2009045
531	403	592	90	90	2009051
534	403	604	90	90	2009057
537	403	612	90	90	2009063
540	403	620	90	90	2009070
543	403	632	90	90	2009076
545	403	640	90	90	2009082
548	403	648	90	90	2009088
550	403	656	90	90	2009095
552	403	660	90	90	2009101
554	403	668	90	90	2009107
556	403	672	90	90	2009113
558	404	672	90	90	2009120
560	404	676	90	90	2009126
561	404	676	90	90	2009132
563	404	680	90	90	2009138
565	404	680	90	90	2009145
566	404	680	90	90	2009151
567	404	680	90	90	2009157
568	404	674	90	90	2009170
569	404	405	90	90	2009195
569	405	30	90	90	2009207
131
598	455	12	90	90	2009620
595	454	72	90	90	2009626
594	453	136	90	90	2009632
592	452	189	90	90	2009638
590	451	241	90	90	2009645
588	450	277	90	90	2009651
586	449	306	90	90	2009657
584	447	338	90	90	2009663
583	446	362	90	90	2009670
581	444	378	90	90	2009676
579	442	390	90	90	2009682
578	439	402	90	90	2009688
576	437	418	90	90	2009695
575	434	426	90	90	2009701
573	431	443	90	90	2009707
572	428	455	90	90	2009713
571	425	467	90	90	2009720
570	423	479	90	90	2009726
569	420	491	90	90	2009732
569	417	503	90	90	2009738
568	414	511	90	90	2009745
568	411	515	90	90	2009751
567	408	515	90	90	2009757
567	405	519	90	90	2009763
567	402	523	90	90	2009770
568	399	523	90	90	2009776
568	397	527	90	90	2009782
568	394	535	90	90	2009788
569	391	539	90	90	2009795
570	388	547	90	90	2009801
570	385	559	90	90	2009807
571	383	567	90	90	2009813
572	380	575	90	90	2009820
573	378	588	90	90	2009826
575	376	604	90	90	2009832
576	374	616	90	90	2009838
578	372	628	90	90	2009845
580	370	640	90	90	2009851
581	368	656	90	90	2009857
584	366	664	90	90	2009863
586	364	676	90	90	2009870
589	363	688	90	90	2009876
591	361	696	90	90	2009882
594	360	704	90	90	2009888
597	358	712	90	90	2009895
600	357	720	90	90	2009901
603	356	728	90	90	2009907
606	356	741	90	90	2009913
609	355	749	90	90	2009920
612	355	757	90	90	2009926
615	355	765	90	90	2009932
618	355	773	90	90	2009938
622	355	777	90	90	2009945
625	355	785	90	90	2009951
629	356	789	90	90	2009957
632	356	797	90	90	2009963
636	357	801	90	90	2009970
639	358	805	90	90	2009976
643	359	813	90	90	2009982
647	360	817	90	90	2009988
650	361	821	90	90	2009995
654	362	825	90	90	2010001
658	364	829	90	90	2010007
661	365	829	90	90	2010013
664	367	833	90	90	2010020
667	368	833	90	90	2010026
670	370	833	90	90	2010032
673	372	837	90	90	2010038
676	374	837	90	90	2010045
678	376	841	90	90	2010051
680	379	841	90	90	2010057
682	381	841	90	90	2010063
683	384	845	90	90	2010070
684	386	845	90	90	2010076
685	389	849	90	90	2010082
686	392	849	90	90	2010088
686	394	849	90	90	2010095
685	396	853	90	90	2010101
685	399	853	90	90	2010107
684	401	857	90	90	2010113
684	403	857	90	90	2010120
683	406	857	90	90	2010126
682	409	861	90	90	2010132
681	411	865	90	90	2010138
680	414	865	90	90	2010145
679	417	865	90	90	2010151
677	419	865	90	90	2010157
676	422	869	90	90	2010163
674	424	869	90	90	2010170
672	427	869	90	90	2010176
670	429	869	90	90	2010182
669	431	869	90	90	2010188
667	434	873	90	90	2010195
665	436	873	90	90	2010201
663	438	873	90	90	2010207
662	440	878	90	90	2010213
660	443	878	90	90	2010220
658	445	878	90	90	2010226
656	446	878	90	90	2010232
654	448	873	90	90	2010238
652	450	873	90	90	2010245
650	451	873	90	90	2010251
647	452	873	90	90	2010257
645	454	873	90	90	2010263
642	455	873	90	90	2010270
640	456	873	90	90	2010276
637	457	873	90	90	2010282
635	458	873	90	90	2010288
633	459	873	90	90	2010295
631	460	873	90	90	2010301
629	461	873	90	90	2010307
626	461	873	90	90	2010313
624	461	869	90	90	2010320
621	462	869	90	90	2010326
619	462	869	90	90	2010332
616	462	869	90	90	2010338
614	461	869	90	90	2010345
611	461	865	90	90	2010351
609	460	865	90	90	2010357
607	460	865	90	90	2010363
605	459	861	90	90	2010370
603	458	857	90	90	2010376
601	456	849	90	90	2010382
599	455	837	90	90	2010388
597	454	813	90	90	2010395
595	452	761	90	90	2010401
593	451	624	90	90	2010407
591	450	471	90	90	2010413
589	449	318	90	90	2010420
588	448	153	90	90	2010426
587	448	0	90	90	2010438
88
588	406	28	90	90	2010751
587	406	180	90	90	2010763
585	406	429	90	90	2010807
586	407	563	90	90	2010813
587	407	596	90	90	2010820
589	407	620	90	90	2010826
591	408	648	90	90	2010832
593	408	672	90	90	2010838
596	409	692	90	90	2010845
600	409	708	90	90	2010851
603	410	728	90	90	2010857
607	410	741	90	90	2010863
611	410	749	90	90	2010870
615	411	757	90	90	2010876
620	411	761	90	90	2010882
624	411	769	90	90	2010888
628	411	773	90	90	2010895
633	411	777	90	90	2010901
637	412	781	90	90	2010907
641	412	785	90	90	2010913
645	412	789	90	90	2010920
649	412	793	90	90	2010926
652	412	793	90	90	2010932
654	412	797	90	90	2010938
657	413	797	90	90	2010945
658	413	801	90	90	2010951
659	413	803	90	90	2010963
660	414	809	90	90	2010988
659	416	813	90	90	2011001
658	417	813	90	90	2011007
657	418	813	90	90	2011013
655	419	813	90	90	2011020
654	420	809	90	90	2011026
653	421	809	90	90	2011032
651	422	809	90	90	2011038
650	423	805	90	90	2011045
648	424	805	90	90	2011051
647	425	805	90	90	2011057
645	426	805	90	90	2011063
644	427	805	90	90	2011070
642	427	805	90	90	2011076
641	428	805	90	90	2011082
640	429	805	90	90	2011088
639	429	805	90	90	2011101
638	430	805	90	90	2011120
637	430	800	90	90	2011182
638	429	797	90	90	2011195
639	428	797	90	90	2011201
640	427	801	90	90	2011207
641	427	801	90	90	2011213
643	426	801	90	90	2011220
644	426	801	90	90	2011226
646	425	805	90	90	2011232
647	424	805	90	90	2011238
649	424	809	90	90	2011245
651	423	809	90	90	2011251
652	422	813	90	90	2011257
653	422	813	90	90	2011263
655	421	817	90	90	2011270
656	421	817	90	90	2011276
657	420	817	90	90	2011282
658	419	817	90	90	2011288
659	419	817	90	90	2011301
660	417	817	90	90	2011313
662	417	817	90	90	2011326
662	416	825	90	90	2011388
662	415	829	90	90	2011401
661	414	825	90	90	2011407
661	413	825	90	90	2011413
660	412	825	90	90	2011420
660	411	821	90	90	2011426
659	409	817	90	90	2011432
658	408	817	90	90	2011438
657	406	813	90	90	2011445
655	405	813	90	90	2011451
654	404	809	90	90	2011457
653	402	809	90	90	2011463
652	401	805	90	90	2011470
650	400	805	90	90	2011476
649	399	805	90	90	2011482
647	398	805	90	90	2011488
646	398	809	90	90	2011495
645	397	809	90	90	2011507
644	396	813	90	90	2011538
643	396	796	90	90	2011563
644	395	599	90	90	2011576
645	395	305	90	90	2011588
646	396	34	90	90	2011601
51
683	412	436	90	90	2012057
684	412	644	90	90	2012070
685	412	656	90	90	2012082
687	412	664	90	90	2012088
688	412	668	90	90	2012095
690	412	672	90	90	2012101
692	413	676	90	90	2012107
694	413	680	90	90	2012113
696	413	688	90	90	2012120
698	413	692	90	90	2012126
701	414	696	90	90	2012132
704	414	704	90	90	2012138
707	414	708	90	90	2012145
710	414	712	90	90	2012151
713	415	724	90	90	2012157
717	415	728	90	90	2012163
721	416	728	90	90	2012170
724	416	733	90	90	2012176
728	416	737	90	90	2012182
732	417	741	90	90	2012188
735	417	741	90	90	2012195
739	418	745	90	90	2012201
743	418	749	90	90	2012207
746	418	753	90	90	2012213
750	419	757	90	90	2012220
754	419	757	90	90	2012226
757	419	761	90	90	2012232
761	420	761	90	90	2012238
764	420	765	90	90	2012245
768	420	765	90	90	2012251
771	421	769	90	90	2012257
774	421	769	90	90	2012263
778	421	769	90	90	2012270
780	421	769	90	90	2012276
783	422	773	90	90	2012282
786	422	773	90	90	2012288
788	422	773	90	90	2012295
790	422	769	90	90	2012301
793	423	769	90	90	2012307
795	423	769	90	90	2012313
797	423	769	90	90	2012320
799	423	769	90	90	2012326
800	423	769	90	90	2012332
802	423	769	90	90	2012338
804	423	769	90	90	2012345
805	423	769	90	90	2012351
806	423	769	90	90	2012363
807	423	769	90	90	2012382
808	423	660	90	90	2012432
807	424	189	90	90	2012438
806	424	16	90	90	2012451
5
1
342	428	0	90	90	2141355
52
451	421	60	90	90	2141905
450	421	312	90	90	2141949
451	420	479	90	90	2141955
452	420	523	90	90	2141962
453	420	551	90	90	2141968
455	421	575	90	90	2141974
457	421	600	90	90	2141980
459	421	616	90	90	2141987
461	421	628	90	90	2141993
464	422	636	90	90	2141999
467	422	644	90	90	2142005
470	422	652	90	90	2142012
473	423	656	90	90	2142018
476	423	660	90	90	2142024
479	423	664	90	90	2142030
483	423	668	90	90	2142037
486	423	668	90	90	2142043
489	423	672	90	90	2142049
493	423	676	90	90	2142055
497	423	680	90	90	2142062
501	423	680	90	90	2142068
506	423	684	90	90	2142074
510	423	688	90	90	2142080
514	423	692	90	90	2142087
518	423	696	90	90	2142093
522	423	704	90	90	2142099
526	423	712	90	90	2142105
530	423	724	90	90	2142112
534	423	733	90	90	2142118
537	423	741	90	90	2142124
541	423	749	90	90	2142130
545	423	757	90	90	2142137
548	423	761	90	90	2142143
552	423	769	90	90	2142149
556	423	777	90	90	2142155
559	423	781	90	90	2142162
562	423	789	90	90	2142168
565	423	793	90	90	2142174
568	423	801	90	90	2142180
571	423	809	90	90	2142187
573	423	813	90	90	2142193
576	423	817	90	90	2142199
578	423	825	90	90	2142205
580	423	829	90	90	2142212
581	423	833	90	90	2142218
583	423	837	90	90	2142224
584	423	837	90	90	2142230
586	423	841	90	90	2142237
587	423	841	90	90	2142243
588	423	839	90	90	2142255
589	423	633	90	90	2142287
588	423	80	90	90	2142305
155
625	476	166	90	90	2142668
624	476	340	90	90	2142680
623	476	418	90	90	2142687
622	475	463	90	90	2142693
621	475	511	90	90	2142699
620	475	543	90	90	2142705
619	474	571	90	90	2142712
618	473	600	90	90	2142718
616	472	620	90	90	2142724
615	471	636	90	90	2142730
614	470	648	90	90	2142737
612	469	656	90	90	2142743
611	468	668	90	90	2142749
609	467	676	90	90	2142755
608	465	684	90	90	2142762
606	464	692	90	90	2142768
605	462	696	90	90	2142774
604	460	704	90	90	2142780
603	459	712	90	90	2142787
601	457	720	90	90	2142793
600	455	728	90	90	2142799
599	454	733	90	90	2142805
598	452	737	90	90	2142812
597	451	741	90	90	2142818
596	449	745	90	90	2142824
595	448	749	90	90	2142830
594	447	753	90	90	2142837
593	445	757	90	90	2142843
592	444	761	90	90	2142849
591	442	765	90	90	2142855
590	440	769	90	90	2142862
590	438	773	90	90	2142868
589	437	773	90	90	2142874
589	435	777	90	90	2142880
588	433	781	90	90	2142887
588	432	781	90	90	2142893
587	430	785	90	90	2142899
587	429	785	90	90	2142905
587	427	789	90	90	2142912
587	426	789	90	90	2142918
587	424	793	90	90	2142924
587	423	797	90	90	2142930
588	421	801	90	90	2142937
588	420	801	90	90	2142943
588	418	805	90	90	2142949
589	417	809	90	90	2142955
589	415	809	90	90	2142962
590	413	813	90	90	2142968
591	411	813	90	90	2142974
592	410	813	90	90	2142980
593	408	817	90	90	2142987
594	406	817	90	90	2142993
596	405	817	90	90	2142999
597	403	821	90	90	2143005
599	401	821	90	90	2143012
600	400	829	90	90	2143018
602	399	829	90	90	2143024
603	397	833	90	90	2143030
605	396	837	90	90	2143037
606	395	841	90	90	2143043
608	393	845	90	90	2143049
610	392	849	90	90	2143055
612	391	849	90	90	2143062
614	390	853	90	90	2143068
617	390	853	90	90	2143074
619	390	857	90	90	2143080
622	389	857	90	90	2143087
624	389	861	90	90	2143093
627	390	861	90	90	2143099
629	390	861	90	90	2143105
632	390	865	90	90	2143112
634	391	865	90	90	2143118
637	391	865	90	90	2143124
639	392	869	90	90	2143130
642	392	869	90	90	2143137
645	393	873	90	90	2143143
647	394	873	90	90	2143149
650	394	873	90	90	2143155
652	395	878	90	90	2143162
654	396	878	90	90	2143168
657	397	878	90	90	2143174
659	397	878	90	90	2143180
661	398	878	90	90	2143187
663	399	878	90	90	2143193
666	400	878	90	90	2143199
668	401	882	90	90	2143205
670	402	882	90	90	2143212
672	403	886	90	90	2143218
674	404	886	90	90	2143224
675	406	890	90	90	2143230
677	407	890	90	90	2143237
678	409	894	90	90	2143243
679	411	894	90	90	2143249
680	413	898	90	90	2143255
681	415	898	90	90	2143262
682	417	898	90	90	2143268
683	419	902	90	90	2143274
683	421	902	90	90	2143280
683	422	902	90	90	2143287
684	424	902	90	90	2143293
684	426	902	90	90	2143299
684	428	906	90	90	2143305
684	430	906	90	90	2143312
683	433	906	90	90	2143318
683	435	910	90	90	2143324
683	437	910	90	90	2143330
683	439	914	90	90	2143337
682	441	914	90	90	2143343
682	443	914	90	90	2143349
682	445	914	90	90	2143355
681	447	914	90	90	2143362
680	449	914	90	90	2143368
679	451	914	90	90	2143374
678	453	914	90	90	2143380
677	455	910	90	90	2143387
676	456	910	90	90	2143393
675	458	914	90	90	2143399
673	460	914	90	90	2143405
672	462	914	90	90	2143412
670	464	914	90	90	2143418
669	465	914	90	90	2143424
667	467	918	90	90	2143430
666	468	918	90	90	2143437
664	469	918	90	90	2143443
663	471	918	90	90	2143449
661	472	918	90	90	2143455
660	473	918	90	90	2143462
659	474	918	90	90	2143468
657	475	918	90	90	2143474
656	475	918	90	90	2143480
654	476	914	90	90	2143487
653	476	914	90	90	2143493
652	476	914	90	90	2143499
650	476	914	90	90	2143505
648	476	914	90	90	2143512
647	476	914	90	90	2143518
645	476	914	90	90	2143524
643	476	914	90	90	2143530
641	476	914	90	90	2143537
640	476	914	90	90	2143543
638	476	914	90	90	2143549
636	476	914	90	90	2143555
635	476	914	90	90	2143562
633	476	914	90	90	2143568
632	476	914	90	90	2143574
631	476	914	90	90	2143580
629	475	914	90	90	2143587
628	475	914	90	90	2143593
627	474	918	90	90	2143599
625	474	918	90	90	2143605
624	473	918	90	90	2143612
623	473	918	90	90	2143618
622	472	918	90	90	2143624
621	472	916	90	90	2143637
619	471	555	90	90	2143693
83
605	430	12	90	90	2144018
604	430	276	90	90	2144043
603	431	599	90	90	2144074
602	431	758	90	90	2144118
603	432	789	90	90	2144124
604	432	797	90	90	2144130
605	432	801	90	90	2144137
607	432	809	90	90	2144143
609	433	813	90	90	2144149
611	433	817	90	90	2144155
614	433	825	90	90	2144162
617	433	829	90	90	2144168
620	434	833	90	90	2144174
623	434	837	90	90	2144180
627	434	841	90	90	2144187
630	434	845	90	90	2144193
633	434	849	90	90	2144199
637	434	853	90	90	2144205
640	434	857	90	90	2144212
643	435	861	90	90	2144218
645	435	865	90	90	2144224
648	435	869	90	90	2144230
650	435	869	90	90	2144237
652	435	873	90	90	2144243
653	435	873	90	90	2144249
655	435	878	90	90	2144255
656	435	878	90	90	2144268
657	435	888	90	90	2144368
657	436	902	90	90	2144387
657	437	902	90	90	2144399
656	438	902	90	90	2144412
655	440	902	90	90	2144424
653	441	902	90	90	2144430
652	441	902	90	90	2144437
651	442	902	90	90	2144443
650	442	902	90	90	2144449
649	443	902	90	90	2144455
648	443	902	90	90	2144462
647	443	902	90	90	2144468
645	443	902	90	90	2144474
644	444	906	90	90	2144480
643	444	906	90	90	2144487
642	444	906	90	90	2144493
641	444	906	90	90	2144505
640	445	906	90	90	2144518
639	445	906	90	90	2144537
638	446	904	90	90	2144599
639	445	902	90	90	2144605
640	444	902	90	90	2144612
641	444	902	90	90	2144618
642	443	898	90	90	2144624
644	443	898	90	90	2144630
645	442	898	90	90	2144637
647	441	898	90	90	2144643
649	441	898	90	90	2144649
651	440	898	90	90	2144655
653	439	898	90	90	2144662
654	439	898	90	90	2144668
656	438	898	90	90	2144674
657	438	898	90	90	2144680
658	438	898	90	90	2144687
659	437	898	90	90	2144699
660	437	899	90	90	2144755
660	436	902	90	90	2144774
658	435	902	90	90	2144787
657	433	902	90	90	2144793
656	432	902	90	90	2144799
655	431	898	90	90	2144805
654	430	898	90	90	2144812
653	428	898	90	90	2144818
651	427	898	90	90	2144824
650	426	898	90	90	2144830
648	425	898	90	90	2144837
647	424	898	90	90	2144843
645	423	902	90	90	2144849
644	422	902	90	90	2144855
643	421	902	90	90	2144862
642	421	902	90	90	2144868
641	420	904	90	90	2144880
640	419	877	90	90	2144949
641	419	472	90	90	2144962
643	420	217	90	90	2144968
644	421	20	90	90	2144980
41
683	435	465	90	90	2145599
684	435	654	90	90	2145612
686	435	664	90	90	2145618
687	435	672	90	90	2145624
689	435	676	90	90	2145630
691	435	684	90	90	2145637
694	435	692	90	90	2145643
697	435	700	90	90	2145649
700	435	708	90	90	2145655
704	435	712	90	90	2145662
708	435	724	90	90	2145668
713	435	733	90	90	2145674
718	434	737	90	90	2145680
723	434	745	90	90	2145687
728	434	753	90	90	2145693
733	434	761	90	90	2145699
739	435	765	90	90	2145705
744	435	773	90	90	2145712
750	435	781	90	90	2145718
755	435	789	90	90	2145724
760	435	793	90	90	2145730
765	436	797	90	90	2145737
769	436	801	90	90	2145743
774	436	805	90	90	2145749
778	436	805	90	90	2145755
781	436	809	90	90	2145762
785	437	813	90	90	2145768
788	437	813	90	90	2145774
791	437	817	90	90	2145780
793	437	817	90	90	2145787
796	437	817	90	90	2145793
798	437	817	90	90	2145799
800	437	821	90	90	2145805
802	438	821	90	90	2145812
803	438	821	90	90	2145818
805	438	821	90	90	2145824
806	438	821	90	90	2145830
807	438	821	90	90	2145843
808	438	825	90	90	2145862
809	438	829	90	90	2145887
810	438	450	90	90	2145943
5
1
330	416	0	90	90	2257059
165
609	463	110	90	90	2257640
608	462	281	90	90	2257652
606	461	362	90	90	2257659
605	460	398	90	90	2257665
604	459	447	90	90	2257671
603	458	487	90	90	2257677
601	457	527	90	90	2257684
599	456	555	90	90	2257690
597	455	588	90	90	2257696
595	453	612	90	90	2257702
593	452	632	90	90	2257709
591	450	652	90	90	2257715
588	448	668	90	90	2257721
586	445	680	90	90	2257727
584	443	688	90	90	2257734
582	440	700	90	90	2257740
580	437	708	90	90	2257746
578	435	720	90	90	2257752
576	432	728	90	90	2257759
575	429	737	90	90	2257765
573	426	741	90	90	2257771
572	424	749	90	90	2257777
571	421	753	90	90	2257784
569	418	757	90	90	2257790
568	415	765	90	90	2257796
567	412	769	90	90	2257802
566	409	773	90	90	2257809
565	405	777	90	90	2257815
565	402	785	90	90	2257821
564	399	789	90	90	2257827
564	397	793	90	90	2257834
565	394	797	90	90	2257840
565	391	801	90	90	2257846
566	388	805	90	90	2257852
567	385	809	90	90	2257859
568	383	809	90	90	2257865
569	380	813	90	90	2257871
570	377	817	90	90	2257877
571	374	821	90	90	2257884
572	372	821	90	90	2257890
573	369	825	90	90	2257896
575	367	829	90	90	2257902
576	364	833	90	90	2257909
578	362	837	90	90	2257915
579	360	841	90	90	2257921
581	357	845	90	90	2257927
583	355	845	90	90	2257934
585	353	849	90	90	2257940
587	351	853	90	90	2257946
589	350	857	90	90	2257952
591	348	861	90	90	2257959
593	347	869	90	90	2257965
596	346	878	90	90	2257971
598	345	882	90	90	2257977
601	344	886	90	90	2257984
604	343	894	90	90	2257990
607	343	898	90	90	2257996
610	342	902	90	90	2258002
613	342	906	90	90	2258009
616	342	906	90	90	2258015
620	342	906	90	90	2258021
623	342	910	90	90	2258027
626	342	910	90	90	2258034
629	342	910	90	90	2258040
632	342	910	90	90	2258046
635	342	914	90	90	2258052
639	343	914	90	90	2258059
642	343	910	90	90	2258065
645	344	910	90	90	2258071
648	344	910	90	90	2258077
651	345	910	90	90	2258084
653	346	910	90	90	2258090
656	347	910	90	90	2258096
659	348	910	90	90	2258102
661	349	910	90	90	2258109
664	350	914	90	90	2258115
666	352	914	90	90	2258121
668	354	914	90	90	2258127
671	356	918	90	90	2258134
673	358	918	90	90	2258140
675	360	918	90	90	2258146
677	362	922	90	90	2258152
679	364	922	90	90	2258159
681	366	922	90	90	2258165
682	368	922	90	90	2258171
684	370	922	90	90	2258177
685	373	922	90	90	2258184
687	375	922	90	90	2258190
688	378	922	90	90	2258196
689	380	922	90	90	2258202
690	383	926	90	90	2258209
691	386	926	90	90	2258215
691	388	926	90	90	2258221
692	391	926	90	90	2258227
692	393	926	90	90	2258234
692	396	926	90	90	2258240
692	398	930	90	90	2258246
692	400	930	90	90	2258252
691	403	930	90	90	2258259
691	405	930	90	90	2258265
690	408	930	90	90	2258271
689	410	930	90	90	2258277
689	413	934	90	90	2258284
688	415	934	90	90	2258290
687	417	934	90	90	2258296
686	420	934	90	90	2258302
685	421	934	90	90	2258309
684	423	934	90	90	2258315
683	425	934	90	90	2258321
682	427	934	90	90	2258327
680	429	934	90	90	2258334
679	430	934	90	90	2258340
678	432	934	90	90	2258346
676	434	934	90	90	2258352
675	437	934	90	90	2258359
673	438	934	90	90	2258365
671	440	938	90	90	2258371
670	442	938	90	90	2258377
668	444	938	90	90	2258384
667	445	938	90	90	2258390
665	447	934	90	90	2258396
664	448	934	90	90	2258402
662	449	934	90	90	2258409
661	450	934	90	90	2258415
659	451	934	90	90	2258421
658	452	930	90	90	2258427
656	453	930	90	90	2258434
654	454	930	90	90	2258440
653	455	930	90	90	2258446
651	456	930	90	90	2258452
649	456	930	90	90	2258459
647	457	930	90	90	2258465
646	458	930	90	90	2258471
644	459	930	90	90	2258477
643	459	930	90	90	2258484
641	460	930	90	90	2258490
640	460	930	90	90	2258496
638	461	930	90	90	2258502
637	461	930	90	90	2258509
635	461	930	90	90	2258515
633	462	930	90	90	2258521
631	462	930	90	90	2258527
630	463	930	90	90	2258534
628	463	930	90	90	2258540
627	463	930	90	90	2258546
625	463	930	90	90	2258552
623	463	930	90	90	2258559
622	463	930	90	90	2258565
620	463	926	90	90	2258571
618	463	926	90	90	2258577
616	462	926	90	90	2258584
614	462	926	90	90	2258590
612	461	926	90	90	2258596
610	460	926	90	90	2258602
609	459	922	90	90	2258609
607	458	922	90	90	2258615
605	457	914	90	90	2258621
604	456	902	90	90	2258627
602	455	886	90	90	2258634
601	454	845	90	90	2258640
599	453	720	90	90	2258646
598	452	571	90	90	2258652
596	452	406	90	90	2258659
594	451	241	90	90	2258665
592	450	32	90	90	2258677
86
585	400	12	90	90	2259027
584	399	271	90	90	2259052
585	399	459	90	90	2259059
586	400	515	90	90	2259065
588	400	555	90	90	2259071
590	400	600	90	90	2259077
592	400	632	90	90	2259084
595	401	660	90	90	2259090
599	401	684	90	90	2259096
602	401	700	90	90	2259102
607	401	720	90	90	2259109
611	401	733	90	90	2259115
615	402	745	90	90	2259121
619	402	757	90	90	2259127
623	402	765	90	90	2259134
628	402	773	90	90	2259140
632	402	781	90	90	2259146
636	402	785	90	90	2259152
640	402	793	90	90	2259159
643	402	801	90	90	2259165
646	403	805	90	90	2259171
649	403	813	90	90	2259177
652	403	817	90	90	2259184
654	403	821	90	90	2259190
656	403	829	90	90	2259196
657	403	829	90	90	2259202
659	404	837	90	90	2259221
660	404	849	90	90	2259246
660	405	857	90	90	2259259
659	406	861	90	90	2259271
658	407	861	90	90	2259277
657	408	861	90	90	2259284
655	409	861	90	90	2259290
654	410	861	90	90	2259296
652	411	861	90	90	2259302
651	412	861	90	90	2259309
649	413	861	90	90	2259315
646	414	861	90	90	2259321
644	415	861	90	90	2259327
642	416	861	90	90	2259334
640	416	861	90	90	2259340
639	417	861	90	90	2259346
637	417	861	90	90	2259352
636	418	861	90	90	2259359
635	418	859	90	90	2259371
634	418	855	90	90	2259409
635	418	853	90	90	2259415
636	418	853	90	90	2259421
638	417	853	90	90	2259427
639	417	853	90	90	2259434
641	416	853	90	90	2259440
643	416	853	90	90	2259446
644	415	853	90	90	2259452
646	414	857	90	90	2259459
648	414	857	90	90	2259465
650	413	857	90	90	2259471
652	412	857	90	90	2259477
654	411	857	90	90	2259484
655	410	857	90	90	2259490
657	409	861	90	90	2259496
658	409	861	90	90	2259502
659	408	861	90	90	2259509
661	407	861	90	90	2259515
662	407	861	90	90	2259521
663	406	865	90	90	2259534
664	406	865	90	90	2259552
665	405	871	90	90	2259621
665	404	878	90	90	2259634
664	402	878	90	90	2259640
663	401	878	90	90	2259646
662	400	878	90	90	2259652
661	398	878	90	90	2259659
660	397	878	90	90	2259665
659	396	878	90	90	2259671
657	395	882	90	90	2259677
656	393	882	90	90	2259684
655	392	882	90	90	2259690
653	391	882	90	90	2259696
652	390	882	90	90	2259702
651	389	882	90	90	2259709
650	388	882	90	90	2259715
649	387	882	90	90	2259721
648	387	882	90	90	2259734
647	386	865	90	90	2259796
648	386	553	90	90	2259809
649	387	151	90	90	2259827
42
690	399	241	90	90	2260234
691	398	492	90	90	2260252
692	399	585	90	90	2260265
693	399	646	90	90	2260277
695	399	684	90	90	2260284
696	399	704	90	90	2260290
697	399	728	90	90	2260296
699	399	745	90	90	2260302
701	399	757	90	90	2260309
704	399	765	90	90	2260315
707	399	773	90	90	2260321
710	399	781	90	90	2260327
714	399	785	90	90	2260334
718	399	789	90	90	2260340
722	399	789	90	90	2260346
727	399	793	90	90	2260352
732	399	793	90	90	2260359
737	399	797	90	90	2260365
743	399	801	90	90	2260371
749	400	801	90	90	2260377
754	400	805	90	90	2260384
760	400	809	90	90	2260390
766	400	809	90	90	2260396
772	400	813	90	90	2260402
778	400	813	90	90	2260409
784	401	813	90	90	2260415
790	401	817	90	90	2260421
795	401	817	90	90	2260427
800	401	817	90	90	2260434
805	401	821	90	90	2260440
809	402	821	90	90	2260446
813	402	825	90	90	2260452
817	402	825	90	90	2260459
820	402	825	90	90	2260465
822	402	825	90	90	2260471
824	402	829	90	90	2260477
826	402	825	90	90	2260484
828	402	825	90	90	2260490
829	402	725	90	90	2260521
827	402	382	90	90	2260527
825	401	229	90	90	2260534
822	401	32	90	90	2260546
61
447	391	28	90	90	2260990
446	391	124	90	90	2260996
444	391	250	90	90	2261015
443	391	506	90	90	2261065
444	391	610	90	90	2261077
445	391	632	90	90	2261084
446	391	644	90	90	2261090
448	391	660	90	90	2261096
450	391	672	90	90	2261102
452	391	684	90	90	2261109
454	391	696	90	90	2261115
456	391	708	90	90	2261121
459	391	720	90	90	2261127
462	392	728	90	90	2261134
465	392	737	90	90	2261140
468	392	741	90	90	2261146
472	392	749	90	90	2261152
475	393	753	90	90	2261159
479	393	757	90	90	2261165
482	393	765	90	90	2261171
486	393	769	90	90	2261177
489	393	777	90	90	2261184
492	394	785	90	90	2261190
496	394	789	90	90	2261196
499	394	793	90	90	2261202
502	394	797	90	90	2261209
506	394	801	90	90	2261215
509	394	805	90	90	2261221
512	394	809	90	90	2261227
515	394	813	90	90	2261234
519	394	817	90	90	2261240
521	394	821	90	90	2261246
524	394	825	90	90	2261252
527	394	829	90	90	2261259
530	394	833	90	90	2261265
532	394	837	90	90	2261271
535	394	841	90	90	2261277
537	394	841	90	90	2261284
540	394	845	90	90	2261290
542	394	845	90	90	2261296
545	394	845	90	90	2261302
546	394	849	90	90	2261309
548	394	849	90	90	2261315
550	393	849	90	90	2261321
551	393	849	90	90	2261327
552	393	849	90	90	2261334
553	393	849	90	90	2261340
554	393	849	90	90	2261352
556	393	849	90	90	2261365
557	393	853	90	90	2261421
558	392	854	90	90	2261459
559	392	857	90	90	2261471
560	392	857	90	90	2261484
561	392	857	90	90	2261496
562	392	857	90	90	2261509
563	392	857	90	90	2261527
564	393	857	90	90	2261552
565	393	857	90	90	2261571
566	393	857	90	90	2261590
567	393	764	90	90	2261690
566	392	40	90	90	2261702
6
1
328	428	0	90	90	2386366
147
613	477	60	90	90	2387441
611	478	140	90	90	2387447
610	478	209	90	90	2387453
609	477	277	90	90	2387459
607	477	334	90	90	2387466
606	477	378	90	90	2387472
604	476	418	90	90	2387478
601	475	459	90	90	2387484
599	474	491	90	90	2387491
596	472	527	90	90	2387497
593	471	551	90	90	2387503
590	469	575	90	90	2387509
587	466	600	90	90	2387516
584	464	616	90	90	2387522
581	461	632	90	90	2387528
579	459	648	90	90	2387534
577	456	660	90	90	2387541
574	453	668	90	90	2387547
572	450	676	90	90	2387553
571	447	680	90	90	2387559
569	444	684	90	90	2387566
567	440	688	90	90	2387572
566	437	688	90	90	2387578
564	434	692	90	90	2387584
563	430	692	90	90	2387591
563	427	696	90	90	2387597
562	424	696	90	90	2387603
562	420	700	90	90	2387609
562	417	704	90	90	2387616
562	413	708	90	90	2387622
562	410	712	90	90	2387628
562	406	720	90	90	2387634
563	403	724	90	90	2387641
564	400	733	90	90	2387647
565	397	737	90	90	2387653
566	394	741	90	90	2387659
568	391	745	90	90	2387666
569	388	749	90	90	2387672
571	385	753	90	90	2387678
573	383	757	90	90	2387684
575	380	757	90	90	2387691
576	377	765	90	90	2387697
578	375	769	90	90	2387703
580	372	777	90	90	2387709
582	370	785	90	90	2387716
584	368	793	90	90	2387722
587	367	801	90	90	2387728
590	365	809	90	90	2387734
593	364	813	90	90	2387741
596	363	821	90	90	2387747
599	363	821	90	90	2387753
602	362	825	90	90	2387759
605	362	829	90	90	2387766
608	362	833	90	90	2387772
611	362	837	90	90	2387778
614	362	837	90	90	2387784
617	362	841	90	90	2387791
621	362	845	90	90	2387797
624	362	845	90	90	2387803
627	363	849	90	90	2387809
631	363	853	90	90	2387816
634	363	853	90	90	2387822
637	364	857	90	90	2387828
641	364	861	90	90	2387834
644	364	861	90	90	2387841
646	365	865	90	90	2387847
649	366	869	90	90	2387853
652	366	869	90	90	2387859
655	367	869	90	90	2387866
657	368	869	90	90	2387872
659	369	873	90	90	2387878
662	370	873	90	90	2387884
664	372	873	90	90	2387891
666	373	873	90	90	2387897
668	375	873	90	90	2387903
670	377	873	90	90	2387909
672	379	873	90	90	2387916
673	381	878	90	90	2387922
675	383	878	90	90	2387928
676	385	882	90	90	2387934
678	388	882	90	90	2387941
679	390	882	90	90	2387947
680	393	882	90	90	2387953
681	395	882	90	90	2387959
682	397	886	90	90	2387966
682	399	886	90	90	2387972
683	402	886	90	90	2387978
683	404	890	90	90	2387984
684	407	890	90	90	2387991
684	409	894	90	90	2387997
684	412	898	90	90	2388003
684	415	898	90	90	2388009
684	417	898	90	90	2388016
684	420	902	90	90	2388022
684	423	902	90	90	2388028
684	425	906	90	90	2388034
684	428	906	90	90	2388041
683	430	906	90	90	2388047
683	433	910	90	90	2388053
683	435	914	90	90	2388059
682	438	918	90	90	2388066
682	440	918	90	90	2388072
681	443	918	90	90	2388078
680	445	918	90	90	2388084
680	447	922	90	90	2388091
679	450	922	90	90	2388097
678	452	918	90	90	2388103
677	454	918	90	90	2388109
676	456	918	90	90	2388116
675	458	918	90	90	2388122
674	460	922	90	90	2388128
672	462	922	90	90	2388134
671	464	922	90	90	2388141
669	465	922	90	90	2388147
667	467	926	90	90	2388153
666	468	926	90	90	2388159
664	470	926	90	90	2388166
662	471	926	90	90	2388172
661	472	926	90	90	2388178
659	473	926	90	90	2388184
657	474	926	90	90	2388191
655	475	926	90	90	2388197
653	476	922	90	90	2388203
651	477	922	90	90	2388209
649	478	922	90	90	2388216
647	478	922	90	90	2388222
644	479	922	90	90	2388228
642	479	922	90	90	2388234
640	479	922	90	90	2388241
638	480	922	90	90	2388247
636	480	918	90	90	2388253
634	480	918	90	90	2388259
632	480	918	90	90	2388266
629	480	914	90	90	2388272
627	480	910	90	90	2388278
625	480	910	90	90	2388284
622	480	906	90	90	2388291
619	480	902	90	90	2388297
617	480	898	90	90	2388303
615	480	886	90	90	2388309
612	480	873	90	90	2388316
611	479	845	90	90	2388322
609	479	781	90	90	2388328
608	478	640	90	90	2388334
607	478	479	90	90	2388341
606	477	322	90	90	2388347
605	476	76	90	90	2388359
33
578	421	104	90	90	2388634
576	420	438	90	90	2388672
577	420	596	90	90	2388678
579	420	620	90	90	2388684
580	420	644	90	90	2388691
582	420	672	90	90	2388697
585	420	692	90	90	2388703
588	420	712	90	90	2388709
591	420	728	90	90	2388716
594	420	741	90	90	2388722
598	420	753	90	90	2388728
602	420	761	90	90	2388734
606	420	769	90	90	2388741
610	420	773	90	90	2388747
614	420	777	90	90	2388753
619	420	785	90	90	2388759
623	420	789	90	90	2388766
627	420	793	90	90	2388772
631	420	797	90	90	2388778
635	420	797	90	90	2388784
639	420	801	90	90	2388791
643	420	801	90	90	2388797
646	420	805	90	90	2388803
649	420	805	90	90	2388809
652	420	805	90	90	2388816
654	420	809	90	90	2388822
657	420	809	90	90	2388828
658	420	809	90	90	2388834
659	420	805	90	90	2388841
660	420	668	90	90	2388872
659	421	298	90	90	2388878
658	421	149	90	90	2388884
656	422	0	90	90	2388897
37
643	438	310	90	90	2389047
644	437	606	90	90	2389059
646	436	644	90	90	2389066
647	435	664	90	90	2389072
648	435	680	90	90	2389078
649	434	696	90	90	2389084
651	433	708	90	90	2389091
652	432	724	90	90	2389097
653	431	733	90	90	2389103
655	430	741	90	90	2389109
656	429	749	90	90	2389116
657	428	757	90	90	2389122
658	427	761	90	90	2389128
659	426	763	90	90	2389141
660	425	771	90	90	2389153
661	424	778	90	90	2389172
661	423	791	90	90	2389184
661	422	801	90	90	2389197
659	420	805	90	90	2389203
659	419	809	90	90	2389209
658	418	813	90	90	2389216
657	417	813	90	90	2389222
656	415	817	90	90	2389228
654	413	821	90	90	2389234
653	412	821	90	90	2389241
651	410	825	90	90	2389247
650	408	825	90	90	2389253
648	406	829	90	90	2389259
647	405	829	90	90	2389266
646	404	829	90	90	2389272
645	403	831	90	90	2389284
644	402	811	90	90	2389303
645	401	724	90	90	2389309
646	401	588	90	90	2389316
647	402	439	90	90	2389322
648	402	281	90	90	2389328
649	403	60	90	90	2389341
50
679	415	24	90	90	2389509
680	415	215	90	90	2389528
681	415	376	90	90	2389541
682	415	475	90	90	2389553
683	415	539	90	90	2389559
684	415	571	90	90	2389566
686	415	604	90	90	2389572
687	415	628	90	90	2389578
689	414	648	90	90	2389584
691	414	664	90	90	2389591
693	414	676	90	90	2389597
696	414	688	90	90	2389603
699	414	696	90	90	2389609
702	414	704	90	90	2389616
706	414	712	90	90	2389622
709	414	724	90	90	2389628
713	414	733	90	90	2389634
717	413	741	90	90	2389641
721	413	749	90	90	2389647
725	413	757	90	90	2389653
729	413	761	90	90	2389659
733	414	765	90	90	2389666
737	414	769	90	90	2389672
742	414	773	90	90	2389678
746	414	777	90	90	2389684
749	414	777	90	90	2389691
753	414	781	90	90	2389697
757	414	781	90	90	2389703
761	414	785	90	90	2389709
764	414	785	90	90	2389716
768	414	785	90	90	2389722
771	414	789	90	90	2389728
774	414	789	90	90	2389734
777	414	789	90	90	2389741
780	414	793	90	90	2389747
783	414	793	90	90	2389753
786	414	793	90	90	2389759
789	414	793	90	90	2389766
791	414	797	90	90	2389772
794	414	797	90	90	2389778
796	414	797	90	90	2389784
799	413	797	90	90	2389791
802	413	793	90	90	2389797
804	413	785	90	90	2389803
807	413	769	90	90	2389809
809	412	737	90	90	2389816
811	412	668	90	90	2389822
813	412	535	90	90	2389828
814	412	382	90	90	2389834
815	412	103	90	90	2389853
56
417	410	337	90	90	2390278
418	411	595	90	90	2390291
420	412	628	90	90	2390297
421	412	644	90	90	2390303
422	412	656	90	90	2390309
424	412	664	90	90	2390316
426	412	672	90	90	2390322
428	413	680	90	90	2390328
431	413	684	90	90	2390334
434	413	692	90	90	2390341
437	413	692	90	90	2390347
440	413	696	90	90	2390353
443	414	700	90	90	2390359
447	414	700	90	90	2390366
451	414	700	90	90	2390372
455	414	704	90	90	2390378
458	415	704	90	90	2390384
463	415	704	90	90	2390391
467	415	704	90	90	2390397
471	415	704	90	90	2390403
476	416	704	90	90	2390409
480	416	708	90	90	2390416
484	416	708	90	90	2390422
489	416	708	90	90	2390428
493	416	708	90	90	2390434
497	416	712	90	90	2390441
501	416	712	90	90	2390447
505	416	712	90	90	2390453
509	416	712	90	90	2390459
512	416	712	90	90	2390466
516	416	712	90	90	2390472
519	416	712	90	90	2390478
522	416	712	90	90	2390484
525	416	720	90	90	2390491
528	416	720	90	90	2390497
530	417	720	90	90	2390503
533	417	720	90	90	2390509
535	417	720	90	90	2390516
537	417	720	90	90	2390522
539	417	720	90	90	2390528
541	417	720	90	90	2390534
542	417	720	90	90	2390541
544	417	720	90	90	2390547
545	417	720	90	90	2390553
547	417	720	90	90	2390559
548	417	724	90	90	2390566
549	417	724	90	90	2390572
550	417	724	90	90	2390578
552	418	724	90	90	2390584
553	418	725	90	90	2390603
555	418	728	90	90	2390616
556	418	730	90	90	2390628
557	418	733	90	90	2390641
558	418	733	90	90	2390653
560	418	733	90	90	2390666
561	418	491	90	90	2390728
