7
1
615	553	0	90	90	842232
154
690	559	4	90	90	843119
689	560	134	90	90	843132
687	562	261	90	90	843138
686	563	306	90	90	843144
685	563	354	90	90	843151
684	564	402	90	90	843157
682	565	459	90	90	843163
681	567	519	90	90	843169
679	568	559	90	90	843176
678	569	600	90	90	843182
676	570	632	90	90	843188
674	571	652	90	90	843194
672	571	668	90	90	843201
669	572	680	90	90	843207
667	573	692	90	90	843213
665	573	696	90	90	843219
662	574	704	90	90	843226
659	574	712	90	90	843232
657	575	724	90	90	843238
654	575	733	90	90	843244
651	575	741	90	90	843251
648	575	745	90	90	843257
645	575	753	90	90	843263
641	575	757	90	90	843269
638	575	761	90	90	843276
635	575	761	90	90	843282
631	574	761	90	90	843288
628	574	765	90	90	843294
624	573	765	90	90	843301
621	572	765	90	90	843307
617	571	765	90	90	843313
613	570	765	90	90	843319
610	568	765	90	90	843326
606	566	765	90	90	843332
603	564	765	90	90	843338
600	563	765	90	90	843344
596	561	769	90	90	843351
593	559	769	90	90	843357
590	556	769	90	90	843363
587	554	773	90	90	843369
585	552	773	90	90	843376
582	549	773	90	90	843382
580	547	773	90	90	843388
577	544	773	90	90	843394
575	541	773	90	90	843401
573	538	773	90	90	843407
570	535	773	90	90	843413
568	532	773	90	90	843419
566	528	777	90	90	843426
564	525	777	90	90	843432
562	521	781	90	90	843438
560	518	781	90	90	843444
558	514	789	90	90	843451
557	511	793	90	90	843457
556	507	797	90	90	843463
555	503	805	90	90	843469
555	499	813	90	90	843476
554	495	817	90	90	843482
554	492	825	90	90	843488
554	488	829	90	90	843494
554	484	837	90	90	843501
554	480	841	90	90	843507
555	475	841	90	90	843513
555	471	845	90	90	843519
556	467	849	90	90	843526
557	463	853	90	90	843532
558	459	857	90	90	843538
559	455	861	90	90	843544
561	451	865	90	90	843551
563	447	869	90	90	843557
566	443	869	90	90	843563
568	440	873	90	90	843569
571	436	873	90	90	843576
574	433	878	90	90	843582
576	429	878	90	90	843588
580	426	878	90	90	843594
583	424	878	90	90	843601
586	421	878	90	90	843607
590	419	878	90	90	843613
594	416	878	90	90	843619
598	414	882	90	90	843626
603	412	882	90	90	843632
607	411	882	90	90	843638
612	409	882	90	90	843644
617	408	882	90	90	843651
622	407	882	90	90	843657
627	406	882	90	90	843663
632	405	886	90	90	843669
638	405	886	90	90	843676
643	405	886	90	90	843682
648	405	886	90	90	843688
653	405	886	90	90	843694
659	406	886	90	90	843701
664	407	890	90	90	843707
668	408	890	90	90	843713
673	409	890	90	90	843719
677	411	890	90	90	843726
681	413	890	90	90	843732
685	415	894	90	90	843738
689	417	894	90	90	843744
692	419	894	90	90	843751
696	421	890	90	90	843757
699	423	890	90	90	843763
701	426	890	90	90	843769
704	429	890	90	90	843776
706	432	890	90	90	843782
708	435	890	90	90	843788
710	438	890	90	90	843794
711	441	890	90	90	843801
713	444	886	90	90	843807
714	448	886	90	90	843813
715	451	882	90	90	843819
715	454	882	90	90	843826
716	458	882	90	90	843832
716	462	878	90	90	843838
717	465	878	90	90	843844
717	469	882	90	90	843851
717	472	882	90	90	843857
717	476	882	90	90	843863
716	479	882	90	90	843869
716	483	882	90	90	843876
716	487	886	90	90	843882
715	490	886	90	90	843888
715	493	886	90	90	843894
714	497	882	90	90	843901
713	500	882	90	90	843907
712	503	882	90	90	843913
711	506	882	90	90	843919
710	509	878	90	90	843926
709	511	878	90	90	843932
708	514	873	90	90	843938
706	517	873	90	90	843944
705	519	873	90	90	843951
703	522	873	90	90	843957
701	524	873	90	90	843963
699	526	873	90	90	843969
698	528	873	90	90	843976
696	530	873	90	90	843982
694	532	873	90	90	843988
692	534	873	90	90	843994
691	535	873	90	90	844001
689	537	873	90	90	844007
688	539	873	90	90	844013
687	541	873	90	90	844019
686	543	878	90	90	844026
685	545	873	90	90	844032
684	546	873	90	90	844038
683	548	873	90	90	844044
682	549	873	90	90	844051
681	550	869	90	90	844057
680	551	861	90	90	844063
679	552	839	90	90	844076
678	554	748	90	90	844088
677	555	262	90	90	844119
63
596	488	384	90	90	845269
595	488	784	90	90	845357
596	489	910	90	90	845363
597	489	918	90	90	845369
598	489	926	90	90	845376
599	489	934	90	90	845382
600	489	938	90	90	845388
601	489	946	90	90	845394
603	489	946	90	90	845401
604	489	950	90	90	845407
606	489	954	90	90	845413
608	489	954	90	90	845419
609	490	954	90	90	845426
611	490	958	90	90	845432
613	490	958	90	90	845438
615	490	958	90	90	845444
617	490	962	90	90	845451
619	490	962	90	90	845457
620	490	966	90	90	845463
622	490	966	90	90	845469
623	490	966	90	90	845476
625	490	970	90	90	845482
626	490	974	90	90	845488
627	490	974	90	90	845494
628	490	978	90	90	845501
629	489	978	90	90	845507
630	489	982	90	90	845513
631	489	982	90	90	845519
632	489	986	90	90	845526
633	489	986	90	90	845532
634	489	986	90	90	845538
635	489	990	90	90	845544
636	489	990	90	90	845551
637	489	990	90	90	845557
638	489	990	90	90	845563
639	489	994	90	90	845569
641	488	994	90	90	845576
642	488	994	90	90	845582
643	488	994	90	90	845588
645	488	994	90	90	845594
646	488	994	90	90	845601
647	488	994	90	90	845607
649	488	998	90	90	845613
650	489	998	90	90	845619
651	489	998	90	90	845626
653	489	998	90	90	845632
654	489	998	90	90	845638
655	489	998	90	90	845644
656	489	998	90	90	845651
657	489	998	90	90	845657
658	489	998	90	90	845663
659	489	998	90	90	845669
660	489	998	90	90	845676
661	489	998	90	90	845682
662	489	998	90	90	845688
663	489	998	90	90	845701
665	489	998	90	90	845713
666	488	998	90	90	845719
667	488	998	90	90	845726
668	488	998	90	90	845738
670	488	998	90	90	845751
671	488	999	90	90	845769
672	488	787	90	90	845894
47
662	503	323	90	90	846344
662	504	659	90	90	846382
661	505	763	90	90	846407
660	505	810	90	90	846432
659	506	863	90	90	846494
659	507	906	90	90	846576
659	506	940	90	90	846594
660	505	952	90	90	846607
661	504	960	90	90	846619
662	502	964	90	90	846632
664	501	970	90	90	846638
664	500	972	90	90	846651
666	499	974	90	90	846657
667	498	978	90	90	846663
668	497	978	90	90	846669
669	497	980	90	90	846682
670	495	982	90	90	846694
671	494	984	90	90	846707
672	493	986	90	90	846719
673	493	986	90	90	846738
674	492	986	90	90	846757
675	491	988	90	90	846776
676	490	990	90	90	846794
676	489	988	90	90	846826
677	488	986	90	90	846863
678	487	981	90	90	847026
678	486	976	90	90	847044
676	485	974	90	90	847057
675	484	974	90	90	847063
674	483	974	90	90	847069
673	482	974	90	90	847076
671	481	970	90	90	847082
670	480	970	90	90	847088
668	479	970	90	90	847094
667	478	970	90	90	847101
665	477	970	90	90	847107
664	476	970	90	90	847113
662	475	970	90	90	847119
661	475	974	90	90	847132
660	473	974	90	90	847144
659	472	974	90	90	847157
658	471	974	90	90	847169
657	470	974	90	90	847182
656	469	974	90	90	847201
655	468	974	90	90	847226
654	467	920	90	90	847276
655	466	241	90	90	847307
53
715	487	453	90	90	848682
716	487	785	90	90	848694
717	487	795	90	90	848707
718	487	801	90	90	848713
719	487	805	90	90	848719
721	487	809	90	90	848726
722	487	813	90	90	848732
723	487	817	90	90	848738
725	488	821	90	90	848744
726	488	825	90	90	848751
728	488	829	90	90	848757
730	488	833	90	90	848763
732	488	837	90	90	848769
734	488	837	90	90	848776
737	488	841	90	90	848782
739	488	841	90	90	848788
742	488	845	90	90	848794
745	488	853	90	90	848801
748	488	857	90	90	848807
751	489	861	90	90	848813
755	489	869	90	90	848819
758	489	873	90	90	848826
761	489	878	90	90	848832
765	489	882	90	90	848838
768	489	886	90	90	848844
772	489	886	90	90	848851
775	489	886	90	90	848857
779	489	886	90	90	848863
782	489	886	90	90	848869
786	489	886	90	90	848876
789	489	890	90	90	848882
792	489	890	90	90	848888
795	489	890	90	90	848894
799	489	894	90	90	848901
802	489	894	90	90	848907
805	489	898	90	90	848913
808	489	898	90	90	848919
811	489	902	90	90	848926
814	489	902	90	90	848932
817	489	902	90	90	848938
819	490	906	90	90	848944
822	490	906	90	90	848951
824	490	906	90	90	848957
827	490	906	90	90	848963
828	490	906	90	90	848969
830	490	906	90	90	848976
831	490	906	90	90	848982
832	490	908	90	90	848994
833	490	902	90	90	849026
832	489	722	90	90	849038
830	489	487	90	90	849044
829	489	318	90	90	849051
827	489	72	90	90	849063
57
552	484	162	90	90	850213
553	484	503	90	90	850269
552	484	677	90	90	850307
551	484	736	90	90	850326
550	484	769	90	90	850338
549	484	795	90	90	850351
547	484	813	90	90	850357
546	484	825	90	90	850363
545	484	837	90	90	850369
544	484	845	90	90	850376
543	484	853	90	90	850382
541	484	861	90	90	850388
539	485	869	90	90	850394
538	485	873	90	90	850401
536	485	882	90	90	850407
534	485	890	90	90	850413
532	485	894	90	90	850419
530	486	902	90	90	850426
528	486	906	90	90	850432
526	486	910	90	90	850438
524	487	914	90	90	850444
521	487	918	90	90	850451
519	487	922	90	90	850457
516	487	926	90	90	850463
513	487	926	90	90	850469
510	487	930	90	90	850476
507	487	930	90	90	850482
504	487	934	90	90	850488
500	487	938	90	90	850494
497	487	938	90	90	850501
494	486	942	90	90	850507
490	486	942	90	90	850513
487	486	942	90	90	850519
484	485	946	90	90	850526
480	485	946	90	90	850532
477	485	946	90	90	850538
474	485	950	90	90	850544
472	485	950	90	90	850551
469	485	950	90	90	850557
467	485	950	90	90	850563
465	485	950	90	90	850569
464	485	950	90	90	850576
462	485	950	90	90	850582
460	485	950	90	90	850588
459	485	950	90	90	850594
458	485	950	90	90	850601
457	485	950	90	90	850607
456	485	950	90	90	850619
455	485	950	90	90	850632
454	485	945	90	90	850669
453	484	925	90	90	850763
452	484	930	90	90	850782
451	484	930	90	90	850801
450	484	930	90	90	850819
449	484	906	90	90	850863
449	483	529	90	90	850882
449	482	69	90	90	850901
5
271	393	243	90	90	851713
270	394	799	90	90	851782
271	394	766	90	90	851794
272	393	462	90	90	851807
273	393	77	90	90	851826
7
1
605	454	0	90	90	1066748
152
699	515	108	90	90	1067448
699	516	285	90	90	1067460
698	518	471	90	90	1067466
697	519	535	90	90	1067473
697	520	563	90	90	1067479
696	521	592	90	90	1067485
695	523	620	90	90	1067491
693	524	648	90	90	1067498
692	525	676	90	90	1067504
690	527	696	90	90	1067510
688	528	712	90	90	1067516
686	530	728	90	90	1067523
684	532	741	90	90	1067529
682	534	753	90	90	1067535
679	535	765	90	90	1067541
676	537	777	90	90	1067548
673	538	785	90	90	1067554
669	540	797	90	90	1067560
666	541	805	90	90	1067566
662	542	813	90	90	1067573
659	543	821	90	90	1067579
655	544	829	90	90	1067585
651	544	833	90	90	1067591
648	544	841	90	90	1067598
644	544	849	90	90	1067604
640	544	857	90	90	1067610
636	543	865	90	90	1067616
633	543	873	90	90	1067623
629	542	886	90	90	1067629
626	541	890	90	90	1067635
623	540	898	90	90	1067641
619	539	902	90	90	1067648
616	538	910	90	90	1067654
613	536	914	90	90	1067660
610	535	918	90	90	1067666
607	533	926	90	90	1067673
604	531	930	90	90	1067679
601	529	938	90	90	1067685
598	527	942	90	90	1067691
595	525	950	90	90	1067698
592	522	954	90	90	1067704
589	519	958	90	90	1067710
586	516	962	90	90	1067716
584	513	962	90	90	1067723
581	510	966	90	90	1067729
579	507	966	90	90	1067735
577	504	970	90	90	1067741
575	501	970	90	90	1067748
573	497	974	90	90	1067754
571	494	974	90	90	1067760
570	491	974	90	90	1067766
569	488	978	90	90	1067773
567	484	978	90	90	1067779
566	481	978	90	90	1067785
565	478	978	90	90	1067791
565	474	982	90	90	1067798
564	470	982	90	90	1067804
564	467	982	90	90	1067810
564	463	986	90	90	1067816
564	460	986	90	90	1067823
565	456	986	90	90	1067829
566	453	986	90	90	1067835
568	449	990	90	90	1067841
569	446	990	90	90	1067848
572	443	990	90	90	1067854
574	439	994	90	90	1067860
577	436	994	90	90	1067866
580	433	994	90	90	1067873
584	430	994	90	90	1067879
587	428	998	90	90	1067885
591	425	998	90	90	1067891
595	423	998	90	90	1067898
600	422	998	90	90	1067904
605	420	998	90	90	1067910
609	419	998	90	90	1067916
614	418	1002	90	90	1067923
618	417	1002	90	90	1067929
623	416	998	90	90	1067935
627	416	998	90	90	1067941
632	416	998	90	90	1067948
636	416	998	90	90	1067954
640	416	998	90	90	1067960
644	416	994	90	90	1067966
648	417	994	90	90	1067973
651	418	994	90	90	1067979
654	418	994	90	90	1067985
658	419	994	90	90	1067991
661	421	994	90	90	1067998
664	422	994	90	90	1068004
666	423	994	90	90	1068010
669	425	994	90	90	1068016
672	426	994	90	90	1068023
674	428	994	90	90	1068029
677	430	994	90	90	1068035
679	431	994	90	90	1068041
681	433	994	90	90	1068048
684	435	990	90	90	1068054
686	437	990	90	90	1068060
688	438	990	90	90	1068066
690	440	986	90	90	1068073
692	442	982	90	90	1068079
694	444	978	90	90	1068085
696	446	974	90	90	1068091
698	448	974	90	90	1068098
700	451	970	90	90	1068104
702	453	970	90	90	1068110
703	455	970	90	90	1068116
704	457	970	90	90	1068123
705	459	970	90	90	1068129
706	461	970	90	90	1068135
706	464	970	90	90	1068141
707	466	970	90	90	1068148
708	468	970	90	90	1068154
708	470	970	90	90	1068160
709	472	974	90	90	1068166
709	474	974	90	90	1068173
709	476	974	90	90	1068179
709	478	974	90	90	1068185
709	480	974	90	90	1068191
709	482	974	90	90	1068198
709	484	974	90	90	1068204
709	487	978	90	90	1068210
709	489	978	90	90	1068216
709	491	982	90	90	1068223
708	493	986	90	90	1068229
708	494	990	90	90	1068235
708	496	990	90	90	1068241
707	498	994	90	90	1068248
707	499	998	90	90	1068254
706	501	998	90	90	1068260
706	502	998	90	90	1068266
705	503	1002	90	90	1068273
704	505	1002	90	90	1068279
703	506	1002	90	90	1068285
702	507	1002	90	90	1068291
701	509	1002	90	90	1068298
700	510	1002	90	90	1068304
699	511	1002	90	90	1068310
698	513	1002	90	90	1068316
697	514	1006	90	90	1068323
696	515	1006	90	90	1068329
696	517	1006	90	90	1068335
695	518	1006	90	90	1068341
694	518	1010	90	90	1068354
693	520	1010	90	90	1068366
692	521	1010	90	90	1068379
691	521	1008	90	90	1068391
690	521	1004	90	90	1068404
689	521	988	90	90	1068423
688	522	936	90	90	1068441
687	521	693	90	90	1068460
686	520	145	90	90	1068485
39
614	478	358	90	90	1069585
613	478	910	90	90	1069698
613	479	1006	90	90	1069710
614	479	1010	90	90	1069723
616	479	1014	90	90	1069729
617	479	1014	90	90	1069735
618	480	1014	90	90	1069741
619	480	1014	90	90	1069748
621	480	1023	90	90	1069754
623	480	1023	90	90	1069760
624	480	1023	90	90	1069766
626	480	1023	90	90	1069773
628	480	1023	90	90	1069779
630	480	1023	90	90	1069785
632	480	1023	90	90	1069791
634	480	1023	90	90	1069798
636	480	1023	90	90	1069804
639	480	1023	90	90	1069810
642	480	1023	90	90	1069816
644	479	1023	90	90	1069823
647	479	1023	90	90	1069829
650	479	1023	90	90	1069835
652	479	1023	90	90	1069841
654	479	1023	90	90	1069848
656	478	1023	90	90	1069854
658	478	1023	90	90	1069860
660	478	1023	90	90	1069866
662	478	1023	90	90	1069873
664	478	1023	90	90	1069879
666	478	1023	90	90	1069885
668	478	1023	90	90	1069891
670	478	1023	90	90	1069898
672	478	1023	90	90	1069904
673	478	1023	90	90	1069910
674	479	1023	90	90	1069916
675	479	1023	90	90	1069929
676	479	1021	90	90	1069991
677	478	941	90	90	1070029
678	478	381	90	90	1070066
45
663	492	4	90	90	1070479
662	492	58	90	90	1070491
661	492	148	90	90	1070504
660	492	255	90	90	1070516
659	492	366	90	90	1070535
658	493	501	90	90	1070598
659	493	764	90	90	1070654
660	493	869	90	90	1070685
662	493	902	90	90	1070698
663	492	910	90	90	1070704
664	491	914	90	90	1070710
665	490	918	90	90	1070716
666	489	922	90	90	1070723
668	488	926	90	90	1070729
670	487	926	90	90	1070735
671	485	930	90	90	1070741
673	484	930	90	90	1070748
675	482	934	90	90	1070754
676	481	934	90	90	1070760
678	479	938	90	90	1070766
679	478	938	90	90	1070773
680	477	938	90	90	1070779
681	476	942	90	90	1070791
682	475	948	90	90	1070979
682	474	906	90	90	1071035
680	473	906	90	90	1071048
679	472	906	90	90	1071060
678	471	906	90	90	1071066
677	470	906	90	90	1071073
676	470	906	90	90	1071079
675	469	906	90	90	1071085
674	468	906	90	90	1071091
672	466	906	90	90	1071098
670	465	910	90	90	1071104
669	463	914	90	90	1071110
667	462	918	90	90	1071116
665	461	922	90	90	1071123
664	459	926	90	90	1071129
663	458	930	90	90	1071135
662	457	934	90	90	1071141
661	456	940	90	90	1071154
660	455	942	90	90	1071185
660	454	889	90	90	1071235
661	454	376	90	90	1071254
661	455	16	90	90	1071266
42
709	477	354	90	90	1072348
708	477	778	90	90	1072385
707	477	910	90	90	1072460
708	477	962	90	90	1072473
709	477	970	90	90	1072479
710	476	978	90	90	1072485
712	476	982	90	90	1072491
713	476	986	90	90	1072498
715	476	986	90	90	1072504
718	476	990	90	90	1072510
721	476	994	90	90	1072516
723	476	994	90	90	1072523
727	476	998	90	90	1072529
730	476	998	90	90	1072535
734	476	998	90	90	1072541
738	476	1002	90	90	1072548
742	476	1006	90	90	1072554
747	476	1010	90	90	1072560
752	477	1014	90	90	1072566
757	477	1023	90	90	1072573
762	477	1023	90	90	1072579
768	477	1023	90	90	1072585
773	477	1023	90	90	1072591
778	477	1023	90	90	1072598
784	476	1023	90	90	1072604
789	476	1023	90	90	1072610
793	476	1023	90	90	1072616
797	476	1023	90	90	1072623
801	476	1023	90	90	1072629
804	476	1023	90	90	1072635
807	475	1023	90	90	1072641
809	475	1023	90	90	1072648
811	475	1023	90	90	1072654
812	475	1023	90	90	1072660
814	475	1023	90	90	1072666
815	475	1023	90	90	1072679
816	475	1023	90	90	1072698
817	475	1004	90	90	1072766
816	474	637	90	90	1072779
815	475	370	90	90	1072785
814	475	181	90	90	1072791
813	475	0	90	90	1072804
41
564	474	474	90	90	1074148
563	474	836	90	90	1074173
562	474	851	90	90	1074185
560	475	861	90	90	1074198
559	475	873	90	90	1074204
557	476	882	90	90	1074210
556	476	890	90	90	1074216
554	476	902	90	90	1074223
552	476	910	90	90	1074229
550	476	918	90	90	1074235
547	476	926	90	90	1074241
544	476	930	90	90	1074248
540	476	938	90	90	1074254
536	476	942	90	90	1074260
532	476	946	90	90	1074266
528	476	946	90	90	1074273
524	476	950	90	90	1074279
519	476	954	90	90	1074285
515	476	962	90	90	1074291
511	476	962	90	90	1074298
507	476	966	90	90	1074304
503	476	970	90	90	1074310
499	475	974	90	90	1074316
496	475	974	90	90	1074323
493	475	978	90	90	1074329
491	475	978	90	90	1074335
488	475	982	90	90	1074341
486	475	982	90	90	1074348
484	475	982	90	90	1074354
482	475	982	90	90	1074360
480	475	982	90	90	1074366
479	475	982	90	90	1074373
477	474	978	90	90	1074379
476	474	978	90	90	1074385
475	474	978	90	90	1074391
474	474	978	90	90	1074404
473	474	978	90	90	1074416
472	473	978	90	90	1074460
471	473	974	90	90	1074491
470	473	925	90	90	1074554
470	472	312	90	90	1074585
2
265	399	534	90	90	1075479
266	398	81	90	90	1075498
7
1
330	404	0	90	90	1306303
35
444	477	76	90	90	1307649
445	478	540	90	90	1307749
446	479	795	90	90	1307761
447	479	819	90	90	1307774
448	479	829	90	90	1307780
450	479	837	90	90	1307786
451	478	841	90	90	1307793
453	478	845	90	90	1307799
455	478	849	90	90	1307805
457	478	849	90	90	1307811
460	478	853	90	90	1307818
463	478	853	90	90	1307824
466	478	853	90	90	1307830
470	478	857	90	90	1307836
474	478	861	90	90	1307843
478	478	861	90	90	1307849
483	479	865	90	90	1307855
489	479	869	90	90	1307861
494	479	873	90	90	1307868
500	479	873	90	90	1307874
506	479	878	90	90	1307880
512	479	882	90	90	1307886
518	479	882	90	90	1307893
524	478	882	90	90	1307899
529	478	882	90	90	1307905
534	478	882	90	90	1307911
539	477	882	90	90	1307918
543	477	882	90	90	1307924
547	477	882	90	90	1307930
550	476	878	90	90	1307936
553	476	865	90	90	1307943
556	476	837	90	90	1307949
558	476	757	90	90	1307955
559	476	608	90	90	1307961
560	476	215	90	90	1307986
171
689	477	272	90	90	1308718
690	478	606	90	90	1308755
691	480	696	90	90	1308768
691	481	704	90	90	1308774
691	482	708	90	90	1308780
691	483	708	90	90	1308786
691	485	708	90	90	1308793
691	486	712	90	90	1308799
691	488	712	90	90	1308805
691	490	712	90	90	1308811
690	493	720	90	90	1308818
689	495	720	90	90	1308824
688	497	720	90	90	1308830
687	499	724	90	90	1308836
686	502	724	90	90	1308843
684	503	728	90	90	1308849
682	505	733	90	90	1308855
680	507	737	90	90	1308861
678	509	741	90	90	1308868
676	510	749	90	90	1308874
673	512	753	90	90	1308880
671	514	761	90	90	1308886
669	515	765	90	90	1308893
666	517	773	90	90	1308899
664	518	777	90	90	1308905
661	520	781	90	90	1308911
659	521	789	90	90	1308918
656	522	793	90	90	1308924
654	523	797	90	90	1308930
651	524	801	90	90	1308936
648	525	809	90	90	1308943
646	525	813	90	90	1308949
643	526	817	90	90	1308955
641	526	817	90	90	1308961
638	526	821	90	90	1308968
635	526	825	90	90	1308974
633	526	825	90	90	1308980
631	526	829	90	90	1308986
628	526	833	90	90	1308993
626	526	833	90	90	1308999
623	525	837	90	90	1309005
621	525	841	90	90	1309011
618	524	841	90	90	1309018
616	523	845	90	90	1309024
614	522	849	90	90	1309030
611	521	853	90	90	1309036
609	520	857	90	90	1309043
607	519	861	90	90	1309049
605	518	869	90	90	1309055
603	517	873	90	90	1309061
601	516	878	90	90	1309068
599	514	882	90	90	1309074
597	513	886	90	90	1309080
595	511	886	90	90	1309086
593	510	890	90	90	1309093
591	508	890	90	90	1309099
590	507	894	90	90	1309105
588	505	894	90	90	1309111
586	504	898	90	90	1309118
584	502	902	90	90	1309124
583	501	902	90	90	1309130
581	499	906	90	90	1309136
580	498	910	90	90	1309143
579	497	914	90	90	1309149
577	495	918	90	90	1309155
576	493	922	90	90	1309161
575	492	926	90	90	1309168
573	490	930	90	90	1309174
572	488	930	90	90	1309180
571	486	934	90	90	1309186
569	485	938	90	90	1309193
568	483	942	90	90	1309199
567	481	946	90	90	1309205
566	479	946	90	90	1309211
565	478	950	90	90	1309218
565	476	954	90	90	1309224
564	475	954	90	90	1309230
564	473	958	90	90	1309236
564	471	958	90	90	1309243
563	470	958	90	90	1309249
563	468	958	90	90	1309255
563	467	958	90	90	1309261
563	465	958	90	90	1309268
563	464	958	90	90	1309274
563	462	958	90	90	1309280
563	461	958	90	90	1309286
563	459	962	90	90	1309293
564	458	962	90	90	1309299
564	456	962	90	90	1309305
565	455	962	90	90	1309311
566	453	962	90	90	1309318
567	451	966	90	90	1309324
568	449	966	90	90	1309330
570	447	970	90	90	1309336
571	445	970	90	90	1309343
573	443	974	90	90	1309349
575	441	978	90	90	1309355
577	438	978	90	90	1309361
580	436	982	90	90	1309368
583	434	982	90	90	1309374
585	432	982	90	90	1309380
588	430	986	90	90	1309386
592	428	986	90	90	1309393
595	426	990	90	90	1309399
598	425	990	90	90	1309405
601	424	994	90	90	1309411
605	423	998	90	90	1309418
608	422	998	90	90	1309424
612	421	1002	90	90	1309430
616	420	1002	90	90	1309436
619	419	1006	90	90	1309443
623	418	1006	90	90	1309449
626	418	1006	90	90	1309455
630	417	1006	90	90	1309461
634	417	1010	90	90	1309468
637	416	1010	90	90	1309474
641	416	1014	90	90	1309480
644	416	1014	90	90	1309486
648	416	1023	90	90	1309493
651	417	1023	90	90	1309499
654	417	1023	90	90	1309505
657	418	1023	90	90	1309511
660	418	1023	90	90	1309518
663	419	1023	90	90	1309524
665	420	1023	90	90	1309530
668	420	1023	90	90	1309536
670	421	1023	90	90	1309543
672	422	1023	90	90	1309549
675	424	1023	90	90	1309555
677	425	1023	90	90	1309561
679	426	1023	90	90	1309568
681	427	1023	90	90	1309574
682	428	1023	90	90	1309580
684	430	1023	90	90	1309586
685	431	1023	90	90	1309593
686	432	1023	90	90	1309599
687	433	1023	90	90	1309605
688	435	1023	90	90	1309611
690	436	1023	90	90	1309618
691	438	1023	90	90	1309624
692	439	1023	90	90	1309630
693	441	1023	90	90	1309636
694	442	1023	90	90	1309643
695	444	1023	90	90	1309649
695	446	1023	90	90	1309655
696	447	1023	90	90	1309661
697	449	1023	90	90	1309668
697	450	1023	90	90	1309674
698	452	1023	90	90	1309680
698	453	1023	90	90	1309686
698	455	1023	90	90	1309693
698	457	1023	90	90	1309699
698	460	1023	90	90	1309705
697	462	1023	90	90	1309711
697	464	1023	90	90	1309718
697	467	1023	90	90	1309724
696	469	1023	90	90	1309730
695	471	1014	90	90	1309736
695	473	1014	90	90	1309743
694	475	1014	90	90	1309749
693	477	1014	90	90	1309755
692	478	1014	90	90	1309761
691	480	1010	90	90	1309768
691	481	1010	90	90	1309774
690	482	1006	90	90	1309780
689	483	1006	90	90	1309786
688	484	1002	90	90	1309793
687	485	994	90	90	1309805
686	486	968	90	90	1309818
685	486	717	90	90	1309849
684	485	112	90	90	1309868
25
585	472	505	90	90	1310605
585	473	929	90	90	1310730
586	473	986	90	90	1310736
587	473	990	90	90	1310743
589	473	990	90	90	1310749
591	473	994	90	90	1310755
593	473	994	90	90	1310761
596	473	994	90	90	1310768
600	472	998	90	90	1310774
604	472	998	90	90	1310780
608	472	998	90	90	1310786
612	472	998	90	90	1310793
617	471	998	90	90	1310799
621	471	1002	90	90	1310805
625	470	1002	90	90	1310811
629	469	1002	90	90	1310818
632	469	1002	90	90	1310824
635	468	1002	90	90	1310830
637	468	1002	90	90	1310836
639	468	1002	90	90	1310843
640	468	1006	90	90	1310849
641	468	1012	90	90	1310861
642	468	992	90	90	1310968
643	467	594	90	90	1310986
644	467	120	90	90	1311005
42
634	476	56	90	90	1311230
633	476	282	90	90	1311249
632	476	563	90	90	1311268
631	476	810	90	90	1311305
630	477	975	90	90	1311374
632	477	1010	90	90	1311380
633	477	1010	90	90	1311386
635	476	1014	90	90	1311393
637	475	1014	90	90	1311399
640	475	1023	90	90	1311405
643	474	1023	90	90	1311411
646	473	1023	90	90	1311418
648	472	1023	90	90	1311424
651	471	1023	90	90	1311430
653	470	1023	90	90	1311436
655	469	1023	90	90	1311443
656	468	1023	90	90	1311449
657	467	1023	90	90	1311461
658	467	1023	90	90	1311586
657	466	1023	90	90	1311618
657	465	1023	90	90	1311630
655	464	1023	90	90	1311636
654	463	1023	90	90	1311643
653	462	1023	90	90	1311649
651	461	1023	90	90	1311655
649	460	1023	90	90	1311661
647	459	1023	90	90	1311668
645	458	1023	90	90	1311674
642	456	1023	90	90	1311680
639	455	1023	90	90	1311686
636	454	1023	90	90	1311693
633	452	1023	90	90	1311699
630	451	1023	90	90	1311705
628	450	1023	90	90	1311711
626	449	1023	90	90	1311718
624	448	1023	90	90	1311724
623	448	1018	90	90	1311736
623	447	992	90	90	1311749
624	446	857	90	90	1311761
626	445	616	90	90	1311768
627	445	443	90	90	1311774
628	445	108	90	90	1311793
46
697	471	362	90	90	1312905
697	472	820	90	90	1312986
698	472	946	90	90	1312993
699	472	954	90	90	1312999
700	471	962	90	90	1313005
701	471	970	90	90	1313011
703	471	978	90	90	1313018
705	470	986	90	90	1313024
706	470	990	90	90	1313030
708	470	994	90	90	1313036
711	469	998	90	90	1313043
713	469	998	90	90	1313049
716	469	1002	90	90	1313055
719	469	1006	90	90	1313061
722	468	1006	90	90	1313068
726	468	1010	90	90	1313074
729	468	1010	90	90	1313080
733	467	1014	90	90	1313086
737	467	1014	90	90	1313093
742	466	1014	90	90	1313099
746	465	1023	90	90	1313105
751	464	1023	90	90	1313111
755	463	1023	90	90	1313118
760	462	1023	90	90	1313124
765	462	1023	90	90	1313130
770	461	1023	90	90	1313136
774	461	1023	90	90	1313143
778	460	1023	90	90	1313149
782	460	1023	90	90	1313155
786	460	1023	90	90	1313161
789	459	1023	90	90	1313168
792	459	1023	90	90	1313174
795	458	1023	90	90	1313180
797	458	1023	90	90	1313186
800	457	1023	90	90	1313193
802	457	1023	90	90	1313199
804	456	1023	90	90	1313205
806	456	1023	90	90	1313211
807	455	1023	90	90	1313218
809	455	1023	90	90	1313224
810	455	1023	90	90	1313230
811	455	1023	90	90	1313243
812	455	1006	90	90	1313286
812	454	757	90	90	1313305
811	453	323	90	90	1313318
810	453	24	90	90	1313330
14
263	400	36	90	90	1315796
263	400	193	90	90	1315802
263	400	350	90	90	1315808
263	400	503	90	90	1315814
263	400	648	90	90	1315821
263	400	773	90	90	1315827
263	400	793	90	90	1315833
263	400	781	90	90	1315839
263	400	656	90	90	1315846
263	400	523	90	90	1315852
263	399	370	90	90	1315858
263	399	205	90	90	1315864
263	399	40	90	90	1315871
263	399	0	90	90	1315877
7
1
619	499	0	90	90	1535673
44
425	503	661	90	90	1536485
425	502	1007	90	90	1536541
425	501	1023	90	90	1536560
426	500	1023	90	90	1536573
427	500	1023	90	90	1536579
428	500	1023	90	90	1536585
429	499	1023	90	90	1536591
431	499	1023	90	90	1536598
432	499	1023	90	90	1536604
434	499	1023	90	90	1536610
437	499	1023	90	90	1536616
439	499	1023	90	90	1536623
442	498	1023	90	90	1536629
445	498	1023	90	90	1536635
448	498	1023	90	90	1536641
452	498	1023	90	90	1536648
456	498	1023	90	90	1536654
461	498	1023	90	90	1536660
466	499	1023	90	90	1536666
471	499	1023	90	90	1536673
477	499	1023	90	90	1536679
483	499	1023	90	90	1536685
489	499	1023	90	90	1536691
495	499	1023	90	90	1536698
501	499	1023	90	90	1536704
507	498	1023	90	90	1536710
512	498	1023	90	90	1536716
518	498	1023	90	90	1536723
523	498	1023	90	90	1536729
528	498	1023	90	90	1536735
532	498	1023	90	90	1536741
536	498	1023	90	90	1536748
540	498	1023	90	90	1536754
543	498	1023	90	90	1536760
546	498	1023	90	90	1536766
549	498	1023	90	90	1536773
550	498	1023	90	90	1536779
552	498	1023	90	90	1536785
553	498	1023	90	90	1536798
554	498	1023	90	90	1536835
553	498	1023	90	90	1536848
552	498	1012	90	90	1536860
551	498	679	90	90	1536898
551	499	52	90	90	1536910
174
553	498	374	90	90	1537485
553	499	692	90	90	1537510
553	501	783	90	90	1537523
552	502	813	90	90	1537529
552	503	825	90	90	1537535
552	504	841	90	90	1537541
552	505	853	90	90	1537548
552	506	861	90	90	1537554
551	508	869	90	90	1537560
551	510	878	90	90	1537566
552	511	886	90	90	1537573
552	514	894	90	90	1537579
552	516	902	90	90	1537585
553	518	906	90	90	1537591
553	520	914	90	90	1537598
554	523	918	90	90	1537604
554	525	926	90	90	1537610
555	527	930	90	90	1537616
556	529	934	90	90	1537623
557	530	938	90	90	1537629
558	532	942	90	90	1537635
560	534	946	90	90	1537641
562	537	950	90	90	1537648
564	539	954	90	90	1537654
566	541	958	90	90	1537660
568	543	962	90	90	1537666
571	545	966	90	90	1537673
573	547	966	90	90	1537679
576	549	970	90	90	1537685
578	550	970	90	90	1537691
581	552	970	90	90	1537698
584	553	970	90	90	1537704
586	554	970	90	90	1537710
589	555	974	90	90	1537716
592	556	974	90	90	1537723
595	557	978	90	90	1537729
598	558	978	90	90	1537735
602	558	982	90	90	1537741
605	559	982	90	90	1537748
609	560	986	90	90	1537754
612	561	986	90	90	1537760
616	561	990	90	90	1537766
620	561	990	90	90	1537773
623	562	990	90	90	1537779
627	562	990	90	90	1537785
630	561	990	90	90	1537791
634	561	990	90	90	1537798
637	560	990	90	90	1537804
641	560	990	90	90	1537810
644	559	990	90	90	1537816
648	559	990	90	90	1537823
651	558	990	90	90	1537829
654	557	990	90	90	1537835
657	556	986	90	90	1537841
660	555	986	90	90	1537848
662	554	986	90	90	1537854
665	553	986	90	90	1537860
667	551	982	90	90	1537866
670	549	982	90	90	1537873
672	547	982	90	90	1537879
674	544	982	90	90	1537885
675	542	982	90	90	1537891
677	539	982	90	90	1537898
678	536	982	90	90	1537904
679	533	982	90	90	1537910
680	530	982	90	90	1537916
681	527	982	90	90	1537923
682	523	982	90	90	1537929
682	520	982	90	90	1537935
682	516	982	90	90	1537941
683	513	986	90	90	1537948
683	510	990	90	90	1537954
683	507	990	90	90	1537960
683	503	994	90	90	1537966
683	500	998	90	90	1537973
683	497	1002	90	90	1537979
683	494	1006	90	90	1537985
683	491	1006	90	90	1537991
683	489	1010	90	90	1537998
683	486	1014	90	90	1538004
682	483	1023	90	90	1538010
682	480	1023	90	90	1538016
682	477	1023	90	90	1538023
682	475	1023	90	90	1538029
682	472	1023	90	90	1538035
681	470	1023	90	90	1538041
681	467	1023	90	90	1538048
680	464	1023	90	90	1538054
680	462	1023	90	90	1538060
679	459	1023	90	90	1538066
678	457	1023	90	90	1538073
677	455	1023	90	90	1538079
676	453	1023	90	90	1538085
675	451	1023	90	90	1538091
674	450	1023	90	90	1538098
673	448	1023	90	90	1538104
671	447	1023	90	90	1538110
670	446	1023	90	90	1538116
668	444	1023	90	90	1538123
666	443	1023	90	90	1538129
664	441	1023	90	90	1538135
661	440	1023	90	90	1538141
659	439	1023	90	90	1538148
657	438	1023	90	90	1538154
655	437	1023	90	90	1538160
653	436	1023	90	90	1538166
650	435	1023	90	90	1538173
648	435	1023	90	90	1538179
645	434	1023	90	90	1538185
643	434	1023	90	90	1538191
640	434	1023	90	90	1538198
637	434	1023	90	90	1538204
635	434	1023	90	90	1538210
632	435	1023	90	90	1538216
629	435	1023	90	90	1538223
627	435	1023	90	90	1538229
624	436	1023	90	90	1538235
621	436	1023	90	90	1538241
618	436	1023	90	90	1538248
616	437	1023	90	90	1538254
613	437	1023	90	90	1538260
610	438	1023	90	90	1538266
608	438	1023	90	90	1538273
605	439	1023	90	90	1538279
603	440	1023	90	90	1538285
601	441	1023	90	90	1538291
599	441	1023	90	90	1538298
597	442	1023	90	90	1538304
595	443	1023	90	90	1538310
594	444	1023	90	90	1538316
592	444	1023	90	90	1538323
590	445	1023	90	90	1538329
589	446	1023	90	90	1538335
587	447	1023	90	90	1538341
586	448	1023	90	90	1538348
585	450	1023	90	90	1538354
583	451	1023	90	90	1538360
582	452	1023	90	90	1538366
581	453	1023	90	90	1538373
580	454	1023	90	90	1538379
578	455	1023	90	90	1538385
577	457	1023	90	90	1538391
576	458	1023	90	90	1538398
575	459	1023	90	90	1538404
574	461	1023	90	90	1538410
573	462	1023	90	90	1538416
572	464	1023	90	90	1538423
571	465	1023	90	90	1538429
570	467	1023	90	90	1538435
569	469	1023	90	90	1538441
568	471	1023	90	90	1538448
567	472	1023	90	90	1538454
566	474	1023	90	90	1538460
565	476	1023	90	90	1538466
564	477	1023	90	90	1538473
563	479	1023	90	90	1538479
562	480	1023	90	90	1538485
561	481	1023	90	90	1538491
560	483	1023	90	90	1538498
560	484	1023	90	90	1538504
559	485	1023	90	90	1538510
558	487	1023	90	90	1538516
558	488	1023	90	90	1538523
557	489	1023	90	90	1538529
557	490	1023	90	90	1538535
557	491	1023	90	90	1538541
556	492	1023	90	90	1538548
556	493	1023	90	90	1538560
555	495	1023	90	90	1538573
554	496	1023	90	90	1538585
554	497	1023	90	90	1538604
554	498	1023	90	90	1538623
553	499	1023	90	90	1538654
553	500	766	90	90	1538760
32
581	500	481	90	90	1539760
580	500	888	90	90	1539816
582	500	972	90	90	1539829
583	499	986	90	90	1539835
584	499	990	90	90	1539841
585	498	994	90	90	1539848
587	498	1002	90	90	1539854
589	498	1006	90	90	1539860
592	498	1006	90	90	1539866
595	497	1010	90	90	1539873
598	497	1010	90	90	1539879
601	497	1014	90	90	1539885
605	496	1014	90	90	1539891
609	496	1014	90	90	1539898
612	496	1014	90	90	1539904
616	495	1014	90	90	1539910
620	495	1014	90	90	1539916
623	494	1023	90	90	1539923
627	494	1023	90	90	1539929
630	494	1023	90	90	1539935
633	494	1023	90	90	1539941
636	494	1023	90	90	1539948
638	494	1023	90	90	1539954
640	494	1023	90	90	1539960
642	494	1023	90	90	1539966
643	494	1023	90	90	1539973
644	495	1023	90	90	1539985
645	495	1023	90	90	1540035
646	494	1023	90	90	1540060
647	494	1020	90	90	1540079
648	494	990	90	90	1540116
649	494	511	90	90	1540179
42
633	508	86	90	90	1540398
632	508	323	90	90	1540416
631	508	565	90	90	1540448
630	509	934	90	90	1540635
631	508	1023	90	90	1540648
632	506	1023	90	90	1540654
633	506	1023	90	90	1540660
634	505	1023	90	90	1540666
636	504	1023	90	90	1540673
637	503	1023	90	90	1540679
639	501	1023	90	90	1540685
640	500	1023	90	90	1540691
642	499	1023	90	90	1540698
644	498	1023	90	90	1540704
645	497	1023	90	90	1540710
647	496	1023	90	90	1540716
648	495	1023	90	90	1540723
649	494	1023	90	90	1540729
650	493	1023	90	90	1540741
651	492	1023	90	90	1540754
652	491	1023	90	90	1540779
653	490	1023	90	90	1540991
652	490	1023	90	90	1541029
651	489	1023	90	90	1541041
650	489	1023	90	90	1541048
649	489	1023	90	90	1541054
648	488	1023	90	90	1541060
647	487	1023	90	90	1541066
645	487	1023	90	90	1541073
644	486	1023	90	90	1541079
642	485	1023	90	90	1541085
640	484	1023	90	90	1541091
638	483	1023	90	90	1541098
636	482	1023	90	90	1541104
634	481	1023	90	90	1541110
632	480	1023	90	90	1541116
630	479	1023	90	90	1541123
629	478	1023	90	90	1541129
627	478	1023	90	90	1541135
626	477	1023	90	90	1541148
625	477	969	90	90	1541235
626	476	246	90	90	1541260
64
680	492	134	90	90	1542454
681	492	615	90	90	1542491
680	492	871	90	90	1542541
681	492	934	90	90	1542554
682	492	946	90	90	1542560
683	492	954	90	90	1542566
684	492	962	90	90	1542573
685	492	966	90	90	1542579
687	492	974	90	90	1542585
689	492	978	90	90	1542591
691	492	982	90	90	1542598
694	492	986	90	90	1542604
696	492	990	90	90	1542610
699	492	994	90	90	1542616
702	492	998	90	90	1542623
706	492	998	90	90	1542629
709	492	1002	90	90	1542635
713	493	1006	90	90	1542641
717	493	1006	90	90	1542648
721	493	1010	90	90	1542654
725	493	1010	90	90	1542660
729	494	1010	90	90	1542666
733	494	1014	90	90	1542673
737	494	1014	90	90	1542679
741	494	1014	90	90	1542685
744	494	1010	90	90	1542691
747	494	1010	90	90	1542698
750	493	1010	90	90	1542704
753	493	1010	90	90	1542710
755	492	1006	90	90	1542716
757	492	1006	90	90	1542723
759	491	1006	90	90	1542729
761	491	1006	90	90	1542735
762	491	1006	90	90	1542741
764	491	1006	90	90	1542748
765	491	1006	90	90	1542754
766	490	1010	90	90	1542760
767	490	1010	90	90	1542766
768	490	1014	90	90	1542773
770	490	1023	90	90	1542779
771	490	1023	90	90	1542785
772	490	1023	90	90	1542791
774	490	1023	90	90	1542798
775	490	1023	90	90	1542804
777	490	1023	90	90	1542810
778	489	1023	90	90	1542816
780	489	1023	90	90	1542823
782	489	1023	90	90	1542829
784	489	1023	90	90	1542835
786	488	1023	90	90	1542841
788	488	1023	90	90	1542848
790	488	1023	90	90	1542854
791	488	1023	90	90	1542860
793	488	1023	90	90	1542866
795	488	1023	90	90	1542873
797	488	1023	90	90	1542879
798	488	1023	90	90	1542885
800	488	1023	90	90	1542904
802	488	968	90	90	1542923
801	488	813	90	90	1542929
800	488	648	90	90	1542935
799	488	471	90	90	1542941
797	488	294	90	90	1542948
796	488	54	90	90	1542960
5
264	395	149	90	90	1545894
265	396	378	90	90	1545907
265	397	698	90	90	1545926
265	398	495	90	90	1545957
265	397	20	90	90	1545969
7
1
325	412	0	90	90	1770036
43
419	460	194	90	90	1771718
419	459	632	90	90	1771750
418	458	865	90	90	1771781
417	458	988	90	90	1771893
418	458	1006	90	90	1771906
419	458	1006	90	90	1771918
421	458	1006	90	90	1771925
422	458	1006	90	90	1771931
423	458	1002	90	90	1771937
425	458	1002	90	90	1771943
426	458	1002	90	90	1771950
428	458	1002	90	90	1771956
431	458	1002	90	90	1771962
434	458	1002	90	90	1771968
437	458	1002	90	90	1771975
440	458	1002	90	90	1771981
444	459	1002	90	90	1771987
448	459	998	90	90	1771993
452	459	998	90	90	1772000
457	459	998	90	90	1772006
461	459	998	90	90	1772012
466	460	994	90	90	1772018
471	460	994	90	90	1772025
476	460	994	90	90	1772031
481	460	994	90	90	1772037
485	459	994	90	90	1772043
490	459	994	90	90	1772050
494	459	994	90	90	1772056
499	459	994	90	90	1772062
503	459	994	90	90	1772068
507	459	994	90	90	1772075
511	459	994	90	90	1772081
514	459	994	90	90	1772087
518	459	994	90	90	1772093
520	460	994	90	90	1772100
523	460	994	90	90	1772106
525	460	994	90	90	1772112
527	460	994	90	90	1772118
528	461	994	90	90	1772125
529	461	994	90	90	1772137
531	461	976	90	90	1772250
531	460	572	90	90	1772275
532	460	56	90	90	1772293
218
534	461	342	90	90	1772956
533	462	705	90	90	1772975
533	463	759	90	90	1772993
533	464	795	90	90	1773012
532	465	819	90	90	1773025
532	466	831	90	90	1773037
531	467	835	90	90	1773050
531	469	841	90	90	1773056
531	470	845	90	90	1773062
531	471	849	90	90	1773068
530	472	849	90	90	1773075
530	474	853	90	90	1773081
530	475	857	90	90	1773087
530	477	861	90	90	1773093
530	478	861	90	90	1773100
530	480	861	90	90	1773106
530	482	865	90	90	1773112
531	483	865	90	90	1773118
531	485	865	90	90	1773125
531	487	865	90	90	1773131
532	489	865	90	90	1773137
532	491	865	90	90	1773143
533	493	865	90	90	1773150
534	495	865	90	90	1773156
535	497	869	90	90	1773162
536	499	869	90	90	1773168
537	501	869	90	90	1773175
538	503	869	90	90	1773181
539	505	869	90	90	1773187
541	507	873	90	90	1773193
542	509	873	90	90	1773200
544	511	873	90	90	1773206
546	513	873	90	90	1773212
547	515	873	90	90	1773218
549	517	878	90	90	1773225
551	519	878	90	90	1773231
553	521	878	90	90	1773237
555	522	878	90	90	1773243
558	524	882	90	90	1773250
560	525	882	90	90	1773256
563	526	882	90	90	1773262
566	527	886	90	90	1773268
569	529	886	90	90	1773275
573	530	890	90	90	1773281
576	530	890	90	90	1773287
579	531	894	90	90	1773293
583	532	894	90	90	1773300
586	533	898	90	90	1773306
590	534	898	90	90	1773312
593	534	902	90	90	1773318
597	535	902	90	90	1773325
600	536	906	90	90	1773331
604	536	906	90	90	1773337
607	537	906	90	90	1773343
610	537	910	90	90	1773350
614	538	910	90	90	1773356
617	538	910	90	90	1773362
620	538	910	90	90	1773368
623	538	914	90	90	1773375
626	538	914	90	90	1773381
629	538	914	90	90	1773387
632	538	914	90	90	1773393
635	537	914	90	90	1773400
637	536	914	90	90	1773406
640	535	918	90	90	1773412
642	534	918	90	90	1773418
645	533	918	90	90	1773425
647	532	918	90	90	1773431
649	531	922	90	90	1773437
651	530	922	90	90	1773443
652	528	926	90	90	1773450
654	526	926	90	90	1773456
655	524	930	90	90	1773462
656	522	930	90	90	1773468
657	519	934	90	90	1773475
658	516	934	90	90	1773481
659	514	938	90	90	1773487
660	511	942	90	90	1773493
661	508	946	90	90	1773500
661	505	950	90	90	1773506
662	503	954	90	90	1773512
663	501	958	90	90	1773518
664	498	958	90	90	1773525
665	496	962	90	90	1773531
666	493	966	90	90	1773537
667	491	966	90	90	1773543
667	488	966	90	90	1773550
668	485	970	90	90	1773556
668	483	970	90	90	1773562
669	480	974	90	90	1773568
669	478	974	90	90	1773575
670	476	974	90	90	1773581
670	474	974	90	90	1773587
670	472	978	90	90	1773593
670	470	978	90	90	1773600
670	468	978	90	90	1773606
670	466	982	90	90	1773612
670	464	982	90	90	1773618
670	462	982	90	90	1773625
670	460	986	90	90	1773631
670	458	986	90	90	1773637
670	456	990	90	90	1773643
670	454	994	90	90	1773650
670	452	998	90	90	1773656
670	450	1002	90	90	1773662
669	448	1002	90	90	1773668
669	446	1006	90	90	1773675
669	444	1006	90	90	1773681
668	443	1010	90	90	1773687
668	441	1010	90	90	1773693
667	439	1010	90	90	1773700
667	438	1010	90	90	1773706
666	436	1010	90	90	1773712
665	435	1010	90	90	1773718
665	433	1010	90	90	1773725
664	431	1014	90	90	1773731
663	430	1014	90	90	1773737
662	428	1014	90	90	1773743
661	427	1014	90	90	1773750
660	426	1014	90	90	1773756
658	425	1023	90	90	1773762
657	423	1023	90	90	1773768
656	422	1023	90	90	1773775
655	421	1023	90	90	1773781
653	420	1023	90	90	1773787
652	419	1023	90	90	1773793
651	418	1023	90	90	1773800
649	417	1023	90	90	1773806
648	416	1023	90	90	1773812
646	415	1023	90	90	1773818
644	414	1023	90	90	1773825
643	414	1023	90	90	1773831
641	413	1023	90	90	1773837
639	412	1023	90	90	1773843
637	412	1023	90	90	1773850
636	411	1023	90	90	1773856
634	411	1023	90	90	1773862
632	410	1023	90	90	1773868
631	410	1023	90	90	1773875
629	409	1023	90	90	1773881
627	409	1023	90	90	1773887
626	408	1023	90	90	1773893
624	408	1023	90	90	1773900
622	407	1023	90	90	1773906
620	407	1023	90	90	1773912
618	407	1023	90	90	1773918
616	407	1023	90	90	1773925
614	406	1023	90	90	1773931
612	406	1023	90	90	1773937
610	406	1023	90	90	1773943
609	406	1023	90	90	1773950
607	406	1023	90	90	1773956
605	406	1023	90	90	1773962
603	406	1023	90	90	1773968
602	406	1023	90	90	1773975
600	405	1023	90	90	1773981
599	405	1023	90	90	1773987
597	405	1023	90	90	1773993
595	406	1023	90	90	1774000
594	406	1023	90	90	1774006
592	406	1023	90	90	1774012
590	407	1023	90	90	1774018
588	407	1023	90	90	1774025
587	408	1023	90	90	1774031
585	409	1023	90	90	1774037
583	409	1023	90	90	1774043
581	410	1023	90	90	1774050
580	411	1023	90	90	1774056
578	411	1023	90	90	1774062
576	412	1023	90	90	1774068
575	413	1023	90	90	1774075
573	413	1023	90	90	1774081
571	414	1023	90	90	1774087
570	415	1023	90	90	1774093
568	416	1023	90	90	1774100
567	417	1023	90	90	1774106
565	418	1023	90	90	1774112
564	419	1023	90	90	1774118
562	421	1023	90	90	1774125
561	422	1023	90	90	1774131
559	423	1023	90	90	1774137
558	424	1023	90	90	1774143
557	425	1023	90	90	1774150
556	427	1023	90	90	1774156
555	428	1023	90	90	1774162
554	429	1023	90	90	1774168
552	430	1023	90	90	1774175
551	432	1023	90	90	1774181
550	433	1023	90	90	1774187
550	435	1023	90	90	1774193
549	436	1023	90	90	1774200
548	438	1023	90	90	1774206
547	439	1023	90	90	1774212
547	441	1023	90	90	1774218
546	442	1023	90	90	1774225
545	443	1023	90	90	1774231
544	444	1023	90	90	1774237
543	445	1023	90	90	1774243
542	446	1023	90	90	1774250
541	446	1023	90	90	1774256
540	447	1023	90	90	1774262
539	448	1023	90	90	1774275
538	449	1023	90	90	1774287
537	450	1023	90	90	1774300
536	452	1023	90	90	1774312
536	453	1023	90	90	1774325
535	454	1023	90	90	1774337
535	455	1023	90	90	1774350
534	456	1023	90	90	1774362
534	457	1023	90	90	1774375
534	458	1023	90	90	1774387
533	459	1023	90	90	1774400
533	460	1023	90	90	1774412
533	461	1023	90	90	1774431
533	462	1023	90	90	1774450
533	463	1023	90	90	1774468
533	465	958	90	90	1774487
533	466	337	90	90	1774525
37
576	470	547	90	90	1775712
575	469	947	90	90	1775787
576	468	1023	90	90	1775806
577	468	1023	90	90	1775850
578	467	1023	90	90	1775862
579	467	1023	90	90	1775875
581	467	1023	90	90	1775881
582	467	1023	90	90	1775887
584	467	1023	90	90	1775893
586	467	1023	90	90	1775900
589	467	1023	90	90	1775906
592	468	1023	90	90	1775912
595	468	1023	90	90	1775918
598	468	1023	90	90	1775925
601	469	1023	90	90	1775931
604	469	1023	90	90	1775937
607	469	1023	90	90	1775943
610	469	1023	90	90	1775950
613	470	1023	90	90	1775956
616	470	1023	90	90	1775962
619	470	1023	90	90	1775968
622	470	1023	90	90	1775975
624	470	1023	90	90	1775981
627	470	1023	90	90	1775987
629	470	1023	90	90	1775993
631	470	1023	90	90	1776000
633	470	1023	90	90	1776006
634	470	1023	90	90	1776012
636	470	1023	90	90	1776018
637	470	1023	90	90	1776025
638	471	1023	90	90	1776031
639	471	1023	90	90	1776037
640	471	1023	90	90	1776050
641	471	1023	90	90	1776068
642	470	1023	90	90	1776137
642	469	827	90	90	1776175
641	469	134	90	90	1776200
38
622	488	40	90	90	1776631
621	488	388	90	90	1776656
620	489	810	90	90	1776718
621	488	932	90	90	1776731
623	487	946	90	90	1776737
624	486	954	90	90	1776743
626	484	962	90	90	1776750
627	483	966	90	90	1776756
629	481	970	90	90	1776762
631	479	974	90	90	1776768
633	477	978	90	90	1776775
635	475	978	90	90	1776781
637	474	982	90	90	1776787
639	472	982	90	90	1776793
640	471	986	90	90	1776800
641	470	986	90	90	1776806
642	469	990	90	90	1776818
644	468	993	90	90	1776893
645	468	984	90	90	1777050
644	468	970	90	90	1777062
642	467	970	90	90	1777075
641	466	970	90	90	1777081
640	465	970	90	90	1777087
638	464	970	90	90	1777093
637	463	966	90	90	1777100
635	461	966	90	90	1777106
633	460	966	90	90	1777112
631	458	966	90	90	1777118
629	456	970	90	90	1777125
626	454	970	90	90	1777131
624	452	970	90	90	1777137
622	450	974	90	90	1777143
620	448	974	90	90	1777150
619	447	974	90	90	1777156
617	445	974	90	90	1777162
616	445	970	90	90	1777175
615	444	827	90	90	1777206
616	443	184	90	90	1777231
47
666	471	681	90	90	1778000
667	472	918	90	90	1778012
668	472	934	90	90	1778025
670	472	946	90	90	1778031
671	472	950	90	90	1778037
672	472	958	90	90	1778043
673	472	966	90	90	1778050
675	472	970	90	90	1778056
676	472	974	90	90	1778062
678	472	978	90	90	1778068
681	472	982	90	90	1778075
683	472	986	90	90	1778081
686	472	986	90	90	1778087
690	473	990	90	90	1778093
694	473	990	90	90	1778100
698	473	994	90	90	1778106
703	473	994	90	90	1778112
708	474	994	90	90	1778118
714	474	998	90	90	1778125
719	474	998	90	90	1778131
725	474	998	90	90	1778137
731	474	998	90	90	1778143
736	474	1002	90	90	1778150
742	475	1002	90	90	1778156
748	475	1006	90	90	1778162
754	475	1010	90	90	1778168
759	475	1014	90	90	1778175
765	475	1023	90	90	1778181
770	474	1023	90	90	1778187
775	474	1023	90	90	1778193
780	474	1023	90	90	1778200
786	474	1023	90	90	1778206
791	474	1023	90	90	1778212
796	474	1023	90	90	1778218
801	474	1023	90	90	1778225
805	474	1023	90	90	1778231
809	473	1023	90	90	1778237
814	473	1023	90	90	1778243
817	473	1023	90	90	1778250
821	473	1023	90	90	1778256
824	473	1023	90	90	1778262
826	473	1023	90	90	1778268
828	473	1023	90	90	1778275
830	473	1002	90	90	1778281
831	473	960	90	90	1778293
832	472	686	90	90	1778312
831	472	163	90	90	1778331
3
263	395	165	90	90	1782468
264	395	676	90	90	1782537
265	394	137	90	90	1782555
