6
1
673	502	0	90	90	933363
157
747	489	4	90	90	934063
747	490	72	90	90	934069
747	491	140	90	90	934075
747	492	153	90	90	934082
747	493	177	90	90	934088
747	494	217	90	90	934094
746	495	265	90	90	934100
746	496	318	90	90	934107
745	498	370	90	90	934113
745	499	414	90	90	934119
744	500	455	90	90	934125
743	501	503	90	90	934132
742	502	539	90	90	934138
741	503	555	90	90	934144
740	505	567	90	90	934150
739	506	583	90	90	934157
738	507	592	90	90	934163
736	508	600	90	90	934169
735	509	608	90	90	934175
733	510	616	90	90	934182
731	512	624	90	90	934188
729	513	632	90	90	934194
727	514	640	90	90	934200
725	515	652	90	90	934207
722	516	660	90	90	934213
720	517	668	90	90	934219
717	518	672	90	90	934225
715	518	680	90	90	934232
712	519	688	90	90	934238
709	519	696	90	90	934244
706	520	700	90	90	934250
703	520	700	90	90	934257
700	520	704	90	90	934263
697	520	704	90	90	934269
693	520	708	90	90	934275
690	519	712	90	90	934282
686	519	720	90	90	934288
683	519	728	90	90	934294
679	518	733	90	90	934300
675	517	737	90	90	934307
671	516	741	90	90	934313
667	515	745	90	90	934319
663	514	749	90	90	934325
659	513	749	90	90	934332
655	511	749	90	90	934338
651	510	749	90	90	934344
646	508	749	90	90	934350
642	506	749	90	90	934357
638	505	753	90	90	934363
633	503	757	90	90	934369
629	501	761	90	90	934375
624	499	765	90	90	934382
620	496	769	90	90	934388
616	494	773	90	90	934394
612	491	777	90	90	934400
608	488	777	90	90	934407
604	485	781	90	90	934413
600	482	781	90	90	934419
597	479	781	90	90	934425
593	476	785	90	90	934432
590	472	789	90	90	934438
587	469	793	90	90	934444
584	466	797	90	90	934450
582	462	801	90	90	934457
580	459	809	90	90	934463
578	455	813	90	90	934469
577	451	813	90	90	934475
576	448	817	90	90	934482
575	444	817	90	90	934488
575	440	817	90	90	934494
575	437	821	90	90	934500
575	433	821	90	90	934507
575	429	825	90	90	934513
576	426	829	90	90	934519
576	422	833	90	90	934525
577	419	837	90	90	934532
579	416	845	90	90	934538
580	413	853	90	90	934544
582	410	857	90	90	934550
585	407	865	90	90	934557
588	404	869	90	90	934563
591	401	878	90	90	934569
594	398	882	90	90	934575
597	395	886	90	90	934582
601	393	890	90	90	934588
606	390	894	90	90	934594
611	388	898	90	90	934600
616	386	902	90	90	934607
621	384	902	90	90	934613
626	382	902	90	90	934619
632	381	906	90	90	934625
638	380	906	90	90	934632
644	379	906	90	90	934638
650	378	906	90	90	934644
656	378	910	90	90	934650
661	378	910	90	90	934657
668	378	910	90	90	934663
673	379	910	90	90	934669
679	380	914	90	90	934675
685	381	914	90	90	934682
691	382	914	90	90	934688
697	384	914	90	90	934694
702	385	914	90	90	934700
708	387	918	90	90	934707
713	389	918	90	90	934713
718	390	918	90	90	934719
723	392	914	90	90	934725
727	394	914	90	90	934732
731	396	914	90	90	934738
735	398	914	90	90	934744
738	401	914	90	90	934750
742	403	914	90	90	934757
745	406	914	90	90	934763
747	409	914	90	90	934769
750	412	918	90	90	934775
753	415	918	90	90	934782
755	418	918	90	90	934788
757	421	918	90	90	934794
759	424	918	90	90	934800
761	427	918	90	90	934807
762	430	918	90	90	934813
763	433	918	90	90	934819
764	436	918	90	90	934825
765	439	914	90	90	934832
766	442	914	90	90	934838
767	445	910	90	90	934844
767	449	910	90	90	934850
768	452	906	90	90	934857
768	455	906	90	90	934863
768	458	902	90	90	934869
768	461	902	90	90	934875
768	464	902	90	90	934882
767	467	902	90	90	934888
767	470	902	90	90	934894
766	473	906	90	90	934900
765	475	906	90	90	934907
764	478	906	90	90	934913
763	480	906	90	90	934919
762	482	902	90	90	934925
761	485	902	90	90	934932
760	487	898	90	90	934938
758	489	894	90	90	934944
757	491	886	90	90	934950
755	493	878	90	90	934957
753	495	869	90	90	934963
751	496	861	90	90	934969
748	498	853	90	90	934975
746	499	841	90	90	934982
743	500	833	90	90	934988
741	501	825	90	90	934994
738	502	809	90	90	935000
736	503	785	90	90	935007
734	503	720	90	90	935013
732	504	575	90	90	935019
730	505	426	90	90	935025
728	506	273	90	90	935032
726	507	56	90	90	935044
91
671	458	283	90	90	936182
671	457	565	90	90	936213
670	456	628	90	90	936225
670	455	658	90	90	936238
670	453	676	90	90	936244
670	452	688	90	90	936250
670	451	700	90	90	936257
670	450	712	90	90	936263
670	449	728	90	90	936269
669	447	741	90	90	936275
669	446	749	90	90	936282
669	444	757	90	90	936288
669	442	765	90	90	936294
668	440	769	90	90	936300
668	438	777	90	90	936307
668	436	781	90	90	936313
668	433	789	90	90	936319
667	431	801	90	90	936325
667	429	809	90	90	936332
667	427	817	90	90	936338
667	424	825	90	90	936344
666	422	833	90	90	936350
666	421	841	90	90	936357
666	419	845	90	90	936363
666	417	849	90	90	936369
666	415	853	90	90	936375
666	412	857	90	90	936382
665	410	857	90	90	936388
665	408	861	90	90	936394
665	406	861	90	90	936400
665	404	865	90	90	936407
664	401	869	90	90	936413
664	399	873	90	90	936419
664	397	882	90	90	936425
664	394	886	90	90	936432
663	392	890	90	90	936438
663	389	894	90	90	936444
662	387	898	90	90	936450
662	384	902	90	90	936457
662	381	906	90	90	936463
661	378	910	90	90	936469
661	375	910	90	90	936475
661	372	914	90	90	936482
660	370	914	90	90	936488
660	367	918	90	90	936494
660	364	918	90	90	936500
660	361	922	90	90	936507
659	358	922	90	90	936513
659	355	926	90	90	936519
659	352	926	90	90	936525
658	349	930	90	90	936532
658	346	930	90	90	936538
658	343	934	90	90	936544
657	340	934	90	90	936550
657	337	934	90	90	936557
657	334	934	90	90	936563
657	331	938	90	90	936569
656	328	934	90	90	936575
656	325	938	90	90	936582
656	322	938	90	90	936588
656	319	938	90	90	936594
656	317	938	90	90	936600
656	314	938	90	90	936607
656	311	938	90	90	936613
655	308	938	90	90	936619
655	306	942	90	90	936625
655	303	938	90	90	936632
655	300	942	90	90	936638
655	297	942	90	90	936644
655	294	942	90	90	936650
655	291	942	90	90	936657
655	288	942	90	90	936663
655	285	942	90	90	936669
655	282	946	90	90	936675
655	280	946	90	90	936682
654	277	950	90	90	936688
654	275	950	90	90	936694
654	272	954	90	90	936700
654	270	954	90	90	936707
654	268	958	90	90	936713
654	266	958	90	90	936719
653	265	962	90	90	936725
653	263	962	90	90	936732
653	262	962	90	90	936738
653	261	962	90	90	936744
653	259	962	90	90	936757
653	258	962	90	90	936769
653	256	929	90	90	936838
653	257	567	90	90	936850
653	258	318	90	90	936857
653	259	76	90	90	936869
82
576	449	466	90	90	938563
575	449	845	90	90	938594
575	450	871	90	90	938607
575	451	880	90	90	938619
575	453	882	90	90	938625
575	454	886	90	90	938632
575	455	886	90	90	938638
575	456	886	90	90	938644
576	457	890	90	90	938650
576	459	890	90	90	938657
576	460	890	90	90	938663
576	462	890	90	90	938669
576	463	890	90	90	938675
576	465	890	90	90	938682
576	467	894	90	90	938688
575	469	894	90	90	938694
575	471	894	90	90	938700
575	474	894	90	90	938707
575	476	894	90	90	938713
575	478	894	90	90	938719
574	481	894	90	90	938725
574	484	894	90	90	938732
574	487	898	90	90	938738
574	490	898	90	90	938744
574	493	898	90	90	938750
574	497	898	90	90	938757
575	500	902	90	90	938763
575	504	902	90	90	938769
575	508	902	90	90	938775
575	511	902	90	90	938782
575	515	902	90	90	938788
575	518	902	90	90	938794
575	522	902	90	90	938800
575	525	902	90	90	938807
576	529	902	90	90	938813
576	532	906	90	90	938819
576	536	906	90	90	938825
576	539	906	90	90	938832
576	543	906	90	90	938838
577	546	906	90	90	938844
577	550	906	90	90	938850
577	553	910	90	90	938857
577	556	910	90	90	938863
577	560	910	90	90	938869
577	563	914	90	90	938875
577	566	914	90	90	938882
578	570	914	90	90	938888
578	573	914	90	90	938894
578	576	918	90	90	938900
578	580	918	90	90	938907
578	583	918	90	90	938913
578	586	918	90	90	938919
578	589	922	90	90	938925
578	593	922	90	90	938932
578	596	922	90	90	938938
578	599	922	90	90	938944
579	602	922	90	90	938950
579	605	922	90	90	938957
579	608	922	90	90	938963
579	611	926	90	90	938969
579	614	926	90	90	938975
579	616	926	90	90	938982
579	619	926	90	90	938988
579	622	926	90	90	938994
579	625	926	90	90	939000
579	628	926	90	90	939007
579	631	926	90	90	939013
579	633	926	90	90	939019
579	635	922	90	90	939025
579	637	922	90	90	939032
579	640	918	90	90	939038
579	642	918	90	90	939044
579	644	918	90	90	939050
579	646	914	90	90	939057
578	648	914	90	90	939063
578	650	914	90	90	939069
578	651	910	90	90	939075
578	653	910	90	90	939082
578	654	910	90	90	939088
578	655	910	90	90	939094
578	656	910	90	90	939107
578	658	707	90	90	939213
94
766	447	349	90	90	940563
767	448	629	90	90	940588
767	450	662	90	90	940600
767	451	676	90	90	940607
767	452	684	90	90	940613
767	453	692	90	90	940619
767	454	700	90	90	940625
767	455	708	90	90	940632
767	457	720	90	90	940638
767	458	728	90	90	940644
767	460	737	90	90	940650
767	462	741	90	90	940657
767	464	745	90	90	940663
767	466	749	90	90	940669
767	468	753	90	90	940675
767	470	757	90	90	940682
767	472	757	90	90	940688
767	474	761	90	90	940694
768	476	765	90	90	940700
768	479	769	90	90	940707
768	481	773	90	90	940713
768	483	773	90	90	940719
768	486	777	90	90	940725
768	488	781	90	90	940732
768	490	785	90	90	940738
768	493	789	90	90	940744
768	496	789	90	90	940750
768	498	793	90	90	940757
768	501	793	90	90	940763
768	504	797	90	90	940769
768	506	797	90	90	940775
768	509	797	90	90	940782
768	512	797	90	90	940788
768	515	801	90	90	940794
767	518	801	90	90	940800
767	522	801	90	90	940807
767	525	801	90	90	940813
766	528	801	90	90	940819
766	531	805	90	90	940825
766	534	805	90	90	940832
765	538	805	90	90	940838
765	541	805	90	90	940844
765	544	809	90	90	940850
765	548	809	90	90	940857
765	551	809	90	90	940863
765	554	813	90	90	940869
764	558	813	90	90	940875
764	561	813	90	90	940882
764	564	813	90	90	940888
764	568	817	90	90	940894
764	571	817	90	90	940900
763	574	817	90	90	940907
763	578	817	90	90	940913
763	581	821	90	90	940919
763	584	821	90	90	940925
763	587	821	90	90	940932
763	591	825	90	90	940938
763	594	825	90	90	940944
763	597	825	90	90	940950
763	600	825	90	90	940957
763	603	829	90	90	940963
763	606	829	90	90	940969
763	609	829	90	90	940975
763	612	829	90	90	940982
763	615	829	90	90	940988
763	617	829	90	90	940994
762	620	829	90	90	941000
762	623	833	90	90	941007
762	625	833	90	90	941013
762	628	833	90	90	941019
762	630	837	90	90	941025
762	632	837	90	90	941032
762	634	837	90	90	941038
762	636	837	90	90	941044
762	638	837	90	90	941050
762	640	837	90	90	941057
762	642	837	90	90	941063
762	644	833	90	90	941069
762	646	833	90	90	941075
762	648	837	90	90	941082
762	650	837	90	90	941088
762	651	837	90	90	941094
762	653	837	90	90	941100
762	654	837	90	90	941107
762	655	841	90	90	941113
762	656	841	90	90	941119
762	657	841	90	90	941132
762	658	841	90	90	941144
763	659	843	90	90	941163
763	660	839	90	90	941275
763	661	808	90	90	941319
763	662	785	90	90	941344
763	663	765	90	90	941369
763	664	460	90	90	941425
1
260	399	462	90	90	944530
5
1
746	486	0	90	90	1173618
194
812	484	24	90	90	1174549
811	485	126	90	90	1174562
811	486	201	90	90	1174574
810	488	287	90	90	1174587
809	489	386	90	90	1174599
809	491	471	90	90	1174612
808	492	519	90	90	1174618
808	493	539	90	90	1174624
807	494	551	90	90	1174630
807	495	567	90	90	1174637
806	496	583	90	90	1174643
805	497	592	90	90	1174649
804	498	604	90	90	1174655
803	500	612	90	90	1174662
801	501	628	90	90	1174668
800	503	644	90	90	1174674
798	504	656	90	90	1174680
796	506	668	90	90	1174687
795	508	676	90	90	1174693
793	509	684	90	90	1174699
791	511	692	90	90	1174705
789	513	696	90	90	1174712
787	515	700	90	90	1174718
785	517	704	90	90	1174724
783	519	704	90	90	1174730
781	520	708	90	90	1174737
778	522	708	90	90	1174743
776	524	712	90	90	1174749
773	525	720	90	90	1174755
770	526	724	90	90	1174762
767	527	728	90	90	1174768
764	528	733	90	90	1174774
761	529	737	90	90	1174780
757	529	741	90	90	1174787
753	530	745	90	90	1174793
750	530	745	90	90	1174799
746	530	749	90	90	1174805
742	530	749	90	90	1174812
739	530	749	90	90	1174818
735	530	749	90	90	1174824
731	530	753	90	90	1174830
727	529	753	90	90	1174837
724	529	753	90	90	1174843
720	528	757	90	90	1174849
717	527	757	90	90	1174855
714	526	757	90	90	1174862
710	525	757	90	90	1174868
707	524	761	90	90	1174874
704	523	761	90	90	1174880
701	522	761	90	90	1174887
698	521	761	90	90	1174893
695	519	765	90	90	1174899
692	518	765	90	90	1174905
689	516	769	90	90	1174912
686	514	773	90	90	1174918
683	513	773	90	90	1174924
680	511	777	90	90	1174930
678	509	777	90	90	1174937
675	507	777	90	90	1174943
673	505	777	90	90	1174949
670	503	781	90	90	1174955
668	501	781	90	90	1174962
665	499	781	90	90	1174968
663	497	781	90	90	1174974
661	495	785	90	90	1174980
659	493	789	90	90	1174987
657	491	789	90	90	1174993
655	488	793	90	90	1174999
653	486	797	90	90	1175005
651	483	801	90	90	1175012
649	481	805	90	90	1175018
647	478	809	90	90	1175024
645	475	809	90	90	1175030
643	473	813	90	90	1175037
641	470	813	90	90	1175043
640	467	813	90	90	1175049
638	464	817	90	90	1175055
637	461	817	90	90	1175062
636	458	821	90	90	1175068
635	455	821	90	90	1175074
634	452	825	90	90	1175080
634	449	829	90	90	1175087
633	446	829	90	90	1175093
633	443	833	90	90	1175099
633	440	837	90	90	1175105
633	437	837	90	90	1175112
633	434	837	90	90	1175118
634	431	841	90	90	1175124
634	428	841	90	90	1175130
635	425	841	90	90	1175137
636	422	841	90	90	1175143
637	420	841	90	90	1175149
639	417	841	90	90	1175155
641	414	841	90	90	1175162
642	411	841	90	90	1175168
644	408	841	90	90	1175174
646	405	841	90	90	1175180
648	403	845	90	90	1175187
651	400	849	90	90	1175193
653	398	849	90	90	1175199
655	396	853	90	90	1175205
658	394	857	90	90	1175212
661	392	861	90	90	1175218
664	390	865	90	90	1175224
667	389	869	90	90	1175230
670	387	869	90	90	1175237
673	385	873	90	90	1175243
676	384	873	90	90	1175249
680	383	873	90	90	1175255
683	382	878	90	90	1175262
687	381	878	90	90	1175268
691	380	878	90	90	1175274
694	379	878	90	90	1175280
698	378	878	90	90	1175287
702	378	882	90	90	1175293
706	377	882	90	90	1175299
709	377	882	90	90	1175305
713	376	882	90	90	1175312
717	376	886	90	90	1175318
721	376	886	90	90	1175324
724	376	886	90	90	1175330
727	376	890	90	90	1175337
731	376	890	90	90	1175343
735	376	894	90	90	1175349
738	377	894	90	90	1175355
742	377	898	90	90	1175362
745	378	898	90	90	1175368
749	379	902	90	90	1175374
752	380	902	90	90	1175380
756	381	902	90	90	1175387
759	383	906	90	90	1175393
763	384	906	90	90	1175399
766	385	910	90	90	1175405
770	387	910	90	90	1175412
773	389	910	90	90	1175418
776	390	914	90	90	1175424
779	392	914	90	90	1175430
782	393	914	90	90	1175437
785	395	914	90	90	1175443
788	397	914	90	90	1175449
791	399	914	90	90	1175455
793	401	914	90	90	1175462
795	403	918	90	90	1175468
797	406	918	90	90	1175474
799	408	918	90	90	1175480
801	410	918	90	90	1175487
803	413	922	90	90	1175493
805	415	922	90	90	1175499
806	417	922	90	90	1175505
808	420	922	90	90	1175512
809	422	922	90	90	1175518
811	424	922	90	90	1175524
812	426	922	90	90	1175530
813	429	922	90	90	1175537
814	431	926	90	90	1175543
814	433	926	90	90	1175549
815	436	926	90	90	1175555
815	438	930	90	90	1175562
816	440	930	90	90	1175568
816	443	930	90	90	1175574
816	445	930	90	90	1175580
815	447	930	90	90	1175587
815	449	930	90	90	1175593
815	451	926	90	90	1175599
814	453	926	90	90	1175605
814	454	926	90	90	1175612
813	456	926	90	90	1175618
813	458	926	90	90	1175624
812	460	926	90	90	1175630
811	461	926	90	90	1175637
811	463	926	90	90	1175643
810	465	926	90	90	1175649
810	466	930	90	90	1175655
809	468	930	90	90	1175662
809	469	930	90	90	1175668
808	470	930	90	90	1175674
807	471	930	90	90	1175680
807	472	930	90	90	1175687
807	473	930	90	90	1175693
806	474	930	90	90	1175705
805	476	930	90	90	1175718
805	477	926	90	90	1175730
804	479	926	90	90	1175743
804	480	926	90	90	1175755
804	481	926	90	90	1175774
804	482	926	90	90	1175799
803	483	926	90	90	1175824
803	484	926	90	90	1175843
803	485	923	90	90	1175862
802	486	912	90	90	1175880
802	487	887	90	90	1175899
802	488	788	90	90	1175924
803	489	460	90	90	1175937
803	490	92	90	90	1175955
42
729	454	40	90	90	1177124
730	455	192	90	90	1177143
730	456	462	90	90	1177187
729	456	583	90	90	1177193
729	455	600	90	90	1177199
729	453	616	90	90	1177205
728	452	628	90	90	1177212
728	449	640	90	90	1177218
727	446	652	90	90	1177224
726	443	664	90	90	1177230
725	439	676	90	90	1177237
724	434	684	90	90	1177243
723	428	696	90	90	1177249
721	422	708	90	90	1177255
720	416	724	90	90	1177262
718	409	737	90	90	1177268
717	402	753	90	90	1177274
715	396	765	90	90	1177280
714	389	777	90	90	1177287
713	382	789	90	90	1177293
712	376	801	90	90	1177299
711	370	809	90	90	1177305
710	364	813	90	90	1177312
709	359	817	90	90	1177318
709	354	821	90	90	1177324
708	349	821	90	90	1177330
708	343	821	90	90	1177337
707	338	821	90	90	1177343
706	333	825	90	90	1177349
706	328	825	90	90	1177355
705	323	825	90	90	1177362
705	318	825	90	90	1177368
704	313	825	90	90	1177374
704	309	825	90	90	1177380
703	305	829	90	90	1177387
703	302	837	90	90	1177393
702	300	841	90	90	1177399
702	298	845	90	90	1177405
702	297	851	90	90	1177418
701	296	845	90	90	1177455
702	296	562	90	90	1177487
702	297	56	90	90	1177499
62
632	451	32	90	90	1179849
633	450	320	90	90	1179936
633	451	634	90	90	1179949
633	452	676	90	90	1179955
633	453	700	90	90	1179961
633	454	724	90	90	1179967
634	455	741	90	90	1179974
634	457	753	90	90	1179980
634	459	765	90	90	1179986
635	461	773	90	90	1179992
635	463	781	90	90	1179999
636	466	789	90	90	1180005
636	469	793	90	90	1180011
637	473	797	90	90	1180017
637	477	805	90	90	1180024
638	481	805	90	90	1180030
638	486	809	90	90	1180036
639	491	813	90	90	1180042
639	497	817	90	90	1180049
640	502	821	90	90	1180055
640	508	825	90	90	1180061
640	514	825	90	90	1180067
641	520	829	90	90	1180074
641	525	829	90	90	1180080
641	531	833	90	90	1180086
641	536	837	90	90	1180092
642	541	837	90	90	1180099
642	547	841	90	90	1180105
642	552	841	90	90	1180111
642	557	845	90	90	1180117
643	562	849	90	90	1180124
643	567	849	90	90	1180130
643	571	853	90	90	1180136
644	575	853	90	90	1180142
644	579	853	90	90	1180149
644	582	857	90	90	1180155
645	586	857	90	90	1180161
645	589	857	90	90	1180167
645	592	857	90	90	1180174
646	595	857	90	90	1180180
646	598	857	90	90	1180186
647	601	857	90	90	1180192
647	603	857	90	90	1180199
648	606	857	90	90	1180205
648	609	857	90	90	1180211
649	611	857	90	90	1180217
649	613	857	90	90	1180224
649	616	857	90	90	1180230
650	618	857	90	90	1180236
650	620	857	90	90	1180242
650	622	857	90	90	1180249
650	624	857	90	90	1180255
651	626	857	90	90	1180261
651	628	857	90	90	1180267
651	629	853	90	90	1180274
651	630	853	90	90	1180280
651	631	853	90	90	1180286
651	632	849	90	90	1180299
651	634	843	90	90	1180311
652	635	806	90	90	1180349
653	635	647	90	90	1180374
654	634	166	90	90	1180399
80
816	442	405	90	90	1181467
816	443	736	90	90	1181480
816	444	765	90	90	1181492
816	445	777	90	90	1181499
816	446	789	90	90	1181505
816	448	793	90	90	1181511
816	450	801	90	90	1181517
816	452	805	90	90	1181524
816	454	809	90	90	1181530
817	458	813	90	90	1181536
817	461	813	90	90	1181542
817	466	817	90	90	1181549
817	471	817	90	90	1181555
817	476	817	90	90	1181561
818	482	821	90	90	1181567
818	488	821	90	90	1181574
818	494	825	90	90	1181580
818	500	825	90	90	1181586
818	506	829	90	90	1181592
819	512	833	90	90	1181599
819	517	833	90	90	1181605
819	522	837	90	90	1181611
819	527	841	90	90	1181617
818	531	841	90	90	1181624
818	535	845	90	90	1181630
818	539	845	90	90	1181636
818	542	849	90	90	1181642
818	546	849	90	90	1181649
818	549	849	90	90	1181655
818	553	849	90	90	1181661
818	556	853	90	90	1181667
818	559	853	90	90	1181674
819	562	853	90	90	1181680
819	565	857	90	90	1181686
819	568	857	90	90	1181692
819	571	861	90	90	1181699
820	573	861	90	90	1181705
820	576	865	90	90	1181711
820	578	869	90	90	1181717
820	580	873	90	90	1181724
820	582	878	90	90	1181730
820	584	878	90	90	1181736
820	587	882	90	90	1181742
820	589	886	90	90	1181749
820	592	886	90	90	1181755
820	594	890	90	90	1181761
820	597	894	90	90	1181767
820	599	894	90	90	1181774
821	602	894	90	90	1181780
821	604	894	90	90	1181786
821	606	898	90	90	1181792
821	609	898	90	90	1181799
821	611	898	90	90	1181805
821	613	898	90	90	1181811
822	615	898	90	90	1181817
822	617	898	90	90	1181824
822	620	902	90	90	1181830
823	622	902	90	90	1181836
823	625	902	90	90	1181842
824	627	906	90	90	1181849
824	629	906	90	90	1181855
824	631	906	90	90	1181861
825	633	906	90	90	1181867
825	634	902	90	90	1181874
825	636	902	90	90	1181880
825	637	902	90	90	1181886
825	639	898	90	90	1181892
825	640	898	90	90	1181899
825	642	894	90	90	1181905
826	643	894	90	90	1181911
826	644	894	90	90	1181917
826	646	894	90	90	1181924
826	647	890	90	90	1181930
827	647	884	90	90	1181942
827	649	853	90	90	1181967
828	649	809	90	90	1181980
829	649	773	90	90	1181992
830	649	672	90	90	1182011
831	649	388	90	90	1182024
831	648	68	90	90	1182042
6
1
759	444	0	90	90	1408826
244
831	450	90	90	90	1409620
832	451	289	90	90	1409632
831	452	382	90	90	1409645
831	454	422	90	90	1409651
831	455	451	90	90	1409657
830	456	479	90	90	1409663
830	457	519	90	90	1409670
829	459	539	90	90	1409676
829	460	559	90	90	1409682
828	461	583	90	90	1409688
827	462	604	90	90	1409695
826	464	616	90	90	1409701
825	465	632	90	90	1409707
824	466	644	90	90	1409713
823	467	656	90	90	1409720
822	469	664	90	90	1409726
821	470	672	90	90	1409732
819	471	680	90	90	1409738
818	472	684	90	90	1409745
817	473	692	90	90	1409751
816	474	696	90	90	1409757
814	475	700	90	90	1409763
813	476	704	90	90	1409770
812	477	712	90	90	1409776
810	478	720	90	90	1409782
808	479	724	90	90	1409788
806	479	728	90	90	1409795
804	480	728	90	90	1409801
802	481	733	90	90	1409807
800	482	737	90	90	1409813
798	483	737	90	90	1409820
795	484	741	90	90	1409826
793	485	745	90	90	1409832
790	486	749	90	90	1409838
787	487	749	90	90	1409845
784	488	753	90	90	1409851
781	489	761	90	90	1409857
778	490	765	90	90	1409863
774	491	769	90	90	1409870
771	492	773	90	90	1409876
768	493	777	90	90	1409882
764	494	781	90	90	1409888
760	494	785	90	90	1409895
757	494	789	90	90	1409901
753	495	789	90	90	1409907
749	495	793	90	90	1409913
746	495	793	90	90	1409920
742	495	797	90	90	1409926
738	495	801	90	90	1409932
734	495	805	90	90	1409938
731	494	809	90	90	1409945
728	494	809	90	90	1409951
724	493	813	90	90	1409957
721	493	817	90	90	1409963
718	492	821	90	90	1409970
715	491	825	90	90	1409976
713	490	825	90	90	1409982
710	489	829	90	90	1409988
708	488	833	90	90	1409995
706	487	837	90	90	1410001
704	485	837	90	90	1410007
703	484	841	90	90	1410013
701	482	845	90	90	1410020
699	481	845	90	90	1410026
698	480	849	90	90	1410032
696	478	849	90	90	1410038
694	477	853	90	90	1410045
693	475	853	90	90	1410051
692	474	853	90	90	1410057
690	472	857	90	90	1410063
689	471	857	90	90	1410070
688	469	857	90	90	1410076
687	468	861	90	90	1410082
686	466	861	90	90	1410088
685	464	865	90	90	1410095
684	462	869	90	90	1410101
682	460	873	90	90	1410107
681	458	873	90	90	1410113
680	456	878	90	90	1410120
678	454	886	90	90	1410126
677	452	890	90	90	1410132
675	450	898	90	90	1410138
674	448	902	90	90	1410145
672	446	910	90	90	1410151
671	444	914	90	90	1410157
670	442	918	90	90	1410163
668	440	926	90	90	1410170
668	437	926	90	90	1410176
667	435	926	90	90	1410182
666	432	930	90	90	1410188
665	430	930	90	90	1410195
665	427	930	90	90	1410201
665	425	934	90	90	1410207
665	422	934	90	90	1410213
665	419	934	90	90	1410220
665	416	938	90	90	1410226
665	413	938	90	90	1410232
666	410	938	90	90	1410238
666	407	942	90	90	1410245
667	405	942	90	90	1410251
667	402	946	90	90	1410257
668	399	950	90	90	1410263
669	396	954	90	90	1410270
671	393	954	90	90	1410276
672	390	958	90	90	1410282
674	387	962	90	90	1410288
676	385	966	90	90	1410295
678	382	966	90	90	1410301
680	379	970	90	90	1410307
682	377	970	90	90	1410313
684	374	974	90	90	1410320
687	372	978	90	90	1410326
690	370	978	90	90	1410332
692	368	982	90	90	1410338
695	367	986	90	90	1410345
698	365	986	90	90	1410351
701	364	990	90	90	1410357
704	362	990	90	90	1410363
707	361	990	90	90	1410370
710	359	990	90	90	1410376
713	358	994	90	90	1410382
716	357	994	90	90	1410388
719	355	994	90	90	1410395
722	354	994	90	90	1410401
725	353	998	90	90	1410407
728	352	998	90	90	1410413
731	351	998	90	90	1410420
734	351	998	90	90	1410426
737	350	1002	90	90	1410432
739	349	1002	90	90	1410438
742	349	1002	90	90	1410445
745	348	1002	90	90	1410451
748	348	1006	90	90	1410457
750	347	1006	90	90	1410463
753	347	1006	90	90	1410470
756	347	1006	90	90	1410476
758	346	1006	90	90	1410482
761	346	1010	90	90	1410488
763	346	1010	90	90	1410495
765	346	1010	90	90	1410501
767	346	1014	90	90	1410507
770	347	1014	90	90	1410513
772	347	1023	90	90	1410520
774	347	1023	90	90	1410526
776	348	1023	90	90	1410532
779	349	1023	90	90	1410538
781	350	1023	90	90	1410545
783	351	1023	90	90	1410551
785	352	1023	90	90	1410557
787	353	1023	90	90	1410563
789	354	1023	90	90	1410570
791	355	1023	90	90	1410576
792	356	1023	90	90	1410582
794	357	1023	90	90	1410588
796	358	1023	90	90	1410595
798	359	1023	90	90	1410601
801	360	1023	90	90	1410607
803	362	1023	90	90	1410613
805	363	1023	90	90	1410620
807	364	1023	90	90	1410626
809	365	1023	90	90	1410632
811	366	1023	90	90	1410638
812	368	1023	90	90	1410645
814	369	1023	90	90	1410651
816	370	1023	90	90	1410657
817	372	1023	90	90	1410663
818	373	1023	90	90	1410670
819	374	1023	90	90	1410676
820	376	1023	90	90	1410682
821	378	1023	90	90	1410688
821	379	1023	90	90	1410695
822	381	1023	90	90	1410701
822	383	1023	90	90	1410707
822	385	1023	90	90	1410713
823	387	1023	90	90	1410720
823	389	1023	90	90	1410726
824	391	1023	90	90	1410732
824	392	1023	90	90	1410738
825	394	1023	90	90	1410745
825	396	1023	90	90	1410751
826	397	1023	90	90	1410757
826	399	1023	90	90	1410763
827	400	1023	90	90	1410770
827	402	1023	90	90	1410776
827	403	1023	90	90	1410782
828	404	1023	90	90	1410788
828	406	1023	90	90	1410795
828	407	1023	90	90	1410801
828	409	1023	90	90	1410807
829	410	1023	90	90	1410813
829	411	1023	90	90	1410820
829	413	1023	90	90	1410826
829	414	1023	90	90	1410832
829	415	1023	90	90	1410838
829	416	1023	90	90	1410845
829	418	1023	90	90	1410851
829	419	1023	90	90	1410857
829	420	1023	90	90	1410863
829	421	1023	90	90	1410870
829	422	1023	90	90	1410876
829	423	1023	90	90	1410882
829	424	1023	90	90	1410888
829	425	1023	90	90	1410895
830	427	1023	90	90	1410901
830	428	1023	90	90	1410907
830	429	1023	90	90	1410913
830	430	1023	90	90	1410920
830	431	1023	90	90	1410926
830	432	1023	90	90	1410932
830	433	1023	90	90	1410938
831	434	1023	90	90	1410945
831	435	1023	90	90	1410951
831	436	1023	90	90	1410963
831	437	1023	90	90	1410976
831	439	1023	90	90	1410988
832	440	1023	90	90	1411001
832	442	1023	90	90	1411013
833	443	1023	90	90	1411026
833	444	1023	90	90	1411038
834	445	1023	90	90	1411051
834	446	1023	90	90	1411063
834	448	1023	90	90	1411076
834	449	1023	90	90	1411082
834	450	1023	90	90	1411088
833	451	1023	90	90	1411095
833	452	1023	90	90	1411101
833	453	1023	90	90	1411107
832	454	1023	90	90	1411113
832	456	1023	90	90	1411120
832	457	1023	90	90	1411126
831	458	1023	90	90	1411132
831	459	1023	90	90	1411138
830	460	1023	90	90	1411145
830	461	1023	90	90	1411151
829	462	1023	90	90	1411157
829	463	1023	90	90	1411170
828	465	1023	90	90	1411182
827	466	1019	90	90	1411213
827	464	960	90	90	1411226
827	463	873	90	90	1411232
827	462	708	90	90	1411238
827	461	547	90	90	1411245
827	460	279	90	90	1411257
827	459	8	90	90	1411270
38
755	417	36	90	90	1412176
755	418	361	90	90	1412207
754	418	551	90	90	1412213
753	417	583	90	90	1412220
753	415	608	90	90	1412226
753	412	632	90	90	1412232
753	408	656	90	90	1412238
753	403	680	90	90	1412245
752	397	708	90	90	1412251
752	389	741	90	90	1412257
752	380	765	90	90	1412263
752	370	785	90	90	1412270
752	360	801	90	90	1412276
751	350	813	90	90	1412282
751	340	825	90	90	1412288
750	331	833	90	90	1412295
750	323	841	90	90	1412301
749	315	849	90	90	1412307
748	309	853	90	90	1412313
748	303	861	90	90	1412320
747	298	865	90	90	1412326
747	293	869	90	90	1412332
746	289	873	90	90	1412338
746	284	873	90	90	1412345
746	280	873	90	90	1412351
745	276	878	90	90	1412357
745	273	878	90	90	1412363
745	269	878	90	90	1412370
745	266	878	90	90	1412376
744	264	878	90	90	1412382
744	262	882	90	90	1412388
744	260	886	90	90	1412395
744	258	886	90	90	1412401
743	257	890	90	90	1412413
743	256	861	90	90	1412476
744	257	541	90	90	1412488
744	259	302	90	90	1412495
744	260	72	90	90	1412507
61
664	426	49	90	90	1413401
665	425	454	90	90	1413488
664	425	736	90	90	1413507
664	426	769	90	90	1413513
663	427	777	90	90	1413520
663	428	789	90	90	1413526
663	430	797	90	90	1413532
663	432	805	90	90	1413538
662	435	809	90	90	1413545
662	438	817	90	90	1413551
661	442	821	90	90	1413557
660	447	825	90	90	1413563
660	452	829	90	90	1413570
659	458	833	90	90	1413576
658	464	833	90	90	1413582
657	470	833	90	90	1413588
656	477	837	90	90	1413595
654	483	837	90	90	1413601
653	489	841	90	90	1413607
652	496	841	90	90	1413613
651	502	845	90	90	1413620
650	507	845	90	90	1413626
649	513	849	90	90	1413632
648	518	849	90	90	1413638
647	523	853	90	90	1413645
646	527	857	90	90	1413651
646	532	857	90	90	1413657
645	536	861	90	90	1413663
645	540	861	90	90	1413670
644	544	861	90	90	1413676
644	548	865	90	90	1413682
643	551	865	90	90	1413688
643	554	869	90	90	1413695
642	558	869	90	90	1413701
642	561	873	90	90	1413707
641	564	873	90	90	1413713
641	567	873	90	90	1413720
641	570	878	90	90	1413726
640	573	878	90	90	1413732
640	576	882	90	90	1413738
640	579	882	90	90	1413745
640	583	882	90	90	1413751
640	587	882	90	90	1413757
640	590	882	90	90	1413763
640	594	882	90	90	1413770
640	598	882	90	90	1413776
640	601	878	90	90	1413782
640	605	873	90	90	1413788
640	608	869	90	90	1413795
640	611	865	90	90	1413801
640	614	861	90	90	1413807
640	617	857	90	90	1413813
640	619	853	90	90	1413820
640	621	849	90	90	1413826
640	623	845	90	90	1413832
640	624	837	90	90	1413838
640	625	774	90	90	1413863
640	623	571	90	90	1413870
639	622	422	90	90	1413876
639	621	277	90	90	1413882
639	619	62	90	90	1413895
82
834	432	40	90	90	1414732
834	431	337	90	90	1414801
833	431	641	90	90	1414832
833	432	722	90	90	1414845
833	434	749	90	90	1414851
833	435	765	90	90	1414857
833	437	777	90	90	1414863
833	439	785	90	90	1414870
833	441	793	90	90	1414876
833	444	797	90	90	1414882
833	446	801	90	90	1414888
833	450	805	90	90	1414895
833	453	805	90	90	1414901
833	457	805	90	90	1414907
833	461	809	90	90	1414913
833	466	809	90	90	1414920
833	470	809	90	90	1414926
833	475	809	90	90	1414932
833	480	813	90	90	1414938
833	484	813	90	90	1414945
832	488	813	90	90	1414951
832	492	813	90	90	1414957
832	496	817	90	90	1414963
832	499	817	90	90	1414970
831	502	817	90	90	1414976
831	505	821	90	90	1414982
831	508	821	90	90	1414988
831	511	825	90	90	1414995
831	514	825	90	90	1415001
831	516	825	90	90	1415007
831	519	829	90	90	1415013
831	521	829	90	90	1415020
830	523	833	90	90	1415026
830	525	833	90	90	1415032
830	527	833	90	90	1415038
829	529	833	90	90	1415045
829	531	837	90	90	1415051
828	534	837	90	90	1415057
828	536	837	90	90	1415063
828	539	837	90	90	1415070
827	542	837	90	90	1415076
827	545	841	90	90	1415082
827	547	841	90	90	1415088
826	550	841	90	90	1415095
826	553	841	90	90	1415101
825	556	845	90	90	1415107
825	559	845	90	90	1415113
824	562	845	90	90	1415120
824	566	849	90	90	1415126
824	569	849	90	90	1415132
824	572	849	90	90	1415138
823	575	853	90	90	1415145
823	579	853	90	90	1415151
823	582	857	90	90	1415157
823	586	861	90	90	1415163
823	589	865	90	90	1415170
823	593	865	90	90	1415176
823	596	869	90	90	1415182
822	599	873	90	90	1415188
822	603	873	90	90	1415195
821	606	878	90	90	1415201
820	610	878	90	90	1415207
820	613	878	90	90	1415213
819	616	882	90	90	1415220
819	619	882	90	90	1415226
819	622	886	90	90	1415232
819	625	886	90	90	1415238
819	628	886	90	90	1415245
819	630	886	90	90	1415251
819	632	886	90	90	1415257
819	634	886	90	90	1415263
819	635	886	90	90	1415270
819	636	882	90	90	1415276
818	637	882	90	90	1415288
818	638	882	90	90	1415301
817	639	867	90	90	1415332
816	638	805	90	90	1415345
817	636	712	90	90	1415351
817	635	571	90	90	1415357
817	634	418	90	90	1415363
817	633	265	90	90	1415370
817	632	54	90	90	1415382
2
260	393	403	90	90	1418105
260	392	0	90	90	1418118
6
1
711	445	0	90	90	1624757
136
794	452	12	90	90	1625438
795	453	81	90	90	1625457
795	454	219	90	90	1625476
795	455	348	90	90	1625488
795	456	422	90	90	1625501
795	457	455	90	90	1625507
795	458	467	90	90	1625513
794	459	475	90	90	1625519
794	460	479	90	90	1625526
794	462	479	90	90	1625532
793	463	479	90	90	1625538
792	464	479	90	90	1625544
791	466	487	90	90	1625551
790	467	491	90	90	1625557
789	469	503	90	90	1625563
788	470	515	90	90	1625569
786	472	523	90	90	1625576
784	473	535	90	90	1625582
781	475	551	90	90	1625588
779	476	563	90	90	1625594
776	478	583	90	90	1625601
773	479	596	90	90	1625607
770	480	612	90	90	1625613
767	481	624	90	90	1625619
763	482	636	90	90	1625626
759	484	644	90	90	1625632
755	485	656	90	90	1625638
751	486	664	90	90	1625644
747	486	672	90	90	1625651
743	487	680	90	90	1625657
738	488	688	90	90	1625663
733	488	696	90	90	1625669
728	489	704	90	90	1625676
724	489	720	90	90	1625682
719	489	728	90	90	1625688
714	489	737	90	90	1625694
708	488	749	90	90	1625701
703	488	757	90	90	1625707
698	487	765	90	90	1625713
693	486	769	90	90	1625719
688	484	773	90	90	1625726
682	483	777	90	90	1625732
677	482	781	90	90	1625738
672	480	785	90	90	1625744
667	478	789	90	90	1625751
662	476	797	90	90	1625757
657	473	801	90	90	1625763
652	471	805	90	90	1625769
647	468	809	90	90	1625776
643	465	817	90	90	1625782
639	462	821	90	90	1625788
635	459	825	90	90	1625794
631	455	829	90	90	1625801
627	451	833	90	90	1625807
623	447	837	90	90	1625813
620	443	841	90	90	1625819
617	439	845	90	90	1625826
615	435	849	90	90	1625832
612	431	853	90	90	1625838
610	426	857	90	90	1625844
609	422	857	90	90	1625851
607	417	861	90	90	1625857
607	412	869	90	90	1625863
606	408	873	90	90	1625869
606	404	878	90	90	1625876
606	400	878	90	90	1625882
606	395	882	90	90	1625888
607	391	886	90	90	1625894
608	387	886	90	90	1625901
609	383	890	90	90	1625907
611	380	894	90	90	1625913
613	376	894	90	90	1625919
615	373	898	90	90	1625926
618	369	902	90	90	1625932
621	366	906	90	90	1625938
624	363	914	90	90	1625944
627	360	918	90	90	1625951
631	357	922	90	90	1625957
635	354	926	90	90	1625963
639	351	934	90	90	1625969
643	349	938	90	90	1625976
648	347	942	90	90	1625982
653	345	950	90	90	1625988
659	343	954	90	90	1625994
664	341	954	90	90	1626001
670	340	958	90	90	1626007
676	339	962	90	90	1626013
682	338	962	90	90	1626019
688	338	966	90	90	1626026
694	338	966	90	90	1626032
701	338	966	90	90	1626038
707	338	966	90	90	1626044
713	339	966	90	90	1626051
719	340	970	90	90	1626057
725	341	970	90	90	1626063
731	342	970	90	90	1626069
737	344	970	90	90	1626076
742	346	970	90	90	1626082
747	348	970	90	90	1626088
752	350	970	90	90	1626094
757	353	970	90	90	1626101
761	355	970	90	90	1626107
765	358	970	90	90	1626113
769	361	970	90	90	1626119
773	364	970	90	90	1626126
776	368	970	90	90	1626132
779	371	970	90	90	1626138
781	375	970	90	90	1626144
784	379	974	90	90	1626151
786	383	974	90	90	1626157
787	387	974	90	90	1626163
789	392	974	90	90	1626169
790	396	974	90	90	1626176
791	400	974	90	90	1626182
792	404	978	90	90	1626188
793	408	978	90	90	1626194
793	412	978	90	90	1626201
794	416	978	90	90	1626207
794	420	978	90	90	1626213
794	424	978	90	90	1626219
794	427	978	90	90	1626226
794	431	974	90	90	1626232
794	434	974	90	90	1626238
794	438	974	90	90	1626244
793	441	970	90	90	1626251
792	444	962	90	90	1626257
791	446	954	90	90	1626263
790	449	942	90	90	1626269
788	451	930	90	90	1626276
787	453	902	90	90	1626282
786	455	849	90	90	1626288
784	457	692	90	90	1626294
782	458	535	90	90	1626301
781	460	366	90	90	1626307
779	461	189	90	90	1626313
777	461	6	90	90	1626326
51
701	415	242	90	90	1627313
701	414	539	90	90	1627319
701	413	575	90	90	1627326
701	411	608	90	90	1627332
701	409	636	90	90	1627338
701	407	664	90	90	1627344
701	403	692	90	90	1627351
701	399	720	90	90	1627357
702	394	741	90	90	1627363
702	387	753	90	90	1627369
702	380	761	90	90	1627376
703	373	769	90	90	1627382
703	365	781	90	90	1627388
703	358	789	90	90	1627394
703	350	797	90	90	1627401
703	343	809	90	90	1627407
702	336	821	90	90	1627413
702	330	833	90	90	1627419
701	324	845	90	90	1627426
701	319	853	90	90	1627432
700	313	861	90	90	1627438
700	308	869	90	90	1627444
699	304	873	90	90	1627451
699	299	882	90	90	1627457
698	295	886	90	90	1627463
698	290	894	90	90	1627469
698	286	898	90	90	1627476
697	283	906	90	90	1627482
697	279	910	90	90	1627488
697	276	914	90	90	1627494
696	273	918	90	90	1627501
696	270	922	90	90	1627507
696	267	926	90	90	1627513
695	265	930	90	90	1627519
695	262	934	90	90	1627526
695	260	938	90	90	1627532
695	258	942	90	90	1627538
695	256	942	90	90	1627544
695	254	942	90	90	1627551
695	252	942	90	90	1627557
695	250	942	90	90	1627563
695	249	942	90	90	1627569
695	247	942	90	90	1627576
695	246	942	90	90	1627582
695	245	942	90	90	1627594
695	244	942	90	90	1627613
695	243	913	90	90	1627657
696	243	758	90	90	1627676
697	244	442	90	90	1627688
698	246	197	90	90	1627694
698	247	20	90	90	1627707
67
603	396	28	90	90	1628632
604	395	403	90	90	1628694
604	396	678	90	90	1628707
604	397	718	90	90	1628719
604	398	745	90	90	1628732
603	400	757	90	90	1628738
603	401	765	90	90	1628744
603	402	777	90	90	1628751
603	404	785	90	90	1628757
603	405	793	90	90	1628763
603	407	805	90	90	1628769
602	410	813	90	90	1628776
602	412	821	90	90	1628782
602	415	833	90	90	1628788
602	418	841	90	90	1628794
601	422	849	90	90	1628801
601	426	853	90	90	1628807
601	430	857	90	90	1628813
600	434	861	90	90	1628819
600	439	865	90	90	1628826
600	444	869	90	90	1628832
600	449	869	90	90	1628838
600	454	873	90	90	1628844
599	459	873	90	90	1628851
599	464	873	90	90	1628857
599	470	873	90	90	1628863
599	476	878	90	90	1628869
599	482	878	90	90	1628876
598	488	882	90	90	1628882
598	493	882	90	90	1628888
598	499	882	90	90	1628894
597	505	886	90	90	1628901
597	511	890	90	90	1628907
597	516	890	90	90	1628913
596	521	894	90	90	1628919
596	527	894	90	90	1628926
595	532	898	90	90	1628932
595	537	898	90	90	1628938
594	542	902	90	90	1628944
594	547	902	90	90	1628951
593	552	906	90	90	1628957
593	557	906	90	90	1628963
593	561	910	90	90	1628969
593	565	910	90	90	1628976
592	569	910	90	90	1628982
592	573	914	90	90	1628988
592	577	914	90	90	1628994
592	580	914	90	90	1629001
592	583	914	90	90	1629007
592	586	918	90	90	1629013
592	589	918	90	90	1629019
591	592	918	90	90	1629026
591	595	922	90	90	1629032
591	597	926	90	90	1629038
591	600	926	90	90	1629044
591	602	926	90	90	1629051
591	604	926	90	90	1629057
591	606	926	90	90	1629063
590	608	930	90	90	1629069
591	609	930	90	90	1629076
591	611	930	90	90	1629082
591	612	930	90	90	1629088
591	613	930	90	90	1629094
591	614	930	90	90	1629101
591	615	930	90	90	1629113
591	616	785	90	90	1629176
592	615	72	90	90	1629194
76
793	403	40	90	90	1630044
793	402	282	90	90	1630094
793	403	396	90	90	1630113
793	404	492	90	90	1630132
793	406	579	90	90	1630144
793	407	624	90	90	1630151
793	408	652	90	90	1630157
792	409	672	90	90	1630163
792	410	692	90	90	1630169
792	411	704	90	90	1630176
792	413	724	90	90	1630182
792	414	737	90	90	1630188
792	416	749	90	90	1630194
792	418	757	90	90	1630201
792	421	769	90	90	1630207
791	423	781	90	90	1630213
791	426	789	90	90	1630219
791	429	801	90	90	1630226
791	433	809	90	90	1630232
791	437	813	90	90	1630238
791	441	817	90	90	1630244
791	446	821	90	90	1630251
791	451	825	90	90	1630257
791	456	829	90	90	1630263
791	461	829	90	90	1630269
791	466	833	90	90	1630276
791	471	833	90	90	1630282
791	477	837	90	90	1630288
791	482	841	90	90	1630294
791	488	845	90	90	1630301
791	494	845	90	90	1630307
791	500	845	90	90	1630313
791	506	849	90	90	1630319
791	511	849	90	90	1630326
790	517	853	90	90	1630332
790	522	853	90	90	1630338
789	528	857	90	90	1630344
789	533	861	90	90	1630351
788	538	865	90	90	1630357
788	543	865	90	90	1630363
787	548	869	90	90	1630369
786	553	873	90	90	1630376
786	557	878	90	90	1630382
785	562	882	90	90	1630388
784	566	886	90	90	1630394
783	570	890	90	90	1630401
782	574	894	90	90	1630407
781	578	898	90	90	1630413
780	581	902	90	90	1630419
779	585	906	90	90	1630426
778	588	910	90	90	1630432
777	592	914	90	90	1630438
776	595	918	90	90	1630444
775	598	922	90	90	1630451
775	601	926	90	90	1630457
774	604	926	90	90	1630463
773	607	930	90	90	1630469
773	609	930	90	90	1630476
772	612	934	90	90	1630482
771	615	934	90	90	1630488
771	617	934	90	90	1630494
771	619	934	90	90	1630501
770	622	938	90	90	1630507
770	624	938	90	90	1630513
770	626	938	90	90	1630519
769	628	942	90	90	1630526
769	629	942	90	90	1630532
769	631	942	90	90	1630538
769	632	942	90	90	1630544
769	633	942	90	90	1630557
768	634	938	90	90	1630576
767	635	911	90	90	1630601
767	634	849	90	90	1630613
768	633	690	90	90	1630626
768	632	378	90	90	1630638
769	631	70	90	90	1630651
3
265	396	90	90	90	1631794
266	395	524	90	90	1631826
265	394	190	90	90	1631851
5
1
336	445	0	90	90	1863940
126
792	440	76	90	90	1864740
790	443	153	90	90	1864746
789	445	189	90	90	1864753
787	446	229	90	90	1864759
785	448	273	90	90	1864765
783	450	310	90	90	1864771
781	452	354	90	90	1864778
779	454	386	90	90	1864784
776	456	418	90	90	1864790
774	458	447	90	90	1864796
771	460	467	90	90	1864803
768	463	479	90	90	1864809
764	465	499	90	90	1864815
761	467	511	90	90	1864821
757	469	515	90	90	1864828
753	471	523	90	90	1864834
749	473	527	90	90	1864840
744	475	535	90	90	1864846
740	476	547	90	90	1864853
735	477	555	90	90	1864859
730	479	563	90	90	1864865
725	480	571	90	90	1864871
719	481	583	90	90	1864878
714	482	592	90	90	1864884
708	483	600	90	90	1864890
703	483	604	90	90	1864896
697	484	612	90	90	1864903
692	484	620	90	90	1864909
686	484	628	90	90	1864915
681	483	636	90	90	1864921
675	483	648	90	90	1864928
670	482	660	90	90	1864934
664	482	668	90	90	1864940
659	481	676	90	90	1864946
654	480	684	90	90	1864953
648	478	692	90	90	1864959
644	477	696	90	90	1864965
639	475	696	90	90	1864971
634	473	700	90	90	1864978
629	471	700	90	90	1864984
624	469	704	90	90	1864990
620	466	708	90	90	1864996
615	464	708	90	90	1865003
611	461	712	90	90	1865009
606	458	724	90	90	1865015
602	454	728	90	90	1865021
597	451	733	90	90	1865028
593	448	737	90	90	1865034
590	444	741	90	90	1865040
586	440	741	90	90	1865046
583	436	745	90	90	1865053
579	433	749	90	90	1865059
577	429	749	90	90	1865065
574	425	749	90	90	1865071
572	421	749	90	90	1865078
570	416	749	90	90	1865084
569	412	749	90	90	1865090
568	408	749	90	90	1865096
568	404	749	90	90	1865103
567	400	753	90	90	1865109
567	395	757	90	90	1865115
568	391	765	90	90	1865121
568	386	773	90	90	1865128
569	382	785	90	90	1865134
570	377	797	90	90	1865140
572	373	809	90	90	1865146
574	368	821	90	90	1865153
576	363	833	90	90	1865159
579	359	841	90	90	1865165
582	355	853	90	90	1865171
585	351	861	90	90	1865178
589	348	869	90	90	1865184
593	344	878	90	90	1865190
597	342	886	90	90	1865196
602	339	898	90	90	1865203
607	337	906	90	90	1865209
613	335	914	90	90	1865215
618	333	922	90	90	1865221
624	331	926	90	90	1865228
631	330	930	90	90	1865234
637	329	934	90	90	1865240
644	328	934	90	90	1865246
652	328	934	90	90	1865253
659	328	934	90	90	1865259
666	329	934	90	90	1865265
674	329	938	90	90	1865271
682	330	938	90	90	1865278
690	331	938	90	90	1865284
697	332	938	90	90	1865290
705	334	938	90	90	1865296
712	335	942	90	90	1865303
720	337	942	90	90	1865309
727	339	938	90	90	1865315
734	341	938	90	90	1865321
741	343	938	90	90	1865328
747	346	938	90	90	1865334
753	349	934	90	90	1865340
759	352	934	90	90	1865346
765	355	934	90	90	1865353
770	359	930	90	90	1865359
775	362	930	90	90	1865365
780	366	926	90	90	1865371
784	369	926	90	90	1865378
787	373	922	90	90	1865384
790	377	918	90	90	1865390
793	381	918	90	90	1865396
795	385	914	90	90	1865403
797	389	914	90	90	1865409
798	393	914	90	90	1865415
800	397	910	90	90	1865421
800	402	910	90	90	1865428
801	406	910	90	90	1865434
801	410	910	90	90	1865440
800	414	910	90	90	1865446
800	418	906	90	90	1865453
799	422	906	90	90	1865459
798	426	902	90	90	1865465
797	430	894	90	90	1865471
795	434	882	90	90	1865478
793	437	861	90	90	1865484
792	441	833	90	90	1865490
790	444	777	90	90	1865496
787	447	628	90	90	1865503
785	450	467	90	90	1865509
782	453	298	90	90	1865515
779	455	68	90	90	1865528
41
685	411	60	90	90	1866896
685	407	189	90	90	1866903
685	404	322	90	90	1866909
685	400	455	90	90	1866915
685	395	551	90	90	1866921
685	389	596	90	90	1866928
686	382	620	90	90	1866934
686	373	640	90	90	1866940
686	364	652	90	90	1866946
686	354	664	90	90	1866953
686	343	680	90	90	1866959
686	332	700	90	90	1866965
686	322	724	90	90	1866971
686	311	753	90	90	1866978
686	302	781	90	90	1866984
686	292	809	90	90	1866990
686	283	837	90	90	1866996
686	274	865	90	90	1867003
686	265	882	90	90	1867009
686	257	898	90	90	1867015
686	248	906	90	90	1867021
686	241	914	90	90	1867028
685	233	922	90	90	1867034
685	226	930	90	90	1867040
685	219	934	90	90	1867046
685	213	938	90	90	1867053
684	207	946	90	90	1867059
684	201	954	90	90	1867065
683	197	958	90	90	1867071
683	192	966	90	90	1867078
683	187	966	90	90	1867084
683	183	966	90	90	1867090
682	179	970	90	90	1867096
682	176	970	90	90	1867103
682	173	966	90	90	1867109
682	170	962	90	90	1867115
682	167	954	90	90	1867121
682	165	942	90	90	1867128
682	164	918	90	90	1867134
682	162	800	90	90	1867146
682	161	243	90	90	1867178
65
566	403	463	90	90	1868490
567	404	781	90	90	1868503
567	406	805	90	90	1868509
567	407	817	90	90	1868515
567	409	829	90	90	1868521
567	410	837	90	90	1868528
567	413	849	90	90	1868534
566	416	857	90	90	1868540
566	419	861	90	90	1868546
566	423	869	90	90	1868553
565	427	878	90	90	1868559
565	432	886	90	90	1868565
564	437	894	90	90	1868571
564	442	898	90	90	1868578
564	447	906	90	90	1868584
563	453	910	90	90	1868590
563	458	914	90	90	1868596
563	463	918	90	90	1868603
562	469	918	90	90	1868609
562	474	918	90	90	1868615
561	479	918	90	90	1868621
561	484	922	90	90	1868628
560	489	922	90	90	1868634
559	494	922	90	90	1868640
559	498	922	90	90	1868646
558	503	926	90	90	1868653
558	508	926	90	90	1868659
557	512	926	90	90	1868665
557	516	926	90	90	1868671
556	520	926	90	90	1868678
556	524	930	90	90	1868684
555	528	930	90	90	1868690
555	532	930	90	90	1868696
554	535	926	90	90	1868703
554	539	926	90	90	1868709
553	542	926	90	90	1868715
553	546	926	90	90	1868721
552	550	926	90	90	1868728
552	554	926	90	90	1868734
552	558	926	90	90	1868740
551	562	926	90	90	1868746
551	566	926	90	90	1868753
551	570	930	90	90	1868759
550	574	930	90	90	1868765
550	578	930	90	90	1868771
550	582	934	90	90	1868778
549	586	934	90	90	1868784
549	590	934	90	90	1868790
548	593	934	90	90	1868796
547	597	934	90	90	1868803
547	600	934	90	90	1868809
546	603	934	90	90	1868815
546	606	934	90	90	1868821
545	609	934	90	90	1868828
545	612	934	90	90	1868834
544	614	934	90	90	1868840
544	617	930	90	90	1868846
543	619	934	90	90	1868853
543	621	930	90	90	1868859
543	623	930	90	90	1868865
543	625	922	90	90	1868871
543	626	914	90	90	1868878
543	627	902	90	90	1868884
543	628	873	90	90	1868896
543	630	420	90	90	1868940
81
799	409	80	90	90	1870584
799	408	535	90	90	1870634
798	409	848	90	90	1870690
799	410	894	90	90	1870709
799	411	900	90	90	1870721
800	412	902	90	90	1870728
800	413	902	90	90	1870734
800	414	906	90	90	1870740
801	415	906	90	90	1870746
801	416	906	90	90	1870753
801	417	906	90	90	1870759
801	418	906	90	90	1870765
802	419	910	90	90	1870771
802	420	910	90	90	1870778
802	422	910	90	90	1870784
802	423	910	90	90	1870790
802	424	910	90	90	1870796
802	426	910	90	90	1870803
801	428	910	90	90	1870809
801	430	910	90	90	1870815
801	432	906	90	90	1870821
800	435	910	90	90	1870828
800	437	910	90	90	1870834
800	440	910	90	90	1870840
799	442	910	90	90	1870846
799	445	910	90	90	1870853
799	448	906	90	90	1870859
798	451	906	90	90	1870865
798	454	906	90	90	1870871
798	457	902	90	90	1870878
798	461	902	90	90	1870884
798	464	902	90	90	1870890
798	468	902	90	90	1870896
798	472	902	90	90	1870903
798	475	898	90	90	1870909
797	479	898	90	90	1870915
797	483	902	90	90	1870921
797	487	902	90	90	1870928
797	491	898	90	90	1870934
796	496	902	90	90	1870940
796	500	902	90	90	1870946
795	505	902	90	90	1870953
794	510	902	90	90	1870959
794	514	902	90	90	1870965
793	519	902	90	90	1870971
793	525	906	90	90	1870978
792	530	906	90	90	1870984
792	535	906	90	90	1870990
791	540	910	90	90	1870996
791	546	910	90	90	1871003
790	551	914	90	90	1871009
790	556	914	90	90	1871015
789	561	914	90	90	1871021
788	566	918	90	90	1871028
788	571	918	90	90	1871034
787	575	918	90	90	1871040
787	580	922	90	90	1871046
786	584	922	90	90	1871053
786	588	922	90	90	1871059
785	592	926	90	90	1871065
785	596	926	90	90	1871071
784	600	926	90	90	1871078
783	604	926	90	90	1871084
783	607	930	90	90	1871090
782	610	930	90	90	1871096
782	613	930	90	90	1871103
781	616	930	90	90	1871109
780	619	930	90	90	1871115
779	622	930	90	90	1871121
779	624	934	90	90	1871128
778	626	934	90	90	1871134
778	628	934	90	90	1871140
778	629	934	90	90	1871146
777	630	934	90	90	1871153
777	632	934	90	90	1871171
777	634	930	90	90	1871190
777	635	915	90	90	1871228
777	634	888	90	90	1871240
777	633	839	90	90	1871253
778	632	583	90	90	1871271
778	631	123	90	90	1871290
