2
1
711	427	0	90	90	322961819
194
478	403	40	90	90	322963416
478	402	100	90	90	322963428
479	400	150	90	90	322963441
479	399	205	90	90	322963447
480	398	253	90	90	322963453
481	397	302	90	90	322963459
481	396	362	90	90	322963466
482	394	414	90	90	322963472
483	393	463	90	90	322963478
484	391	511	90	90	322963484
485	388	547	90	90	322963491
487	385	583	90	90	322963497
488	383	608	90	90	322963503
489	379	636	90	90	322963509
491	376	656	90	90	322963516
492	371	676	90	90	322963522
494	367	688	90	90	322963528
495	363	700	90	90	322963534
496	358	712	90	90	322963541
497	354	728	90	90	322963547
498	349	737	90	90	322963553
500	345	741	90	90	322963559
501	340	745	90	90	322963566
503	336	749	90	90	322963572
504	331	749	90	90	322963578
506	327	753	90	90	322963584
508	323	757	90	90	322963591
510	320	757	90	90	322963597
512	316	757	90	90	322963603
514	312	757	90	90	322963609
516	309	761	90	90	322963616
517	306	761	90	90	322963622
519	303	761	90	90	322963628
520	300	757	90	90	322963634
521	297	761	90	90	322963641
522	295	761	90	90	322963647
523	292	765	90	90	322963653
524	291	765	90	90	322963659
525	289	765	90	90	322963666
525	287	769	90	90	322963672
526	286	769	90	90	322963678
527	285	773	90	90	322963684
527	284	773	90	90	322963691
527	283	769	90	90	322963703
528	282	771	90	90	322963747
528	283	779	90	90	322963759
528	284	781	90	90	322963766
528	285	781	90	90	322963772
528	286	781	90	90	322963778
528	288	777	90	90	322963784
528	289	777	90	90	322963791
528	290	777	90	90	322963797
527	292	773	90	90	322963803
527	294	773	90	90	322963809
527	296	773	90	90	322963816
528	298	773	90	90	322963822
528	301	773	90	90	322963828
528	304	773	90	90	322963834
529	308	773	90	90	322963841
529	312	773	90	90	322963847
530	316	777	90	90	322963853
531	321	777	90	90	322963859
532	326	773	90	90	322963866
534	331	773	90	90	322963872
535	337	773	90	90	322963878
537	343	773	90	90	322963884
539	349	773	90	90	322963891
540	355	773	90	90	322963897
542	361	773	90	90	322963903
543	367	773	90	90	322963909
544	373	773	90	90	322963916
546	379	773	90	90	322963922
547	384	773	90	90	322963928
548	390	769	90	90	322963934
549	396	773	90	90	322963941
549	402	773	90	90	322963947
550	408	773	90	90	322963953
551	415	773	90	90	322963959
552	421	773	90	90	322963966
553	427	773	90	90	322963972
554	434	773	90	90	322963978
555	440	777	90	90	322963984
556	446	777	90	90	322963991
557	452	777	90	90	322963997
558	458	777	90	90	322964003
558	463	781	90	90	322964009
559	469	781	90	90	322964016
559	474	781	90	90	322964022
560	480	785	90	90	322964028
561	486	785	90	90	322964034
561	491	785	90	90	322964041
562	497	789	90	90	322964047
563	503	789	90	90	322964053
564	509	793	90	90	322964059
565	514	793	90	90	322964066
565	519	797	90	90	322964072
566	524	797	90	90	322964078
567	530	801	90	90	322964084
568	534	801	90	90	322964091
568	539	805	90	90	322964097
569	543	805	90	90	322964103
569	547	805	90	90	322964109
570	551	805	90	90	322964116
570	555	805	90	90	322964122
570	558	805	90	90	322964128
571	561	809	90	90	322964134
571	564	809	90	90	322964141
571	567	809	90	90	322964147
572	569	809	90	90	322964153
572	571	813	90	90	322964159
572	573	813	90	90	322964166
572	574	813	90	90	322964172
572	575	813	90	90	322964184
572	576	810	90	90	322964366
573	576	809	90	90	322964378
574	576	809	90	90	322964391
576	575	809	90	90	322964397
577	575	809	90	90	322964403
578	575	809	90	90	322964409
579	575	809	90	90	322964416
581	575	809	90	90	322964422
584	575	809	90	90	322964428
587	575	809	90	90	322964434
590	575	809	90	90	322964441
594	575	809	90	90	322964447
598	575	809	90	90	322964453
604	576	809	90	90	322964459
609	576	809	90	90	322964466
615	576	805	90	90	322964472
621	577	805	90	90	322964478
627	577	805	90	90	322964484
634	578	805	90	90	322964491
641	578	805	90	90	322964497
648	579	805	90	90	322964503
656	579	805	90	90	322964509
663	579	805	90	90	322964516
671	580	805	90	90	322964522
679	580	805	90	90	322964528
687	580	805	90	90	322964534
696	581	805	90	90	322964541
705	581	805	90	90	322964547
713	582	801	90	90	322964553
722	582	801	90	90	322964559
731	583	801	90	90	322964566
740	583	801	90	90	322964572
749	584	801	90	90	322964578
757	584	801	90	90	322964584
765	584	801	90	90	322964591
773	585	801	90	90	322964597
781	585	801	90	90	322964603
789	585	801	90	90	322964609
796	586	805	90	90	322964616
802	586	805	90	90	322964622
808	586	805	90	90	322964628
814	586	805	90	90	322964634
820	586	805	90	90	322964641
825	587	805	90	90	322964647
829	587	805	90	90	322964653
833	587	809	90	90	322964659
836	587	805	90	90	322964666
839	587	805	90	90	322964672
842	588	805	90	90	322964678
843	588	805	90	90	322964684
845	588	805	90	90	322964691
846	588	805	90	90	322964703
847	588	808	90	90	322964741
846	588	809	90	90	322964759
845	589	809	90	90	322964803
844	588	809	90	90	322964816
844	587	805	90	90	322964822
844	586	809	90	90	322964828
844	584	809	90	90	322964834
843	583	809	90	90	322964841
843	581	813	90	90	322964847
843	578	817	90	90	322964853
842	575	817	90	90	322964859
841	572	821	90	90	322964866
841	568	825	90	90	322964872
840	565	829	90	90	322964878
839	560	833	90	90	322964884
837	556	841	90	90	322964891
836	551	845	90	90	322964897
834	546	849	90	90	322964903
832	541	853	90	90	322964909
831	537	857	90	90	322964916
829	531	853	90	90	322964922
827	526	849	90	90	322964928
826	521	833	90	90	322964934
824	516	797	90	90	322964941
823	512	656	90	90	322964947
822	508	511	90	90	322964953
821	505	346	90	90	322964959
820	502	177	90	90	322964966
819	499	6	90	90	322964978
2
1
450	373	0	90	90	323069123
187
447	371	42	90	90	323069348
448	370	247	90	90	323069373
449	369	388	90	90	323069385
450	368	451	90	90	323069391
451	366	475	90	90	323069398
452	365	511	90	90	323069404
453	363	527	90	90	323069410
454	361	543	90	90	323069416
455	358	555	90	90	323069423
456	356	571	90	90	323069429
458	354	588	90	90	323069435
460	351	604	90	90	323069441
462	348	616	90	90	323069448
463	345	632	90	90	323069454
465	342	644	90	90	323069460
467	338	656	90	90	323069466
469	335	664	90	90	323069473
471	331	668	90	90	323069479
473	328	680	90	90	323069485
475	324	684	90	90	323069491
477	321	688	90	90	323069498
479	317	696	90	90	323069504
481	313	700	90	90	323069510
484	310	708	90	90	323069516
486	306	712	90	90	323069523
488	303	720	90	90	323069529
490	299	728	90	90	323069535
493	296	733	90	90	323069541
495	293	733	90	90	323069548
497	289	737	90	90	323069554
499	286	737	90	90	323069560
501	283	741	90	90	323069566
502	280	741	90	90	323069573
504	277	745	90	90	323069579
505	275	741	90	90	323069585
507	272	741	90	90	323069591
508	271	741	90	90	323069598
509	269	737	90	90	323069604
510	268	737	90	90	323069610
512	267	737	90	90	323069616
513	266	737	90	90	323069629
514	266	741	90	90	323069641
515	268	741	90	90	323069648
515	269	745	90	90	323069654
515	271	745	90	90	323069660
515	273	749	90	90	323069666
515	275	749	90	90	323069673
515	278	749	90	90	323069679
515	281	749	90	90	323069685
515	285	749	90	90	323069691
515	289	749	90	90	323069698
516	293	749	90	90	323069704
516	298	745	90	90	323069710
516	303	745	90	90	323069716
517	308	741	90	90	323069723
518	314	745	90	90	323069729
519	320	745	90	90	323069735
520	326	745	90	90	323069741
521	332	745	90	90	323069748
522	339	745	90	90	323069754
523	345	745	90	90	323069760
525	352	745	90	90	323069766
526	359	745	90	90	323069773
527	366	741	90	90	323069779
529	373	741	90	90	323069785
530	380	741	90	90	323069791
532	387	741	90	90	323069798
533	393	741	90	90	323069804
534	400	741	90	90	323069810
536	407	741	90	90	323069816
537	413	741	90	90	323069823
538	420	741	90	90	323069829
539	426	745	90	90	323069835
540	432	745	90	90	323069841
541	439	745	90	90	323069848
543	445	745	90	90	323069854
543	451	749	90	90	323069860
544	457	749	90	90	323069866
545	463	749	90	90	323069873
547	468	753	90	90	323069879
547	474	753	90	90	323069885
548	479	753	90	90	323069891
549	485	757	90	90	323069898
550	490	757	90	90	323069904
551	495	757	90	90	323069910
552	500	761	90	90	323069916
553	504	761	90	90	323069923
553	509	761	90	90	323069929
554	514	765	90	90	323069935
555	518	765	90	90	323069941
556	522	769	90	90	323069948
557	525	769	90	90	323069954
557	529	769	90	90	323069960
558	533	769	90	90	323069966
559	536	773	90	90	323069973
559	539	773	90	90	323069979
560	541	773	90	90	323069985
560	544	773	90	90	323069991
561	547	777	90	90	323069998
561	549	777	90	90	323070004
561	551	777	90	90	323070010
562	552	777	90	90	323070016
562	554	777	90	90	323070023
562	555	777	90	90	323070029
562	556	777	90	90	323070041
562	557	772	90	90	323070104
563	556	769	90	90	323070116
564	556	769	90	90	323070129
565	555	769	90	90	323070141
567	555	773	90	90	323070148
568	555	773	90	90	323070154
569	555	773	90	90	323070160
570	555	773	90	90	323070166
572	555	773	90	90	323070173
573	555	773	90	90	323070179
575	555	773	90	90	323070185
577	555	773	90	90	323070191
580	555	769	90	90	323070198
583	555	769	90	90	323070204
586	555	769	90	90	323070210
590	556	769	90	90	323070216
594	556	769	90	90	323070223
598	557	765	90	90	323070229
603	557	765	90	90	323070235
608	558	765	90	90	323070241
613	558	765	90	90	323070248
618	559	765	90	90	323070254
623	559	765	90	90	323070260
629	559	765	90	90	323070266
635	560	765	90	90	323070273
640	560	765	90	90	323070279
646	560	765	90	90	323070285
652	560	765	90	90	323070291
658	560	765	90	90	323070298
664	561	765	90	90	323070304
670	561	765	90	90	323070310
676	561	765	90	90	323070316
682	561	765	90	90	323070323
689	561	765	90	90	323070329
695	561	765	90	90	323070335
700	562	765	90	90	323070341
706	562	765	90	90	323070348
712	562	765	90	90	323070354
718	563	765	90	90	323070360
723	563	765	90	90	323070366
729	564	765	90	90	323070373
734	564	765	90	90	323070379
739	565	765	90	90	323070385
745	565	765	90	90	323070391
749	566	765	90	90	323070398
754	567	769	90	90	323070404
758	567	769	90	90	323070410
762	568	769	90	90	323070416
767	568	769	90	90	323070423
770	568	769	90	90	323070429
774	569	769	90	90	323070435
777	569	769	90	90	323070441
780	569	769	90	90	323070448
783	570	769	90	90	323070454
785	570	769	90	90	323070460
787	571	769	90	90	323070466
789	571	773	90	90	323070473
791	571	773	90	90	323070479
792	571	773	90	90	323070485
793	571	773	90	90	323070498
794	571	783	90	90	323070566
793	571	800	90	90	323070629
793	570	801	90	90	323070641
793	569	801	90	90	323070648
793	568	801	90	90	323070654
792	568	801	90	90	323070660
792	566	805	90	90	323070666
792	565	805	90	90	323070673
791	563	805	90	90	323070679
791	561	809	90	90	323070685
790	559	813	90	90	323070691
789	556	813	90	90	323070698
788	552	817	90	90	323070704
787	548	817	90	90	323070710
786	544	817	90	90	323070716
784	539	813	90	90	323070723
783	535	797	90	90	323070729
782	530	737	90	90	323070735
780	525	604	90	90	323070741
779	521	455	90	90	323070748
778	517	298	90	90	323070754
777	514	70	90	90	323070766
3
1
314	426	0	90	90	323228389
68
585	567	56	90	90	323229089
584	568	143	90	90	323229120
585	568	225	90	90	323229126
586	567	245	90	90	323229133
588	567	261	90	90	323229139
590	567	281	90	90	323229145
592	566	298	90	90	323229151
595	566	310	90	90	323229158
598	566	326	90	90	323229164
601	565	338	90	90	323229170
605	565	350	90	90	323229176
610	565	366	90	90	323229183
614	565	374	90	90	323229189
619	565	386	90	90	323229195
625	565	398	90	90	323229201
631	565	406	90	90	323229208
637	566	422	90	90	323229214
644	566	430	90	90	323229220
651	566	443	90	90	323229226
658	567	451	90	90	323229233
666	567	455	90	90	323229239
674	568	459	90	90	323229245
682	568	467	90	90	323229251
690	569	471	90	90	323229258
698	570	475	90	90	323229264
707	570	479	90	90	323229270
715	571	479	90	90	323229276
724	572	487	90	90	323229283
732	572	491	90	90	323229289
741	573	491	90	90	323229295
749	573	499	90	90	323229301
757	574	499	90	90	323229308
765	574	499	90	90	323229314
773	575	499	90	90	323229320
780	575	503	90	90	323229326
787	575	503	90	90	323229333
793	576	503	90	90	323229339
799	576	503	90	90	323229345
804	576	503	90	90	323229351
808	576	503	90	90	323229358
812	576	503	90	90	323229364
816	576	503	90	90	323229370
819	577	511	90	90	323229376
822	577	511	90	90	323229383
824	577	511	90	90	323229389
827	577	511	90	90	323229395
828	577	511	90	90	323229401
829	577	515	90	90	323229408
830	577	545	90	90	323229458
829	577	567	90	90	323229470
828	577	567	90	90	323229483
827	576	567	90	90	323229489
827	575	571	90	90	323229495
826	573	571	90	90	323229501
825	572	571	90	90	323229508
825	569	575	90	90	323229514
824	566	583	90	90	323229520
823	563	588	90	90	323229526
821	559	592	90	90	323229533
820	554	592	90	90	323229539
818	550	596	90	90	323229545
816	545	592	90	90	323229551
814	540	575	90	90	323229558
811	535	539	90	90	323229564
809	529	443	90	90	323229570
806	525	322	90	90	323229576
803	521	197	90	90	323229583
801	517	36	90	90	323229595
100
577	558	185	90	90	323230114
577	557	318	90	90	323230120
577	556	346	90	90	323230126
577	554	370	90	90	323230133
577	552	394	90	90	323230139
577	549	414	90	90	323230145
577	546	430	90	90	323230151
576	542	447	90	90	323230158
576	538	459	90	90	323230164
575	533	467	90	90	323230170
573	528	475	90	90	323230176
572	522	479	90	90	323230183
570	516	491	90	90	323230189
569	510	499	90	90	323230195
567	504	511	90	90	323230201
565	498	519	90	90	323230208
564	491	527	90	90	323230214
562	485	535	90	90	323230220
560	479	547	90	90	323230226
558	472	555	90	90	323230233
556	466	563	90	90	323230239
555	459	571	90	90	323230245
553	453	575	90	90	323230251
551	446	583	90	90	323230258
549	440	592	90	90	323230264
547	433	596	90	90	323230270
545	427	600	90	90	323230276
544	420	600	90	90	323230283
542	414	604	90	90	323230289
540	408	608	90	90	323230295
538	402	612	90	90	323230301
536	395	612	90	90	323230308
534	389	616	90	90	323230314
532	383	616	90	90	323230320
530	377	620	90	90	323230326
529	371	620	90	90	323230333
527	365	620	90	90	323230339
526	359	624	90	90	323230345
524	353	624	90	90	323230351
523	347	624	90	90	323230358
522	342	624	90	90	323230364
521	336	624	90	90	323230370
519	331	628	90	90	323230376
518	326	628	90	90	323230383
517	322	632	90	90	323230389
515	317	632	90	90	323230395
514	312	632	90	90	323230401
512	308	628	90	90	323230408
511	304	628	90	90	323230414
510	300	632	90	90	323230420
508	297	632	90	90	323230426
507	294	636	90	90	323230433
506	291	636	90	90	323230439
505	288	636	90	90	323230445
504	285	640	90	90	323230451
503	283	644	90	90	323230458
502	280	644	90	90	323230464
501	278	644	90	90	323230470
500	276	644	90	90	323230476
500	274	640	90	90	323230483
499	272	640	90	90	323230489
498	270	640	90	90	323230495
498	269	640	90	90	323230501
497	267	640	90	90	323230508
496	266	640	90	90	323230514
496	265	640	90	90	323230520
495	264	646	90	90	323230533
495	263	662	90	90	323230558
494	262	678	90	90	323230583
493	263	674	90	90	323230595
492	264	672	90	90	323230601
492	265	672	90	90	323230608
491	267	668	90	90	323230614
490	269	668	90	90	323230620
489	271	668	90	90	323230626
488	274	672	90	90	323230633
486	277	672	90	90	323230639
485	281	668	90	90	323230645
483	285	668	90	90	323230651
480	290	672	90	90	323230658
478	296	668	90	90	323230664
474	301	668	90	90	323230670
471	307	664	90	90	323230676
467	313	664	90	90	323230683
463	320	668	90	90	323230689
459	326	668	90	90	323230695
455	332	664	90	90	323230701
451	338	664	90	90	323230708
447	344	664	90	90	323230714
443	349	664	90	90	323230720
440	354	660	90	90	323230726
437	359	656	90	90	323230733
434	362	648	90	90	323230739
432	365	640	90	90	323230745
430	368	628	90	90	323230751
428	369	608	90	90	323230758
426	370	575	90	90	323230764
425	371	517	90	90	323230776
424	371	291	90	90	323230795
423	372	34	90	90	323230808
2
1
505	425	0	90	90	323349997
190
431	416	68	90	90	323350303
432	415	269	90	90	323350315
433	414	513	90	90	323350328
435	413	588	90	90	323350334
436	412	583	90	90	323350340
437	411	583	90	90	323350347
439	410	575	90	90	323350353
440	409	575	90	90	323350359
441	407	571	90	90	323350365
443	405	567	90	90	323350372
444	403	567	90	90	323350378
446	401	567	90	90	323350384
447	399	571	90	90	323350390
448	397	575	90	90	323350397
449	394	588	90	90	323350403
450	391	596	90	90	323350409
452	388	604	90	90	323350415
453	384	616	90	90	323350422
455	380	628	90	90	323350428
456	377	636	90	90	323350434
458	373	644	90	90	323350440
460	368	648	90	90	323350447
462	364	652	90	90	323350453
464	360	652	90	90	323350459
467	356	652	90	90	323350465
469	353	656	90	90	323350472
471	349	656	90	90	323350478
473	345	656	90	90	323350484
475	341	660	90	90	323350490
477	338	660	90	90	323350497
478	334	660	90	90	323350503
480	331	660	90	90	323350509
482	328	660	90	90	323350515
484	325	660	90	90	323350522
485	322	660	90	90	323350528
487	320	660	90	90	323350534
488	318	664	90	90	323350540
489	316	664	90	90	323350547
490	315	664	90	90	323350553
491	314	666	90	90	323350565
493	314	666	90	90	323350578
493	315	664	90	90	323350584
494	316	660	90	90	323350590
494	318	660	90	90	323350597
494	320	660	90	90	323350603
495	322	660	90	90	323350609
495	326	656	90	90	323350615
495	329	656	90	90	323350622
496	333	652	90	90	323350628
496	337	652	90	90	323350634
496	342	652	90	90	323350640
497	347	652	90	90	323350647
497	352	648	90	90	323350653
497	358	648	90	90	323350659
498	364	648	90	90	323350665
498	370	648	90	90	323350672
499	376	648	90	90	323350678
499	383	644	90	90	323350684
500	391	644	90	90	323350690
500	398	644	90	90	323350697
501	405	644	90	90	323350703
502	413	644	90	90	323350709
503	421	644	90	90	323350715
504	429	648	90	90	323350722
506	437	648	90	90	323350728
507	445	652	90	90	323350734
509	453	656	90	90	323350740
510	461	660	90	90	323350747
512	469	660	90	90	323350753
514	476	664	90	90	323350759
515	484	664	90	90	323350765
517	491	668	90	90	323350772
518	498	672	90	90	323350778
519	505	672	90	90	323350784
520	512	676	90	90	323350790
521	518	676	90	90	323350797
522	524	680	90	90	323350803
522	531	680	90	90	323350809
523	537	684	90	90	323350815
524	542	688	90	90	323350822
524	548	688	90	90	323350828
525	553	692	90	90	323350834
526	559	696	90	90	323350840
527	564	700	90	90	323350847
528	568	704	90	90	323350853
529	573	704	90	90	323350859
530	577	708	90	90	323350865
531	580	712	90	90	323350872
532	584	712	90	90	323350878
532	587	720	90	90	323350884
533	590	720	90	90	323350890
534	592	720	90	90	323350897
534	594	724	90	90	323350903
535	596	724	90	90	323350909
535	598	724	90	90	323350915
536	600	728	90	90	323350922
536	601	726	90	90	323350934
537	602	724	90	90	323350953
538	603	720	90	90	323350965
539	602	712	90	90	323350978
541	602	712	90	90	323350984
542	601	708	90	90	323350990
543	601	708	90	90	323350997
544	600	708	90	90	323351003
546	599	708	90	90	323351009
548	599	708	90	90	323351015
549	598	708	90	90	323351022
552	597	708	90	90	323351028
554	597	708	90	90	323351034
557	596	708	90	90	323351040
561	596	704	90	90	323351047
565	595	704	90	90	323351053
569	595	704	90	90	323351059
574	595	704	90	90	323351065
579	595	704	90	90	323351072
584	595	704	90	90	323351078
590	595	704	90	90	323351084
596	595	704	90	90	323351090
602	595	704	90	90	323351097
609	595	704	90	90	323351103
616	595	704	90	90	323351109
623	595	704	90	90	323351115
631	595	704	90	90	323351122
638	595	704	90	90	323351128
646	596	704	90	90	323351134
654	596	704	90	90	323351140
661	596	704	90	90	323351147
669	596	704	90	90	323351153
677	596	700	90	90	323351159
684	596	700	90	90	323351165
692	596	700	90	90	323351172
700	596	700	90	90	323351178
708	596	700	90	90	323351184
715	596	700	90	90	323351190
723	597	700	90	90	323351197
731	597	700	90	90	323351203
738	597	700	90	90	323351209
745	598	700	90	90	323351215
752	598	700	90	90	323351222
759	599	700	90	90	323351228
766	599	700	90	90	323351234
773	600	704	90	90	323351240
779	600	704	90	90	323351247
784	600	704	90	90	323351253
790	601	704	90	90	323351259
795	601	704	90	90	323351265
800	602	704	90	90	323351272
804	602	708	90	90	323351278
807	602	708	90	90	323351284
811	602	708	90	90	323351290
814	602	708	90	90	323351297
816	602	708	90	90	323351303
818	602	708	90	90	323351309
820	602	708	90	90	323351315
822	602	708	90	90	323351322
823	602	708	90	90	323351328
824	602	708	90	90	323351340
825	602	709	90	90	323351378
825	601	712	90	90	323351397
825	600	712	90	90	323351409
825	599	708	90	90	323351422
824	598	708	90	90	323351428
824	597	708	90	90	323351434
824	596	708	90	90	323351440
824	595	708	90	90	323351447
823	593	708	90	90	323351453
823	592	708	90	90	323351459
823	590	708	90	90	323351465
822	588	712	90	90	323351472
822	586	712	90	90	323351478
821	584	720	90	90	323351484
821	582	720	90	90	323351490
820	579	724	90	90	323351497
819	577	724	90	90	323351503
818	574	728	90	90	323351509
817	571	728	90	90	323351515
817	568	728	90	90	323351522
816	565	733	90	90	323351528
815	561	733	90	90	323351534
814	558	733	90	90	323351540
813	554	733	90	90	323351547
813	551	724	90	90	323351553
812	547	708	90	90	323351559
811	543	692	90	90	323351565
810	540	656	90	90	323351572
809	536	600	90	90	323351578
809	532	487	90	90	323351584
807	529	350	90	90	323351590
806	525	209	90	90	323351597
805	522	34	90	90	323351609
2
1
528	474	0	90	90	323472003
180
438	410	8	90	90	323472265
438	409	86	90	90	323472278
438	408	205	90	90	323472290
439	406	298	90	90	323472296
440	405	362	90	90	323472303
441	404	398	90	90	323472309
442	403	439	90	90	323472315
443	402	463	90	90	323472321
444	400	487	90	90	323472328
445	399	515	90	90	323472334
447	397	527	90	90	323472340
448	395	543	90	90	323472346
450	392	555	90	90	323472353
452	389	571	90	90	323472359
454	386	588	90	90	323472365
456	383	600	90	90	323472371
458	379	612	90	90	323472378
460	376	624	90	90	323472384
463	372	632	90	90	323472390
465	367	640	90	90	323472396
467	363	644	90	90	323472403
469	359	652	90	90	323472409
471	355	660	90	90	323472415
473	351	664	90	90	323472421
475	347	668	90	90	323472428
478	344	668	90	90	323472434
480	340	672	90	90	323472440
482	336	672	90	90	323472446
485	333	676	90	90	323472453
487	330	676	90	90	323472459
489	327	676	90	90	323472465
491	325	676	90	90	323472471
493	322	676	90	90	323472478
495	320	676	90	90	323472484
497	318	680	90	90	323472490
498	317	680	90	90	323472496
499	316	684	90	90	323472503
500	315	686	90	90	323472515
501	314	694	90	90	323472528
502	315	696	90	90	323472540
503	316	696	90	90	323472546
503	318	696	90	90	323472553
503	320	696	90	90	323472559
503	322	696	90	90	323472565
503	325	696	90	90	323472571
503	328	696	90	90	323472578
503	332	696	90	90	323472584
503	336	696	90	90	323472590
503	340	700	90	90	323472596
503	345	700	90	90	323472603
504	350	700	90	90	323472609
504	356	696	90	90	323472615
505	362	696	90	90	323472621
505	368	696	90	90	323472628
506	374	696	90	90	323472634
507	381	696	90	90	323472640
508	387	696	90	90	323472646
509	394	696	90	90	323472653
511	401	696	90	90	323472659
512	408	696	90	90	323472665
514	415	696	90	90	323472671
515	422	696	90	90	323472678
516	429	696	90	90	323472684
518	436	700	90	90	323472690
519	443	700	90	90	323472696
520	451	704	90	90	323472703
521	458	704	90	90	323472709
522	465	704	90	90	323472715
523	471	708	90	90	323472721
524	478	708	90	90	323472728
525	485	712	90	90	323472734
525	491	712	90	90	323472740
526	498	720	90	90	323472746
527	504	720	90	90	323472753
528	510	724	90	90	323472759
529	516	724	90	90	323472765
530	522	728	90	90	323472771
531	527	728	90	90	323472778
532	533	728	90	90	323472784
533	538	733	90	90	323472790
533	543	733	90	90	323472796
534	547	733	90	90	323472803
535	552	737	90	90	323472809
535	556	737	90	90	323472815
536	560	737	90	90	323472821
536	564	741	90	90	323472828
537	567	741	90	90	323472834
537	570	741	90	90	323472840
537	573	741	90	90	323472846
537	576	741	90	90	323472853
538	578	745	90	90	323472859
538	580	745	90	90	323472865
538	581	745	90	90	323472871
538	583	745	90	90	323472878
538	584	745	90	90	323472884
538	585	745	90	90	323472890
538	586	745	90	90	323472903
537	587	745	90	90	323472915
537	588	743	90	90	323472953
538	588	741	90	90	323472965
539	587	739	90	90	323472978
540	586	737	90	90	323472984
541	586	737	90	90	323472990
542	585	737	90	90	323472996
544	585	737	90	90	323473003
545	585	737	90	90	323473009
547	584	737	90	90	323473015
549	584	741	90	90	323473021
552	584	741	90	90	323473028
554	584	741	90	90	323473034
558	585	741	90	90	323473040
562	585	741	90	90	323473046
566	585	741	90	90	323473053
570	585	745	90	90	323473059
575	586	745	90	90	323473065
581	586	745	90	90	323473071
586	586	745	90	90	323473078
592	586	745	90	90	323473084
599	587	749	90	90	323473090
605	587	749	90	90	323473096
612	587	749	90	90	323473103
619	587	749	90	90	323473109
626	587	749	90	90	323473115
634	587	749	90	90	323473121
642	587	753	90	90	323473128
650	587	753	90	90	323473134
658	588	753	90	90	323473140
666	588	753	90	90	323473146
674	588	753	90	90	323473153
682	588	753	90	90	323473159
690	588	753	90	90	323473165
699	589	753	90	90	323473171
707	589	753	90	90	323473178
715	589	753	90	90	323473184
723	590	753	90	90	323473190
730	590	753	90	90	323473196
738	591	753	90	90	323473203
745	592	753	90	90	323473209
752	592	753	90	90	323473215
759	593	753	90	90	323473221
766	594	753	90	90	323473228
772	594	753	90	90	323473234
778	595	753	90	90	323473240
784	596	753	90	90	323473246
789	596	757	90	90	323473253
794	597	757	90	90	323473259
798	597	757	90	90	323473265
802	598	757	90	90	323473271
805	598	757	90	90	323473278
809	598	757	90	90	323473284
812	599	761	90	90	323473290
814	599	761	90	90	323473296
816	599	761	90	90	323473303
818	599	761	90	90	323473309
820	600	761	90	90	323473315
821	600	761	90	90	323473321
822	600	761	90	90	323473328
823	600	765	90	90	323473340
824	600	769	90	90	323473471
824	599	765	90	90	323473478
824	598	765	90	90	323473484
823	597	769	90	90	323473490
823	595	769	90	90	323473496
823	593	769	90	90	323473503
822	591	769	90	90	323473509
821	589	773	90	90	323473515
820	586	773	90	90	323473521
819	583	777	90	90	323473528
818	580	777	90	90	323473534
817	577	777	90	90	323473540
816	573	777	90	90	323473546
814	570	777	90	90	323473553
813	566	769	90	90	323473559
812	562	757	90	90	323473565
810	559	733	90	90	323473571
809	555	660	90	90	323473578
807	551	531	90	90	323473584
805	548	382	90	90	323473590
804	544	241	90	90	323473596
802	541	40	90	90	323473609
2
1
511	446	0	90	90	323600067
197
450	389	48	90	90	323600498
450	388	88	90	90	323600504
451	387	136	90	90	323600510
452	386	173	90	90	323600517
453	385	229	90	90	323600523
454	383	277	90	90	323600529
455	382	318	90	90	323600535
456	380	354	90	90	323600542
457	378	390	90	90	323600548
459	375	426	90	90	323600554
460	373	455	90	90	323600560
462	371	479	90	90	323600567
463	368	503	90	90	323600573
465	365	527	90	90	323600579
466	362	543	90	90	323600585
468	359	555	90	90	323600592
469	356	571	90	90	323600598
471	353	588	90	90	323600604
473	349	600	90	90	323600610
475	346	608	90	90	323600617
476	342	616	90	90	323600623
478	339	624	90	90	323600629
480	335	628	90	90	323600635
483	332	632	90	90	323600642
485	329	632	90	90	323600648
487	326	632	90	90	323600654
490	323	636	90	90	323600660
492	321	636	90	90	323600667
494	318	640	90	90	323600673
496	316	640	90	90	323600679
497	314	640	90	90	323600685
499	312	644	90	90	323600692
500	310	644	90	90	323600698
501	308	644	90	90	323600704
502	307	644	90	90	323600710
503	305	644	90	90	323600717
504	304	644	90	90	323600723
505	303	644	90	90	323600735
506	302	650	90	90	323600760
507	304	656	90	90	323600767
507	305	660	90	90	323600773
507	307	664	90	90	323600779
507	309	668	90	90	323600785
507	311	668	90	90	323600792
507	314	668	90	90	323600798
508	316	668	90	90	323600804
508	320	668	90	90	323600810
508	323	668	90	90	323600817
509	327	668	90	90	323600823
509	331	668	90	90	323600829
510	336	668	90	90	323600835
511	341	668	90	90	323600842
512	346	668	90	90	323600848
513	351	668	90	90	323600854
514	357	668	90	90	323600860
515	362	668	90	90	323600867
517	368	672	90	90	323600873
518	374	676	90	90	323600879
519	380	680	90	90	323600885
520	385	680	90	90	323600892
522	391	684	90	90	323600898
523	397	688	90	90	323600904
524	403	692	90	90	323600910
525	409	692	90	90	323600917
526	415	692	90	90	323600923
527	421	692	90	90	323600929
528	427	696	90	90	323600935
529	433	696	90	90	323600942
529	439	700	90	90	323600948
530	446	700	90	90	323600954
531	452	704	90	90	323600960
531	458	708	90	90	323600967
532	464	712	90	90	323600973
533	470	720	90	90	323600979
533	476	724	90	90	323600985
534	482	728	90	90	323600992
534	488	728	90	90	323600998
535	494	733	90	90	323601004
535	499	737	90	90	323601010
536	505	741	90	90	323601017
537	511	741	90	90	323601023
538	517	745	90	90	323601029
539	523	745	90	90	323601035
540	528	749	90	90	323601042
541	534	749	90	90	323601048
542	539	749	90	90	323601054
543	544	753	90	90	323601060
544	549	753	90	90	323601067
544	554	753	90	90	323601073
545	558	757	90	90	323601079
546	562	757	90	90	323601085
546	566	761	90	90	323601092
547	570	761	90	90	323601098
547	573	761	90	90	323601104
548	576	761	90	90	323601110
548	579	765	90	90	323601117
548	582	765	90	90	323601123
549	584	765	90	90	323601129
549	587	765	90	90	323601135
549	589	765	90	90	323601142
549	591	769	90	90	323601148
549	593	769	90	90	323601154
549	594	769	90	90	323601160
549	596	773	90	90	323601167
549	597	773	90	90	323601173
549	598	773	90	90	323601185
549	599	769	90	90	323601248
550	598	765	90	90	323601260
551	597	761	90	90	323601273
552	596	761	90	90	323601285
554	595	761	90	90	323601292
555	594	761	90	90	323601298
557	594	761	90	90	323601304
559	593	761	90	90	323601310
561	593	761	90	90	323601317
564	593	757	90	90	323601323
567	592	757	90	90	323601329
570	592	757	90	90	323601335
574	592	757	90	90	323601342
578	592	757	90	90	323601348
583	592	757	90	90	323601354
588	592	757	90	90	323601360
593	593	757	90	90	323601367
599	593	757	90	90	323601373
605	593	757	90	90	323601379
612	593	757	90	90	323601385
619	594	757	90	90	323601392
626	594	757	90	90	323601398
633	594	757	90	90	323601404
641	595	757	90	90	323601410
649	595	757	90	90	323601417
657	596	757	90	90	323601423
665	596	757	90	90	323601429
673	597	757	90	90	323601435
681	597	757	90	90	323601442
689	598	757	90	90	323601448
698	598	761	90	90	323601454
706	599	761	90	90	323601460
714	599	761	90	90	323601467
722	600	761	90	90	323601473
729	601	761	90	90	323601479
737	601	761	90	90	323601485
744	602	761	90	90	323601492
751	602	761	90	90	323601498
758	603	761	90	90	323601504
764	603	761	90	90	323601510
770	604	761	90	90	323601517
775	604	761	90	90	323601523
780	604	765	90	90	323601529
785	605	765	90	90	323601535
789	605	765	90	90	323601542
793	605	765	90	90	323601548
797	605	765	90	90	323601554
800	605	765	90	90	323601560
802	605	765	90	90	323601567
804	605	765	90	90	323601573
806	605	765	90	90	323601579
808	605	765	90	90	323601585
809	605	765	90	90	323601592
810	605	769	90	90	323601604
811	605	771	90	90	323601648
810	606	777	90	90	323601673
809	606	771	90	90	323601767
808	605	765	90	90	323601785
808	604	765	90	90	323601798
808	603	765	90	90	323601804
807	602	765	90	90	323601810
807	601	761	90	90	323601817
807	600	761	90	90	323601823
806	598	761	90	90	323601829
806	596	761	90	90	323601835
805	594	757	90	90	323601842
804	592	757	90	90	323601848
804	590	757	90	90	323601854
803	588	757	90	90	323601860
802	585	757	90	90	323601867
801	583	753	90	90	323601873
800	581	753	90	90	323601879
799	578	753	90	90	323601885
798	576	753	90	90	323601892
797	573	753	90	90	323601898
796	570	757	90	90	323601904
795	568	753	90	90	323601910
794	565	753	90	90	323601917
793	562	753	90	90	323601923
792	559	757	90	90	323601929
792	557	757	90	90	323601935
791	554	757	90	90	323601942
790	552	757	90	90	323601948
790	550	753	90	90	323601954
789	548	749	90	90	323601960
789	545	737	90	90	323601967
788	543	700	90	90	323601973
788	542	616	90	90	323601979
788	540	479	90	90	323601985
787	539	342	90	90	323601992
787	538	80	90	90	323602010
3
1
493	467	0	90	90	323722443
77
550	581	243	90	90	323722843
551	582	380	90	90	323722855
552	581	398	90	90	323722861
553	581	418	90	90	323722868
555	581	439	90	90	323722874
557	581	455	90	90	323722880
559	581	471	90	90	323722886
562	581	487	90	90	323722893
565	581	499	90	90	323722899
568	581	515	90	90	323722905
572	581	523	90	90	323722911
576	581	531	90	90	323722918
581	581	535	90	90	323722924
586	582	543	90	90	323722930
591	582	551	90	90	323722936
597	582	555	90	90	323722943
603	582	563	90	90	323722949
609	583	567	90	90	323722955
616	583	567	90	90	323722961
623	584	571	90	90	323722968
630	584	575	90	90	323722974
638	585	575	90	90	323722980
645	585	583	90	90	323722986
653	586	588	90	90	323722993
661	586	588	90	90	323722999
669	587	592	90	90	323723005
677	587	592	90	90	323723011
685	587	596	90	90	323723018
693	588	596	90	90	323723024
701	588	596	90	90	323723030
709	589	596	90	90	323723036
716	589	596	90	90	323723043
724	590	596	90	90	323723049
731	590	600	90	90	323723055
738	591	600	90	90	323723061
745	591	600	90	90	323723068
751	591	600	90	90	323723074
758	592	600	90	90	323723080
764	592	600	90	90	323723086
770	592	600	90	90	323723093
775	593	600	90	90	323723099
780	593	600	90	90	323723105
784	593	600	90	90	323723111
789	593	600	90	90	323723118
792	593	600	90	90	323723124
796	594	604	90	90	323723130
799	594	604	90	90	323723136
801	594	604	90	90	323723143
804	594	604	90	90	323723149
805	594	604	90	90	323723155
807	594	604	90	90	323723161
808	594	610	90	90	323723174
809	594	652	90	90	323723218
808	593	694	90	90	323723230
807	592	702	90	90	323723243
807	591	708	90	90	323723249
806	590	708	90	90	323723255
805	589	712	90	90	323723261
805	588	712	90	90	323723268
804	587	720	90	90	323723274
804	585	728	90	90	323723280
803	583	733	90	90	323723286
802	581	737	90	90	323723293
801	579	745	90	90	323723299
799	577	749	90	90	323723305
798	574	753	90	90	323723311
796	571	757	90	90	323723318
794	568	761	90	90	323723324
793	565	761	90	90	323723330
791	562	757	90	90	323723336
789	558	745	90	90	323723343
787	555	712	90	90	323723349
786	552	648	90	90	323723355
784	549	519	90	90	323723361
782	547	374	90	90	323723368
780	545	229	90	90	323723374
778	543	38	90	90	323723386
106
554	569	16	90	90	323723905
554	570	102	90	90	323723918
554	571	221	90	90	323723930
554	572	402	90	90	323723961
553	573	570	90	90	323723993
553	572	636	90	90	323724005
553	571	660	90	90	323724011
552	569	676	90	90	323724018
552	568	692	90	90	323724024
552	566	704	90	90	323724030
552	564	720	90	90	323724036
551	561	733	90	90	323724043
551	559	741	90	90	323724049
550	556	749	90	90	323724055
549	553	753	90	90	323724061
549	550	761	90	90	323724068
548	547	765	90	90	323724074
547	543	769	90	90	323724080
545	540	769	90	90	323724086
544	536	773	90	90	323724093
542	532	773	90	90	323724099
540	527	773	90	90	323724105
538	523	773	90	90	323724111
536	518	777	90	90	323724118
534	514	777	90	90	323724124
532	509	777	90	90	323724130
530	504	773	90	90	323724136
528	499	773	90	90	323724143
526	494	773	90	90	323724149
524	488	769	90	90	323724155
522	483	769	90	90	323724161
519	477	769	90	90	323724168
517	471	765	90	90	323724174
514	465	765	90	90	323724180
511	459	765	90	90	323724186
508	453	765	90	90	323724193
506	446	761	90	90	323724199
503	440	761	90	90	323724205
500	433	761	90	90	323724211
497	427	761	90	90	323724218
494	420	757	90	90	323724224
491	414	761	90	90	323724230
488	408	761	90	90	323724236
485	401	761	90	90	323724243
482	395	761	90	90	323724249
480	388	765	90	90	323724255
477	382	765	90	90	323724261
474	375	765	90	90	323724268
471	368	765	90	90	323724274
468	362	769	90	90	323724280
466	356	769	90	90	323724286
463	349	769	90	90	323724293
460	343	769	90	90	323724299
458	338	769	90	90	323724305
455	332	769	90	90	323724311
452	327	773	90	90	323724318
450	321	777	90	90	323724324
448	316	777	90	90	323724330
446	312	777	90	90	323724336
444	307	777	90	90	323724343
443	303	777	90	90	323724349
441	300	781	90	90	323724355
439	296	781	90	90	323724361
438	293	781	90	90	323724368
437	290	781	90	90	323724374
435	288	785	90	90	323724380
434	285	785	90	90	323724386
433	284	785	90	90	323724393
432	282	789	90	90	323724399
431	281	789	90	90	323724405
431	280	789	90	90	323724418
430	278	789	90	90	323724436
429	278	793	90	90	323724455
428	279	793	90	90	323724468
428	281	797	90	90	323724474
427	282	797	90	90	323724480
427	283	797	90	90	323724486
427	285	797	90	90	323724493
426	286	797	90	90	323724499
426	288	793	90	90	323724505
425	289	793	90	90	323724511
425	291	793	90	90	323724518
424	292	789	90	90	323724524
423	294	789	90	90	323724530
422	296	789	90	90	323724536
420	298	789	90	90	323724543
419	301	793	90	90	323724549
417	304	793	90	90	323724555
416	307	793	90	90	323724561
414	310	793	90	90	323724568
412	313	793	90	90	323724574
409	317	793	90	90	323724580
407	321	793	90	90	323724586
405	325	793	90	90	323724593
402	329	793	90	90	323724599
400	333	793	90	90	323724605
398	336	789	90	90	323724611
396	340	789	90	90	323724618
394	343	781	90	90	323724624
393	346	769	90	90	323724630
392	349	741	90	90	323724636
390	352	664	90	90	323724643
389	354	535	90	90	323724649
388	357	390	90	90	323724655
387	360	249	90	90	323724661
385	363	48	90	90	323724674
3
1
602	489	0	90	90	323857567
121
591	526	113	90	90	323857879
591	525	320	90	90	323857892
590	524	382	90	90	323857898
590	523	414	90	90	323857904
590	522	447	90	90	323857910
589	520	467	90	90	323857917
589	518	491	90	90	323857923
588	516	519	90	90	323857929
588	514	539	90	90	323857935
587	512	555	90	90	323857942
586	510	575	90	90	323857948
585	507	596	90	90	323857954
584	505	608	90	90	323857960
584	503	624	90	90	323857967
582	500	632	90	90	323857973
581	498	644	90	90	323857979
581	495	652	90	90	323857985
580	492	660	90	90	323857992
579	489	668	90	90	323857998
578	487	672	90	90	323858004
577	484	680	90	90	323858010
576	481	688	90	90	323858017
576	477	692	90	90	323858023
575	474	696	90	90	323858029
574	471	700	90	90	323858035
573	468	704	90	90	323858042
571	464	708	90	90	323858048
570	461	712	90	90	323858054
569	458	720	90	90	323858060
568	454	720	90	90	323858067
566	450	724	90	90	323858073
565	447	724	90	90	323858079
563	443	728	90	90	323858085
562	439	733	90	90	323858092
561	435	733	90	90	323858098
559	431	737	90	90	323858104
558	427	741	90	90	323858110
556	423	741	90	90	323858117
555	419	741	90	90	323858123
554	414	745	90	90	323858129
552	410	745	90	90	323858135
551	406	749	90	90	323858142
549	402	749	90	90	323858148
548	398	749	90	90	323858154
546	394	749	90	90	323858160
544	390	749	90	90	323858167
543	386	749	90	90	323858173
541	382	753	90	90	323858179
539	378	753	90	90	323858185
537	374	757	90	90	323858192
536	370	757	90	90	323858198
534	366	757	90	90	323858204
532	363	757	90	90	323858210
531	359	757	90	90	323858217
530	356	757	90	90	323858223
528	352	757	90	90	323858229
527	349	761	90	90	323858235
526	345	761	90	90	323858242
524	342	761	90	90	323858248
523	338	761	90	90	323858254
522	335	761	90	90	323858260
520	332	765	90	90	323858267
519	329	765	90	90	323858273
518	326	761	90	90	323858279
517	323	761	90	90	323858285
515	320	765	90	90	323858292
514	318	765	90	90	323858298
513	316	765	90	90	323858304
512	313	765	90	90	323858310
511	311	765	90	90	323858317
510	309	769	90	90	323858323
509	307	769	90	90	323858329
508	305	769	90	90	323858335
508	303	769	90	90	323858342
507	301	765	90	90	323858348
506	299	765	90	90	323858354
505	298	765	90	90	323858360
505	296	765	90	90	323858367
504	296	765	90	90	323858379
504	295	771	90	90	323858404
503	294	782	90	90	323858423
502	295	791	90	90	323858435
501	296	793	90	90	323858448
499	297	797	90	90	323858454
498	298	797	90	90	323858460
497	299	797	90	90	323858467
496	300	797	90	90	323858473
495	301	801	90	90	323858479
494	303	801	90	90	323858485
492	304	801	90	90	323858492
490	305	801	90	90	323858498
488	307	805	90	90	323858504
486	308	805	90	90	323858510
484	310	805	90	90	323858517
481	311	805	90	90	323858523
479	313	805	90	90	323858529
477	315	805	90	90	323858535
474	317	801	90	90	323858542
472	319	801	90	90	323858548
470	321	801	90	90	323858554
467	323	801	90	90	323858560
464	326	801	90	90	323858567
462	328	801	90	90	323858573
459	330	805	90	90	323858579
457	332	805	90	90	323858585
454	334	809	90	90	323858592
452	336	809	90	90	323858598
449	338	809	90	90	323858604
447	340	809	90	90	323858610
444	341	809	90	90	323858617
442	343	809	90	90	323858623
440	344	805	90	90	323858629
437	345	797	90	90	323858635
435	346	785	90	90	323858642
433	347	765	90	90	323858648
431	348	724	90	90	323858654
429	349	612	90	90	323858660
428	350	467	90	90	323858667
427	351	326	90	90	323858673
425	352	173	90	90	323858679
425	354	14	90	90	323858692
89
594	528	487	90	90	323859179
595	528	690	90	90	323859192
596	528	696	90	90	323859198
597	527	696	90	90	323859204
598	527	700	90	90	323859210
600	527	704	90	90	323859217
601	527	704	90	90	323859223
603	527	704	90	90	323859229
604	527	708	90	90	323859235
607	527	708	90	90	323859242
609	527	708	90	90	323859248
612	527	712	90	90	323859254
615	527	712	90	90	323859260
618	528	712	90	90	323859267
622	528	712	90	90	323859273
626	528	712	90	90	323859279
630	528	712	90	90	323859285
634	529	712	90	90	323859292
639	529	712	90	90	323859298
643	529	712	90	90	323859304
648	529	708	90	90	323859310
654	529	708	90	90	323859317
659	529	708	90	90	323859323
665	529	708	90	90	323859329
671	529	708	90	90	323859335
676	529	708	90	90	323859342
682	529	708	90	90	323859348
688	529	708	90	90	323859354
695	529	708	90	90	323859360
701	530	708	90	90	323859367
707	530	708	90	90	323859373
713	530	708	90	90	323859379
719	530	712	90	90	323859385
725	530	712	90	90	323859392
731	530	712	90	90	323859398
737	530	712	90	90	323859404
743	530	712	90	90	323859410
749	530	712	90	90	323859417
755	530	712	90	90	323859423
761	530	708	90	90	323859429
766	530	708	90	90	323859435
772	530	708	90	90	323859442
777	530	708	90	90	323859448
782	530	708	90	90	323859454
787	531	712	90	90	323859460
792	531	712	90	90	323859467
797	531	712	90	90	323859473
802	531	712	90	90	323859479
806	531	712	90	90	323859485
810	531	712	90	90	323859492
814	531	712	90	90	323859498
817	531	712	90	90	323859504
821	531	712	90	90	323859510
824	531	720	90	90	323859517
826	531	720	90	90	323859523
829	531	720	90	90	323859529
831	531	712	90	90	323859535
833	531	712	90	90	323859542
835	531	712	90	90	323859548
836	531	712	90	90	323859554
837	531	712	90	90	323859560
838	531	712	90	90	323859573
839	530	721	90	90	323859660
838	528	728	90	90	323859673
837	527	733	90	90	323859679
837	525	733	90	90	323859685
836	524	737	90	90	323859692
835	522	737	90	90	323859698
834	520	741	90	90	323859704
833	517	745	90	90	323859710
831	515	749	90	90	323859717
830	512	757	90	90	323859723
828	509	761	90	90	323859729
826	506	769	90	90	323859735
824	502	773	90	90	323859742
822	499	777	90	90	323859748
820	495	781	90	90	323859754
817	492	781	90	90	323859760
815	489	781	90	90	323859767
813	485	785	90	90	323859773
811	482	781	90	90	323859779
809	479	777	90	90	323859785
807	476	769	90	90	323859792
805	474	745	90	90	323859798
804	472	684	90	90	323859804
802	470	551	90	90	323859810
801	469	402	90	90	323859817
800	468	257	90	90	323859823
799	467	48	90	90	323859835
2
1
521	462	0	90	90	323979913
196
490	400	8	90	90	323980219
491	399	216	90	90	323980256
492	399	379	90	90	323980275
493	398	434	90	90	323980288
494	397	463	90	90	323980294
495	396	487	90	90	323980300
495	395	511	90	90	323980306
496	394	527	90	90	323980313
497	392	543	90	90	323980319
497	390	555	90	90	323980325
498	388	571	90	90	323980331
499	386	588	90	90	323980338
500	384	600	90	90	323980344
500	381	612	90	90	323980350
501	379	624	90	90	323980356
502	376	636	90	90	323980363
503	374	644	90	90	323980369
504	372	656	90	90	323980375
505	369	664	90	90	323980381
507	366	672	90	90	323980388
508	364	680	90	90	323980394
509	361	684	90	90	323980400
511	358	688	90	90	323980406
512	355	692	90	90	323980413
514	352	696	90	90	323980419
516	349	700	90	90	323980425
517	346	704	90	90	323980431
519	343	704	90	90	323980438
520	340	708	90	90	323980444
522	337	708	90	90	323980450
523	334	712	90	90	323980456
525	331	712	90	90	323980463
526	328	708	90	90	323980469
527	324	712	90	90	323980475
528	321	712	90	90	323980481
530	318	712	90	90	323980488
531	315	712	90	90	323980494
532	312	720	90	90	323980500
534	310	720	90	90	323980506
535	307	720	90	90	323980513
536	304	720	90	90	323980519
537	302	720	90	90	323980525
539	300	720	90	90	323980531
540	297	712	90	90	323980538
541	296	712	90	90	323980544
542	294	712	90	90	323980550
543	293	712	90	90	323980556
544	292	712	90	90	323980563
545	291	722	90	90	323980575
546	290	726	90	90	323980588
547	290	730	90	90	323980600
548	291	728	90	90	323980606
548	292	728	90	90	323980613
549	294	728	90	90	323980619
549	296	728	90	90	323980625
549	298	728	90	90	323980631
549	301	733	90	90	323980638
550	304	733	90	90	323980644
550	307	733	90	90	323980650
550	311	733	90	90	323980656
550	315	733	90	90	323980663
551	320	733	90	90	323980669
552	325	733	90	90	323980675
552	330	733	90	90	323980681
553	335	728	90	90	323980688
554	341	728	90	90	323980694
555	348	728	90	90	323980700
556	354	728	90	90	323980706
558	360	728	90	90	323980713
559	367	728	90	90	323980719
561	373	728	90	90	323980725
562	380	728	90	90	323980731
564	387	728	90	90	323980738
566	394	728	90	90	323980744
568	400	733	90	90	323980750
570	407	733	90	90	323980756
571	414	733	90	90	323980763
573	421	733	90	90	323980769
575	428	733	90	90	323980775
577	436	733	90	90	323980781
579	443	737	90	90	323980788
581	450	737	90	90	323980794
583	458	737	90	90	323980800
585	465	737	90	90	323980806
587	472	737	90	90	323980813
590	479	741	90	90	323980819
592	486	741	90	90	323980825
594	493	741	90	90	323980831
596	500	745	90	90	323980838
597	506	745	90	90	323980844
599	512	749	90	90	323980850
600	518	749	90	90	323980856
602	523	753	90	90	323980863
603	529	753	90	90	323980869
604	534	753	90	90	323980875
605	539	757	90	90	323980881
606	543	757	90	90	323980888
607	547	757	90	90	323980894
608	551	757	90	90	323980900
609	555	761	90	90	323980906
610	559	761	90	90	323980913
610	562	761	90	90	323980919
611	565	765	90	90	323980925
611	568	765	90	90	323980931
611	570	765	90	90	323980938
611	572	769	90	90	323980944
611	574	769	90	90	323980950
611	575	773	90	90	323980956
611	577	773	90	90	323980963
611	578	777	90	90	323980969
611	579	777	90	90	323980981
611	580	781	90	90	323981000
611	581	778	90	90	323981031
612	580	773	90	90	323981044
613	579	773	90	90	323981056
614	578	773	90	90	323981069
615	577	773	90	90	323981075
616	577	773	90	90	323981081
618	576	773	90	90	323981088
619	576	773	90	90	323981094
621	576	773	90	90	323981100
623	576	773	90	90	323981106
625	576	773	90	90	323981113
627	576	773	90	90	323981119
630	576	773	90	90	323981125
633	576	773	90	90	323981131
637	576	773	90	90	323981138
641	576	773	90	90	323981144
645	577	773	90	90	323981150
649	577	773	90	90	323981156
653	577	773	90	90	323981163
658	578	773	90	90	323981169
663	578	773	90	90	323981175
669	579	773	90	90	323981181
674	579	773	90	90	323981188
679	579	773	90	90	323981194
685	580	773	90	90	323981200
690	580	773	90	90	323981206
696	580	773	90	90	323981213
702	580	773	90	90	323981219
707	581	773	90	90	323981225
713	581	773	90	90	323981231
719	581	773	90	90	323981238
724	581	773	90	90	323981244
730	581	773	90	90	323981250
736	581	773	90	90	323981256
742	582	773	90	90	323981263
747	582	773	90	90	323981269
753	582	773	90	90	323981275
758	583	773	90	90	323981281
764	583	773	90	90	323981288
769	584	773	90	90	323981294
774	584	773	90	90	323981300
779	584	773	90	90	323981306
783	585	773	90	90	323981313
788	585	777	90	90	323981319
792	586	777	90	90	323981325
796	586	777	90	90	323981331
800	586	777	90	90	323981338
803	586	777	90	90	323981344
806	587	777	90	90	323981350
809	587	777	90	90	323981356
811	587	777	90	90	323981363
813	587	777	90	90	323981369
815	587	777	90	90	323981375
816	587	781	90	90	323981381
817	587	781	90	90	323981388
818	587	781	90	90	323981400
819	587	791	90	90	323981525
819	586	793	90	90	323981538
819	585	795	90	90	323981550
819	584	797	90	90	323981556
818	583	801	90	90	323981563
818	582	805	90	90	323981569
818	580	809	90	90	323981575
817	579	813	90	90	323981581
817	577	817	90	90	323981588
816	575	821	90	90	323981594
815	573	825	90	90	323981600
815	570	829	90	90	323981606
814	567	833	90	90	323981613
813	564	837	90	90	323981619
813	561	841	90	90	323981625
812	558	845	90	90	323981631
812	555	845	90	90	323981638
811	552	849	90	90	323981644
810	549	849	90	90	323981650
809	546	853	90	90	323981656
808	543	853	90	90	323981663
807	540	853	90	90	323981669
806	537	853	90	90	323981675
806	535	849	90	90	323981681
805	533	841	90	90	323981688
805	531	817	90	90	323981694
805	530	765	90	90	323981700
804	529	261	90	90	323981738
3
1
566	510	0	90	90	324096390
68
548	572	36	90	90	324096621
547	573	209	90	90	324096633
546	575	568	90	90	324096690
547	576	676	90	90	324096696
548	576	684	90	90	324096702
550	576	692	90	90	324096708
552	576	700	90	90	324096715
555	576	704	90	90	324096721
559	576	708	90	90	324096727
563	576	712	90	90	324096733
567	575	720	90	90	324096740
573	575	720	90	90	324096746
578	575	720	90	90	324096752
585	575	720	90	90	324096758
591	575	720	90	90	324096765
599	575	724	90	90	324096771
607	575	724	90	90	324096777
615	575	724	90	90	324096783
624	575	724	90	90	324096790
633	575	724	90	90	324096796
642	575	724	90	90	324096802
651	575	724	90	90	324096808
661	576	724	90	90	324096815
671	576	724	90	90	324096821
680	576	724	90	90	324096827
690	576	724	90	90	324096833
699	576	724	90	90	324096840
709	576	724	90	90	324096846
717	576	724	90	90	324096852
726	576	724	90	90	324096858
734	576	724	90	90	324096865
742	575	724	90	90	324096871
750	575	724	90	90	324096877
757	575	724	90	90	324096883
764	575	724	90	90	324096890
770	574	724	90	90	324096896
776	574	724	90	90	324096902
781	574	724	90	90	324096908
786	573	724	90	90	324096915
790	573	724	90	90	324096921
794	573	724	90	90	324096927
798	572	724	90	90	324096933
800	572	724	90	90	324096940
803	571	724	90	90	324096946
805	571	724	90	90	324096952
806	571	724	90	90	324096958
807	570	724	90	90	324096971
808	570	725	90	90	324096996
808	569	730	90	90	324097008
807	568	735	90	90	324097021
806	567	737	90	90	324097027
805	566	741	90	90	324097033
804	564	741	90	90	324097040
803	563	745	90	90	324097046
801	561	745	90	90	324097052
799	559	749	90	90	324097058
797	556	749	90	90	324097065
795	553	753	90	90	324097071
793	550	753	90	90	324097077
790	546	753	90	90	324097083
788	542	749	90	90	324097090
785	538	737	90	90	324097096
782	534	704	90	90	324097102
779	531	583	90	90	324097108
777	528	443	90	90	324097115
774	525	298	90	90	324097121
771	522	149	90	90	324097127
769	520	0	90	90	324097140
86
550	561	60	90	90	324097583
550	562	136	90	90	324097590
550	563	161	90	90	324097596
550	564	193	90	90	324097602
550	565	233	90	90	324097608
550	566	299	90	90	324097621
550	567	402	90	90	324097633
549	568	493	90	90	324097646
549	569	588	90	90	324097683
548	568	640	90	90	324097690
548	567	652	90	90	324097696
548	566	664	90	90	324097702
547	564	676	90	90	324097708
547	562	692	90	90	324097715
546	559	704	90	90	324097721
545	556	720	90	90	324097727
545	552	733	90	90	324097733
544	548	741	90	90	324097740
542	544	749	90	90	324097746
541	539	761	90	90	324097752
539	534	765	90	90	324097758
537	528	773	90	90	324097765
535	522	777	90	90	324097771
533	516	781	90	90	324097777
531	510	785	90	90	324097783
529	503	789	90	90	324097790
527	497	793	90	90	324097796
525	490	793	90	90	324097802
523	483	797	90	90	324097808
520	475	797	90	90	324097815
518	468	797	90	90	324097821
515	461	793	90	90	324097827
513	453	793	90	90	324097833
510	445	793	90	90	324097840
507	438	793	90	90	324097846
505	430	793	90	90	324097852
502	423	789	90	90	324097858
500	415	793	90	90	324097865
498	408	793	90	90	324097871
495	401	793	90	90	324097877
493	394	793	90	90	324097883
490	387	793	90	90	324097890
488	380	793	90	90	324097896
486	373	797	90	90	324097902
483	367	797	90	90	324097908
481	360	797	90	90	324097915
478	354	801	90	90	324097921
476	348	801	90	90	324097927
474	342	801	90	90	324097933
472	337	801	90	90	324097940
470	332	805	90	90	324097946
468	327	805	90	90	324097952
466	323	809	90	90	324097958
464	319	809	90	90	324097965
463	316	809	90	90	324097971
461	313	813	90	90	324097977
460	310	813	90	90	324097983
458	308	813	90	90	324097990
457	307	813	90	90	324097996
456	306	813	90	90	324098002
455	305	815	90	90	324098015
454	304	817	90	90	324098027
453	305	821	90	90	324098033
452	306	821	90	90	324098040
451	307	821	90	90	324098046
451	308	821	90	90	324098052
450	310	821	90	90	324098058
449	312	821	90	90	324098065
448	314	821	90	90	324098071
447	317	821	90	90	324098077
446	320	821	90	90	324098083
444	323	817	90	90	324098090
443	327	817	90	90	324098096
441	330	817	90	90	324098102
439	334	813	90	90	324098108
437	338	813	90	90	324098115
435	343	809	90	90	324098121
432	347	801	90	90	324098127
429	352	789	90	90	324098133
427	356	769	90	90	324098140
424	360	728	90	90	324098146
422	364	648	90	90	324098152
419	368	515	90	90	324098158
416	373	366	90	90	324098165
413	376	213	90	90	324098171
411	380	30	90	90	324098183
