5
1
557	549	0	90	90	1957252
205
617	572	68	90	90	1958240
618	571	380	90	90	1958327
617	570	587	90	90	1958377
616	571	701	90	90	1958421
615	571	738	90	90	1958459
614	571	760	90	90	1958496
613	571	771	90	90	1958515
612	571	779	90	90	1958527
611	571	785	90	90	1958540
610	570	791	90	90	1958552
609	570	795	90	90	1958565
608	570	797	90	90	1958571
607	569	801	90	90	1958584
605	569	801	90	90	1958596
604	569	805	90	90	1958602
603	569	805	90	90	1958609
602	568	805	90	90	1958615
601	568	805	90	90	1958621
600	567	805	90	90	1958627
599	567	805	90	90	1958634
598	567	805	90	90	1958640
597	566	805	90	90	1958646
596	566	805	90	90	1958652
594	566	805	90	90	1958659
593	565	805	90	90	1958665
592	565	805	90	90	1958671
591	565	805	90	90	1958677
590	565	805	90	90	1958684
589	565	805	90	90	1958690
588	565	809	90	90	1958696
586	564	809	90	90	1958702
585	564	809	90	90	1958709
584	564	809	90	90	1958715
583	564	809	90	90	1958721
582	563	809	90	90	1958727
581	563	809	90	90	1958734
580	563	809	90	90	1958746
579	562	809	90	90	1958752
578	562	805	90	90	1958765
576	562	805	90	90	1958777
575	561	805	90	90	1958784
574	561	805	90	90	1958790
573	561	805	90	90	1958796
572	561	805	90	90	1958802
571	561	805	90	90	1958809
570	561	805	90	90	1958815
569	560	805	90	90	1958821
567	560	805	90	90	1958827
566	560	805	90	90	1958834
565	559	805	90	90	1958840
564	559	805	90	90	1958846
563	559	805	90	90	1958852
562	559	805	90	90	1958859
561	558	805	90	90	1958865
560	558	805	90	90	1958871
559	558	805	90	90	1958877
558	557	805	90	90	1958884
557	557	805	90	90	1958890
556	557	805	90	90	1958902
554	556	809	90	90	1958915
553	556	809	90	90	1958927
552	556	809	90	90	1958952
551	556	813	90	90	1959084
550	555	821	90	90	1959096
549	554	821	90	90	1959109
549	553	821	90	90	1959121
548	551	817	90	90	1959127
548	550	817	90	90	1959134
547	549	817	90	90	1959140
547	548	817	90	90	1959146
547	547	817	90	90	1959152
546	545	817	90	90	1959159
546	544	817	90	90	1959165
545	542	817	90	90	1959171
545	540	817	90	90	1959177
545	539	817	90	90	1959184
544	537	817	90	90	1959190
544	535	817	90	90	1959196
543	534	817	90	90	1959202
542	532	817	90	90	1959209
542	530	817	90	90	1959215
541	529	817	90	90	1959221
541	527	817	90	90	1959227
540	525	817	90	90	1959234
540	523	817	90	90	1959240
539	521	813	90	90	1959246
539	519	813	90	90	1959252
539	516	813	90	90	1959259
538	514	813	90	90	1959265
538	511	813	90	90	1959271
538	509	813	90	90	1959277
537	507	813	90	90	1959284
537	504	813	90	90	1959290
537	502	813	90	90	1959296
536	499	813	90	90	1959302
536	497	813	90	90	1959309
536	494	813	90	90	1959315
535	491	813	90	90	1959321
535	488	813	90	90	1959327
535	485	813	90	90	1959334
534	482	813	90	90	1959340
534	480	813	90	90	1959346
534	477	813	90	90	1959352
534	474	813	90	90	1959359
534	471	813	90	90	1959365
533	469	813	90	90	1959371
533	466	813	90	90	1959377
533	463	813	90	90	1959384
533	461	813	90	90	1959390
533	458	813	90	90	1959396
533	456	813	90	90	1959402
533	453	809	90	90	1959409
533	451	809	90	90	1959415
533	448	809	90	90	1959421
533	445	809	90	90	1959427
533	443	809	90	90	1959434
533	440	809	90	90	1959440
533	437	809	90	90	1959446
533	434	809	90	90	1959452
533	431	809	90	90	1959459
533	428	809	90	90	1959465
533	425	809	90	90	1959471
533	423	813	90	90	1959477
533	420	813	90	90	1959484
533	418	813	90	90	1959490
533	415	813	90	90	1959496
533	413	813	90	90	1959502
533	410	813	90	90	1959509
533	408	813	90	90	1959515
534	406	809	90	90	1959521
534	404	813	90	90	1959527
534	402	813	90	90	1959534
534	400	813	90	90	1959540
534	398	813	90	90	1959546
535	396	813	90	90	1959552
535	394	817	90	90	1959559
535	392	817	90	90	1959565
535	390	817	90	90	1959571
536	389	817	90	90	1959577
536	386	817	90	90	1959584
536	384	817	90	90	1959590
537	382	813	90	90	1959596
537	380	813	90	90	1959602
537	378	817	90	90	1959609
537	376	817	90	90	1959615
537	373	817	90	90	1959621
536	371	821	90	90	1959627
536	369	821	90	90	1959634
536	367	825	90	90	1959640
536	365	825	90	90	1959646
536	362	825	90	90	1959652
536	360	825	90	90	1959659
535	358	825	90	90	1959665
535	356	825	90	90	1959671
535	354	825	90	90	1959677
535	351	825	90	90	1959684
535	349	825	90	90	1959690
534	347	825	90	90	1959696
534	345	829	90	90	1959702
533	344	829	90	90	1959709
533	342	829	90	90	1959715
532	341	833	90	90	1959721
532	339	833	90	90	1959727
532	338	837	90	90	1959734
531	338	837	90	90	1959746
531	337	833	90	90	1959771
531	336	833	90	90	1959796
532	335	835	90	90	1959809
533	335	839	90	90	1959821
534	335	841	90	90	1959827
535	336	845	90	90	1959834
536	336	845	90	90	1959840
537	336	849	90	90	1959846
538	336	849	90	90	1959852
540	336	853	90	90	1959859
541	336	853	90	90	1959865
543	336	853	90	90	1959871
545	336	853	90	90	1959877
546	336	857	90	90	1959884
548	336	857	90	90	1959890
550	336	857	90	90	1959896
552	336	857	90	90	1959902
554	336	857	90	90	1959909
556	336	861	90	90	1959915
558	336	861	90	90	1959921
560	335	865	90	90	1959927
563	335	865	90	90	1959934
565	335	865	90	90	1959940
567	335	869	90	90	1959946
569	334	873	90	90	1959952
571	334	873	90	90	1959959
574	334	878	90	90	1959965
576	333	878	90	90	1959971
577	333	882	90	90	1959977
579	333	886	90	90	1959984
581	333	886	90	90	1959990
582	333	890	90	90	1959996
584	333	890	90	90	1960002
585	333	890	90	90	1960009
586	333	894	90	90	1960015
587	333	892	90	90	1960027
589	333	884	90	90	1960046
590	333	656	90	90	1960077
588	334	197	90	90	1960084
587	335	12	90	90	1960096
56
609	482	205	90	90	1962218
609	483	463	90	90	1962268
608	484	679	90	90	1962325
607	485	773	90	90	1962406
607	484	791	90	90	1962418
607	483	797	90	90	1962431
606	481	803	90	90	1962443
606	480	805	90	90	1962450
606	479	811	90	90	1962462
607	478	813	90	90	1962468
607	477	817	90	90	1962475
607	475	817	90	90	1962481
607	474	821	90	90	1962487
607	473	821	90	90	1962493
608	472	821	90	90	1962500
608	470	821	90	90	1962506
608	469	821	90	90	1962512
608	467	821	90	90	1962518
608	465	821	90	90	1962525
608	463	821	90	90	1962531
608	461	821	90	90	1962537
608	459	821	90	90	1962543
608	457	821	90	90	1962550
608	455	821	90	90	1962556
608	453	821	90	90	1962562
608	452	821	90	90	1962568
608	450	825	90	90	1962575
608	448	825	90	90	1962581
608	446	825	90	90	1962587
608	444	825	90	90	1962593
608	442	825	90	90	1962600
608	440	825	90	90	1962606
608	438	825	90	90	1962612
608	436	825	90	90	1962618
608	433	825	90	90	1962625
608	431	825	90	90	1962631
608	429	825	90	90	1962637
608	428	825	90	90	1962643
608	426	825	90	90	1962650
608	424	825	90	90	1962656
608	423	825	90	90	1962662
608	421	825	90	90	1962668
608	420	829	90	90	1962675
608	419	829	90	90	1962681
608	417	829	90	90	1962687
608	416	829	90	90	1962693
608	415	833	90	90	1962700
608	414	833	90	90	1962706
608	412	833	90	90	1962712
608	411	833	90	90	1962718
607	410	833	90	90	1962725
607	409	833	90	90	1962731
607	407	833	90	90	1962737
607	406	833	90	90	1962743
607	405	833	90	90	1962762
606	403	639	90	90	1962862
90
609	443	36	90	90	1963806
608	442	387	90	90	1963975
607	443	573	90	90	1964056
607	444	671	90	90	1964231
607	445	728	90	90	1964381
608	444	750	90	90	1964412
609	444	763	90	90	1964425
610	444	773	90	90	1964437
612	444	781	90	90	1964450
613	445	785	90	90	1964456
614	445	789	90	90	1964462
615	445	789	90	90	1964468
616	445	789	90	90	1964475
617	445	793	90	90	1964481
618	445	793	90	90	1964487
620	445	793	90	90	1964493
621	445	793	90	90	1964500
622	445	793	90	90	1964506
623	445	793	90	90	1964512
625	445	793	90	90	1964518
626	445	793	90	90	1964525
627	445	793	90	90	1964531
629	445	797	90	90	1964537
630	445	797	90	90	1964543
632	445	797	90	90	1964550
634	445	797	90	90	1964556
635	444	801	90	90	1964562
637	444	801	90	90	1964568
639	444	805	90	90	1964575
641	444	809	90	90	1964581
643	444	809	90	90	1964587
645	444	813	90	90	1964593
647	444	817	90	90	1964600
649	444	817	90	90	1964606
651	444	821	90	90	1964612
654	444	821	90	90	1964618
656	444	821	90	90	1964625
658	445	821	90	90	1964631
661	445	825	90	90	1964637
663	445	825	90	90	1964643
666	445	825	90	90	1964650
668	445	829	90	90	1964656
671	445	829	90	90	1964662
673	445	833	90	90	1964668
676	445	833	90	90	1964675
678	445	833	90	90	1964681
681	445	837	90	90	1964687
683	445	837	90	90	1964693
685	445	837	90	90	1964700
688	445	841	90	90	1964706
690	446	841	90	90	1964712
692	446	841	90	90	1964718
695	446	845	90	90	1964725
698	446	845	90	90	1964731
700	446	849	90	90	1964737
702	446	849	90	90	1964743
705	446	853	90	90	1964750
707	446	853	90	90	1964756
709	446	857	90	90	1964762
711	446	857	90	90	1964768
713	446	857	90	90	1964775
716	446	857	90	90	1964781
718	447	861	90	90	1964787
720	447	861	90	90	1964793
722	447	861	90	90	1964800
724	447	861	90	90	1964806
726	447	861	90	90	1964812
728	447	865	90	90	1964818
730	447	865	90	90	1964825
732	447	865	90	90	1964831
733	447	869	90	90	1964837
735	447	869	90	90	1964843
737	447	873	90	90	1964850
738	447	873	90	90	1964856
739	447	873	90	90	1964862
741	447	878	90	90	1964868
742	447	878	90	90	1964875
744	447	878	90	90	1964881
745	447	882	90	90	1964887
747	447	882	90	90	1964893
748	447	882	90	90	1964900
749	447	882	90	90	1964906
751	447	882	90	90	1964912
752	447	882	90	90	1964918
753	447	882	90	90	1964925
754	447	882	90	90	1964931
755	447	882	90	90	1964937
756	447	882	90	90	1964950
757	447	880	90	90	1964962
758	447	475	90	90	1965012
107
399	432	254	90	90	1968093
400	432	459	90	90	1968105
401	432	505	90	90	1968118
403	432	539	90	90	1968124
404	432	555	90	90	1968130
405	432	571	90	90	1968136
406	432	592	90	90	1968143
408	432	608	90	90	1968149
409	432	624	90	90	1968155
411	433	632	90	90	1968161
412	433	644	90	90	1968168
414	433	652	90	90	1968174
416	434	660	90	90	1968180
417	434	668	90	90	1968186
419	435	676	90	90	1968193
420	435	680	90	90	1968199
422	435	688	90	90	1968211
424	437	648	90	90	1968224
427	437	608	90	90	1968230
429	437	561	90	90	1968243
433	437	511	90	90	1968249
436	437	471	90	90	1968255
438	437	430	90	90	1968261
439	436	443	90	90	1968268
442	437	451	90	90	1968274
441	436	430	90	90	1968280
443	435	430	90	90	1968286
444	435	427	90	90	1968305
441	435	430	90	90	1968311
442	435	439	90	90	1968318
443	435	439	90	90	1968324
444	434	439	90	90	1968330
445	435	459	90	90	1968336
446	435	463	90	90	1968343
447	435	471	90	90	1968349
449	435	475	90	90	1968355
453	434	479	90	90	1968361
455	434	479	90	90	1968368
456	434	487	90	90	1968374
457	434	487	90	90	1968380
458	434	487	90	90	1968386
460	434	487	90	90	1968393
461	434	491	90	90	1968399
463	434	487	90	90	1968405
464	434	487	90	90	1968411
465	434	487	90	90	1968418
466	435	479	90	90	1968424
468	435	487	90	90	1968430
469	435	487	90	90	1968436
470	435	491	90	90	1968443
471	435	491	90	90	1968449
472	436	499	90	90	1968455
473	436	503	90	90	1968461
474	436	511	90	90	1968468
475	436	515	90	90	1968474
476	436	515	90	90	1968480
478	436	515	90	90	1968486
479	436	515	90	90	1968493
480	436	515	90	90	1968499
481	436	515	90	90	1968505
482	437	519	90	90	1968511
484	437	523	90	90	1968518
485	437	523	90	90	1968524
486	437	523	90	90	1968530
488	437	527	90	90	1968536
489	437	527	90	90	1968543
490	438	531	90	90	1968549
491	438	531	90	90	1968555
493	438	535	90	90	1968561
494	438	535	90	90	1968568
495	439	535	90	90	1968574
496	439	539	90	90	1968586
497	439	543	90	90	1968599
499	440	543	90	90	1968611
500	440	547	90	90	1968624
502	440	547	90	90	1968636
503	440	547	90	90	1968649
505	441	551	90	90	1968661
506	441	551	90	90	1968674
508	441	551	90	90	1968680
509	441	551	90	90	1968686
510	441	551	90	90	1968693
511	441	551	90	90	1968705
512	441	551	90	90	1968711
513	441	551	90	90	1968718
514	441	551	90	90	1968730
515	441	551	90	90	1968743
517	440	551	90	90	1968755
518	440	549	90	90	1968768
520	440	547	90	90	1968780
521	440	545	90	90	1968793
522	440	543	90	90	1968805
523	440	543	90	90	1968824
524	439	547	90	90	1968843
525	439	551	90	90	1968861
526	439	551	90	90	1968874
527	439	555	90	90	1968943
528	440	553	90	90	1968993
529	440	553	90	90	1969024
530	440	558	90	90	1969049
531	440	559	90	90	1969086
532	441	564	90	90	1969349
535	441	515	90	90	1969380
535	438	390	90	90	1969386
536	440	261	90	90	1969393
537	442	132	90	90	1969399
538	444	0	90	90	1969411
5
1
590	601	0	90	90	2338086
171
600	598	238	90	90	2338511
601	599	341	90	90	2338536
600	600	372	90	90	2338548
599	600	390	90	90	2338554
598	600	402	90	90	2338561
597	600	422	90	90	2338567
595	600	447	90	90	2338573
594	599	471	90	90	2338579
592	599	503	90	90	2338586
590	599	531	90	90	2338592
588	599	559	90	90	2338598
586	598	588	90	90	2338604
583	598	612	90	90	2338611
581	597	632	90	90	2338617
578	597	644	90	90	2338623
576	596	656	90	90	2338629
573	596	664	90	90	2338636
570	595	668	90	90	2338642
567	595	672	90	90	2338648
564	595	672	90	90	2338654
560	594	672	90	90	2338661
557	594	676	90	90	2338667
554	593	676	90	90	2338673
551	593	676	90	90	2338679
548	593	676	90	90	2338686
545	593	680	90	90	2338692
542	593	680	90	90	2338698
540	594	684	90	90	2338704
537	594	688	90	90	2338711
534	594	688	90	90	2338717
532	595	692	90	90	2338723
530	595	696	90	90	2338729
528	595	700	90	90	2338736
526	596	704	90	90	2338742
524	596	704	90	90	2338748
523	596	708	90	90	2338754
521	596	712	90	90	2338761
520	597	720	90	90	2338767
519	597	726	90	90	2338779
518	597	735	90	90	2338811
518	596	741	90	90	2338817
518	595	741	90	90	2338823
518	594	741	90	90	2338829
518	593	741	90	90	2338836
518	591	745	90	90	2338842
519	590	745	90	90	2338848
519	588	745	90	90	2338854
519	586	749	90	90	2338861
520	584	753	90	90	2338867
520	582	753	90	90	2338873
520	580	753	90	90	2338879
520	578	757	90	90	2338886
521	575	757	90	90	2338892
521	572	757	90	90	2338898
521	569	757	90	90	2338904
521	566	753	90	90	2338911
522	562	753	90	90	2338917
522	559	753	90	90	2338923
522	556	753	90	90	2338929
523	552	749	90	90	2338936
523	549	749	90	90	2338942
523	545	745	90	90	2338948
524	541	745	90	90	2338954
524	537	745	90	90	2338961
524	533	745	90	90	2338967
524	529	741	90	90	2338973
524	525	741	90	90	2338979
524	520	741	90	90	2338986
524	516	741	90	90	2338992
524	511	737	90	90	2338998
524	506	737	90	90	2339004
524	502	737	90	90	2339011
524	497	737	90	90	2339017
524	492	737	90	90	2339023
524	487	733	90	90	2339029
524	482	733	90	90	2339036
523	477	733	90	90	2339042
523	472	733	90	90	2339048
523	467	733	90	90	2339054
522	462	733	90	90	2339061
522	457	737	90	90	2339067
521	452	737	90	90	2339073
521	447	737	90	90	2339079
520	442	737	90	90	2339086
520	437	737	90	90	2339092
519	432	741	90	90	2339098
519	427	741	90	90	2339104
518	422	741	90	90	2339111
518	416	745	90	90	2339117
517	411	749	90	90	2339123
517	406	749	90	90	2339129
516	401	753	90	90	2339136
515	396	757	90	90	2339142
515	391	757	90	90	2339148
514	386	761	90	90	2339154
514	381	761	90	90	2339161
514	377	765	90	90	2339167
513	372	765	90	90	2339173
513	367	765	90	90	2339179
513	362	765	90	90	2339186
513	358	769	90	90	2339192
513	353	769	90	90	2339198
513	349	769	90	90	2339204
513	345	769	90	90	2339211
513	340	769	90	90	2339217
513	336	769	90	90	2339223
514	332	769	90	90	2339229
514	328	773	90	90	2339236
514	324	773	90	90	2339242
514	320	773	90	90	2339248
514	316	773	90	90	2339254
515	312	773	90	90	2339261
515	308	773	90	90	2339267
515	304	773	90	90	2339273
516	301	777	90	90	2339279
516	297	777	90	90	2339286
516	294	777	90	90	2339292
517	291	781	90	90	2339298
517	288	781	90	90	2339304
518	285	781	90	90	2339311
518	282	781	90	90	2339317
519	279	785	90	90	2339323
519	277	781	90	90	2339329
519	274	781	90	90	2339336
519	272	781	90	90	2339342
520	269	781	90	90	2339348
520	267	781	90	90	2339354
520	265	785	90	90	2339361
520	263	785	90	90	2339367
520	261	785	90	90	2339373
520	260	789	90	90	2339379
520	258	789	90	90	2339386
519	256	793	90	90	2339392
519	254	793	90	90	2339398
519	252	789	90	90	2339404
519	250	789	90	90	2339411
518	248	789	90	90	2339417
518	247	789	90	90	2339423
518	245	789	90	90	2339429
517	244	789	90	90	2339436
517	242	789	90	90	2339442
517	241	789	90	90	2339448
517	240	789	90	90	2339454
517	239	785	90	90	2339461
517	238	785	90	90	2339473
517	237	785	90	90	2339486
517	236	785	90	90	2339498
518	236	789	90	90	2339511
520	236	793	90	90	2339517
521	236	793	90	90	2339523
523	237	797	90	90	2339529
524	238	801	90	90	2339536
526	239	801	90	90	2339542
528	240	805	90	90	2339548
530	241	805	90	90	2339554
532	242	809	90	90	2339561
535	243	809	90	90	2339567
538	244	809	90	90	2339573
541	245	809	90	90	2339579
545	246	809	90	90	2339586
548	247	809	90	90	2339592
552	248	809	90	90	2339598
555	249	805	90	90	2339604
559	249	801	90	90	2339611
563	249	793	90	90	2339617
567	249	765	90	90	2339623
570	249	676	90	90	2339629
574	248	539	90	90	2339636
578	248	386	90	90	2339642
581	247	229	90	90	2339648
584	247	32	90	90	2339661
36
598	486	186	90	90	2340725
598	485	289	90	90	2340731
598	484	298	90	90	2340737
598	483	302	90	90	2340743
598	482	306	90	90	2340750
599	480	310	90	90	2340756
599	478	322	90	90	2340762
599	475	334	90	90	2340768
599	473	342	90	90	2340775
599	470	362	90	90	2340781
599	466	378	90	90	2340787
599	463	394	90	90	2340793
599	459	414	90	90	2340800
600	455	439	90	90	2340806
600	451	455	90	90	2340812
600	447	471	90	90	2340818
600	443	491	90	90	2340825
600	438	519	90	90	2340831
600	434	539	90	90	2340837
600	429	559	90	90	2340843
600	425	588	90	90	2340850
599	420	612	90	90	2340856
599	416	636	90	90	2340862
599	411	656	90	90	2340868
598	407	676	90	90	2340875
598	404	692	90	90	2340881
597	400	704	90	90	2340887
597	397	712	90	90	2340893
597	394	720	90	90	2340900
596	392	724	90	90	2340906
596	390	720	90	90	2340912
596	388	704	90	90	2340918
596	387	676	90	90	2340925
596	386	533	90	90	2340937
595	385	251	90	90	2340950
594	385	14	90	90	2340962
86
600	431	24	90	90	2341787
600	432	102	90	90	2341825
600	433	232	90	90	2341862
600	434	323	90	90	2341887
601	435	396	90	90	2341912
601	436	490	90	90	2341943
600	437	597	90	90	2342025
601	437	648	90	90	2342037
602	437	664	90	90	2342050
603	437	680	90	90	2342062
605	437	692	90	90	2342068
606	437	696	90	90	2342075
607	437	700	90	90	2342081
608	437	704	90	90	2342087
610	438	708	90	90	2342093
612	438	708	90	90	2342100
614	438	708	90	90	2342106
616	439	712	90	90	2342112
618	439	712	90	90	2342118
621	440	712	90	90	2342125
623	440	712	90	90	2342131
626	440	712	90	90	2342137
629	441	720	90	90	2342143
632	441	720	90	90	2342150
635	441	720	90	90	2342156
638	442	720	90	90	2342162
641	442	720	90	90	2342168
645	442	720	90	90	2342175
649	443	720	90	90	2342181
653	443	720	90	90	2342187
657	443	724	90	90	2342193
661	443	724	90	90	2342200
665	444	724	90	90	2342206
670	444	724	90	90	2342212
674	445	724	90	90	2342218
678	445	728	90	90	2342225
683	446	728	90	90	2342231
687	446	728	90	90	2342237
692	447	733	90	90	2342243
697	448	728	90	90	2342250
701	448	728	90	90	2342256
706	449	728	90	90	2342262
711	449	728	90	90	2342268
716	450	728	90	90	2342275
721	450	733	90	90	2342281
726	450	733	90	90	2342287
731	451	733	90	90	2342293
736	451	741	90	90	2342300
742	451	745	90	90	2342306
747	451	749	90	90	2342312
752	452	753	90	90	2342318
757	452	761	90	90	2342325
763	452	765	90	90	2342331
768	452	769	90	90	2342337
774	452	773	90	90	2342343
779	452	777	90	90	2342350
785	451	781	90	90	2342356
790	451	785	90	90	2342362
796	451	789	90	90	2342368
801	451	789	90	90	2342375
806	451	793	90	90	2342381
812	450	797	90	90	2342387
817	450	801	90	90	2342393
822	450	801	90	90	2342400
828	450	805	90	90	2342406
832	450	809	90	90	2342412
837	450	809	90	90	2342418
842	450	813	90	90	2342425
846	449	813	90	90	2342431
851	449	817	90	90	2342437
855	449	821	90	90	2342443
858	449	821	90	90	2342450
862	449	825	90	90	2342456
866	448	825	90	90	2342462
869	448	829	90	90	2342468
872	448	829	90	90	2342475
875	448	829	90	90	2342481
878	448	829	90	90	2342487
881	448	829	90	90	2342493
883	447	829	90	90	2342500
885	447	825	90	90	2342506
887	447	821	90	90	2342512
889	447	809	90	90	2342518
890	447	785	90	90	2342525
891	446	641	90	90	2342537
892	447	190	90	90	2342562
71
367	419	64	90	90	2344145
370	420	112	90	90	2344151
371	420	157	90	90	2344157
373	420	193	90	90	2344163
375	420	233	90	90	2344170
377	421	265	90	90	2344176
380	421	306	90	90	2344182
382	421	350	90	90	2344188
384	421	390	90	90	2344195
387	422	426	90	90	2344201
390	422	463	90	90	2344207
392	423	499	90	90	2344213
395	423	523	90	90	2344220
398	423	543	90	90	2344226
400	424	563	90	90	2344232
403	424	583	90	90	2344238
406	424	600	90	90	2344245
409	425	616	90	90	2344251
412	425	632	90	90	2344257
415	425	644	90	90	2344263
418	425	656	90	90	2344270
421	425	664	90	90	2344276
424	425	672	90	90	2344282
427	426	680	90	90	2344288
430	426	688	90	90	2344295
433	426	692	90	90	2344301
436	426	696	90	90	2344307
439	426	700	90	90	2344313
442	426	704	90	90	2344320
445	426	704	90	90	2344326
448	426	704	90	90	2344332
450	426	708	90	90	2344338
453	426	708	90	90	2344345
456	426	708	90	90	2344351
459	426	708	90	90	2344357
461	426	712	90	90	2344363
464	426	720	90	90	2344370
467	426	720	90	90	2344376
470	426	724	90	90	2344382
472	426	728	90	90	2344388
474	426	728	90	90	2344395
477	426	733	90	90	2344401
479	426	737	90	90	2344407
481	426	737	90	90	2344413
484	426	741	90	90	2344420
486	426	741	90	90	2344426
488	426	745	90	90	2344432
490	427	745	90	90	2344438
492	427	749	90	90	2344445
494	427	749	90	90	2344451
495	427	753	90	90	2344457
497	428	753	90	90	2344463
499	428	753	90	90	2344470
500	428	757	90	90	2344476
501	429	757	90	90	2344482
502	429	757	90	90	2344488
504	429	757	90	90	2344495
505	430	761	90	90	2344507
506	430	761	90	90	2344520
508	431	761	90	90	2344532
509	431	765	90	90	2344545
510	431	765	90	90	2344563
511	431	765	90	90	2344595
512	430	773	90	90	2344638
513	430	777	90	90	2344670
513	429	779	90	90	2344695
514	429	783	90	90	2344776
515	429	785	90	90	2344813
516	429	783	90	90	2344826
517	429	755	90	90	2344838
518	429	301	90	90	2344870
5
1
588	606	0	90	90	2640574
131
612	626	8	90	90	2640824
612	625	88	90	90	2640831
610	624	165	90	90	2640837
609	624	189	90	90	2640843
608	624	213	90	90	2640849
606	623	233	90	90	2640856
605	623	249	90	90	2640862
603	622	253	90	90	2640868
601	622	257	90	90	2640874
599	621	253	90	90	2640881
596	620	249	90	90	2640887
594	619	245	90	90	2640893
591	618	233	90	90	2640899
588	617	229	90	90	2640906
585	616	225	90	90	2640912
581	615	229	90	90	2640918
578	614	233	90	90	2640924
574	613	249	90	90	2640931
570	613	261	90	90	2640937
567	612	281	90	90	2640943
563	612	298	90	90	2640949
560	612	310	90	90	2640956
557	611	326	90	90	2640962
553	611	342	90	90	2640968
550	611	346	90	90	2640974
547	610	350	90	90	2640981
544	610	350	90	90	2640987
541	610	354	90	90	2640993
538	610	362	90	90	2640999
536	609	370	90	90	2641006
533	609	374	90	90	2641012
531	609	382	90	90	2641018
529	609	390	90	90	2641024
528	609	398	90	90	2641031
526	608	406	90	90	2641037
525	608	422	90	90	2641056
523	606	426	90	90	2641068
523	604	426	90	90	2641074
523	603	426	90	90	2641081
523	601	426	90	90	2641087
523	600	426	90	90	2641093
523	597	426	90	90	2641099
523	595	426	90	90	2641106
524	592	426	90	90	2641112
524	589	422	90	90	2641118
524	586	422	90	90	2641124
525	582	422	90	90	2641131
525	579	422	90	90	2641137
525	575	422	90	90	2641143
526	571	422	90	90	2641149
526	566	418	90	90	2641156
527	562	418	90	90	2641162
527	557	422	90	90	2641168
527	552	422	90	90	2641174
528	547	426	90	90	2641181
528	542	426	90	90	2641187
529	537	430	90	90	2641193
529	532	439	90	90	2641199
529	527	443	90	90	2641206
530	521	447	90	90	2641212
530	516	451	90	90	2641218
531	510	455	90	90	2641224
531	504	459	90	90	2641231
531	499	467	90	90	2641237
532	492	475	90	90	2641243
532	486	487	90	90	2641249
533	480	499	90	90	2641256
533	474	511	90	90	2641262
534	468	519	90	90	2641268
534	462	527	90	90	2641274
535	455	535	90	90	2641281
536	449	539	90	90	2641287
537	443	543	90	90	2641293
538	437	547	90	90	2641299
539	431	547	90	90	2641306
540	426	547	90	90	2641312
541	420	547	90	90	2641318
542	414	551	90	90	2641324
543	409	551	90	90	2641331
544	403	551	90	90	2641337
545	398	551	90	90	2641343
546	392	551	90	90	2641349
547	387	551	90	90	2641356
547	381	555	90	90	2641362
548	376	555	90	90	2641368
549	371	555	90	90	2641374
549	365	555	90	90	2641381
550	360	563	90	90	2641387
550	355	567	90	90	2641393
551	350	571	90	90	2641399
551	346	583	90	90	2641406
552	341	588	90	90	2641412
552	336	592	90	90	2641418
552	332	600	90	90	2641424
552	327	604	90	90	2641431
553	323	608	90	90	2641437
553	319	608	90	90	2641443
553	315	612	90	90	2641449
553	312	612	90	90	2641456
553	308	612	90	90	2641462
553	305	612	90	90	2641468
553	303	612	90	90	2641474
553	300	612	90	90	2641481
553	298	612	90	90	2641487
553	296	612	90	90	2641493
553	295	612	90	90	2641499
553	293	612	90	90	2641506
553	292	616	90	90	2641512
553	291	616	90	90	2641524
554	290	618	90	90	2641537
555	289	620	90	90	2641543
556	289	620	90	90	2641549
558	289	620	90	90	2641556
559	290	620	90	90	2641562
561	291	624	90	90	2641568
564	291	628	90	90	2641574
566	292	628	90	90	2641581
569	293	632	90	90	2641587
573	295	636	90	90	2641593
576	296	640	90	90	2641599
580	297	644	90	90	2641606
584	298	648	90	90	2641612
588	300	648	90	90	2641618
593	301	644	90	90	2641624
597	303	632	90	90	2641631
601	304	608	90	90	2641637
606	305	539	90	90	2641643
610	306	406	90	90	2641649
614	307	281	90	90	2641656
618	308	144	90	90	2641662
622	309	2	90	90	2641674
33
613	526	32	90	90	2642393
613	522	120	90	90	2642399
613	520	173	90	90	2642406
613	517	217	90	90	2642412
614	514	257	90	90	2642418
614	511	281	90	90	2642424
615	508	294	90	90	2642431
616	504	298	90	90	2642437
618	500	298	90	90	2642443
619	496	302	90	90	2642449
620	491	298	90	90	2642456
621	487	298	90	90	2642462
623	482	298	90	90	2642468
624	476	302	90	90	2642474
625	470	306	90	90	2642481
626	464	318	90	90	2642487
626	459	338	90	90	2642493
627	453	354	90	90	2642499
628	448	378	90	90	2642506
628	442	398	90	90	2642512
629	438	426	90	90	2642518
629	433	455	90	90	2642524
629	429	471	90	90	2642531
629	425	491	90	90	2642537
629	421	511	90	90	2642543
628	417	519	90	90	2642549
628	414	523	90	90	2642556
627	411	519	90	90	2642562
627	409	499	90	90	2642568
626	407	463	90	90	2642574
626	405	390	90	90	2642581
625	404	223	90	90	2642593
624	404	24	90	90	2642606
77
625	469	37	90	90	2643187
626	469	72	90	90	2643212
626	468	206	90	90	2643249
627	468	397	90	90	2643274
628	468	473	90	90	2643293
629	468	515	90	90	2643306
631	468	527	90	90	2643312
632	468	539	90	90	2643318
633	469	547	90	90	2643324
634	469	555	90	90	2643331
636	469	563	90	90	2643337
637	469	571	90	90	2643343
639	469	583	90	90	2643349
642	470	592	90	90	2643356
644	470	600	90	90	2643362
647	471	604	90	90	2643368
650	471	612	90	90	2643374
652	471	616	90	90	2643381
656	472	620	90	90	2643387
659	472	624	90	90	2643393
662	473	628	90	90	2643399
666	473	632	90	90	2643406
670	474	632	90	90	2643412
674	474	632	90	90	2643418
677	475	632	90	90	2643424
682	475	632	90	90	2643431
686	476	632	90	90	2643437
691	476	632	90	90	2643443
695	476	632	90	90	2643449
700	477	632	90	90	2643456
705	477	632	90	90	2643462
710	477	632	90	90	2643468
715	478	632	90	90	2643474
720	478	636	90	90	2643481
725	479	636	90	90	2643487
730	479	636	90	90	2643493
735	480	636	90	90	2643499
740	480	636	90	90	2643506
746	480	636	90	90	2643512
751	481	640	90	90	2643518
755	482	640	90	90	2643524
760	482	644	90	90	2643531
766	483	648	90	90	2643537
771	484	652	90	90	2643543
776	484	656	90	90	2643549
780	485	660	90	90	2643556
785	486	660	90	90	2643562
790	487	664	90	90	2643568
796	488	668	90	90	2643574
800	489	668	90	90	2643581
805	490	672	90	90	2643587
810	491	676	90	90	2643593
815	492	676	90	90	2643599
821	493	680	90	90	2643606
826	494	684	90	90	2643612
831	495	684	90	90	2643618
836	496	688	90	90	2643624
842	497	692	90	90	2643631
847	499	696	90	90	2643637
852	500	700	90	90	2643643
857	501	704	90	90	2643649
862	501	708	90	90	2643656
868	502	712	90	90	2643662
873	503	712	90	90	2643668
877	504	720	90	90	2643674
881	504	720	90	90	2643681
885	505	724	90	90	2643687
889	505	724	90	90	2643693
893	505	724	90	90	2643699
896	506	724	90	90	2643706
899	506	720	90	90	2643712
902	506	712	90	90	2643718
904	506	708	90	90	2643724
906	506	692	90	90	2643731
908	506	668	90	90	2643737
910	506	620	90	90	2643743
911	506	238	90	90	2643774
76
361	401	32	90	90	2645848
360	402	60	90	90	2645854
361	402	76	90	90	2645866
361	404	100	90	90	2645879
363	405	120	90	90	2645885
364	405	140	90	90	2645891
365	406	153	90	90	2645898
366	406	169	90	90	2645904
368	407	189	90	90	2645910
369	408	213	90	90	2645916
371	408	233	90	90	2645923
373	409	253	90	90	2645929
376	409	273	90	90	2645935
378	410	289	90	90	2645941
381	410	306	90	90	2645948
384	411	326	90	90	2645954
387	412	342	90	90	2645960
390	412	354	90	90	2645966
393	413	366	90	90	2645973
396	413	378	90	90	2645979
399	413	382	90	90	2645985
403	414	390	90	90	2645991
406	414	394	90	90	2645998
409	414	398	90	90	2646004
413	415	406	90	90	2646010
416	415	422	90	90	2646016
419	416	430	90	90	2646023
423	416	451	90	90	2646029
426	417	463	90	90	2646035
429	418	479	90	90	2646041
433	419	503	90	90	2646048
436	419	519	90	90	2646054
439	420	527	90	90	2646060
443	420	535	90	90	2646066
446	421	539	90	90	2646073
449	421	543	90	90	2646079
453	421	547	90	90	2646085
456	422	551	90	90	2646091
459	422	555	90	90	2646098
462	422	555	90	90	2646104
465	423	559	90	90	2646110
468	424	563	90	90	2646116
471	424	563	90	90	2646123
474	424	567	90	90	2646129
477	425	567	90	90	2646135
480	425	567	90	90	2646141
482	425	567	90	90	2646148
485	426	567	90	90	2646154
488	426	571	90	90	2646160
490	426	571	90	90	2646166
493	426	575	90	90	2646173
495	427	583	90	90	2646179
497	427	583	90	90	2646185
500	428	588	90	90	2646191
502	429	588	90	90	2646198
504	429	592	90	90	2646204
506	430	592	90	90	2646210
508	431	596	90	90	2646216
510	431	596	90	90	2646223
512	432	596	90	90	2646229
514	432	596	90	90	2646235
516	433	596	90	90	2646241
518	433	596	90	90	2646248
519	434	600	90	90	2646254
521	435	600	90	90	2646260
522	435	600	90	90	2646266
523	436	600	90	90	2646273
525	436	604	90	90	2646279
526	437	604	90	90	2646285
527	437	604	90	90	2646291
528	438	604	90	90	2646310
530	438	606	90	90	2646323
531	439	608	90	90	2646335
533	439	608	90	90	2646348
534	439	607	90	90	2646385
535	439	375	90	90	2646448
5
1
595	600	0	90	90	2930989
142
595	609	203	90	90	2931276
594	609	245	90	90	2931282
593	609	249	90	90	2931289
592	609	253	90	90	2931295
591	609	273	90	90	2931301
589	609	294	90	90	2931307
587	609	322	90	90	2931314
585	608	354	90	90	2931320
583	608	386	90	90	2931326
580	608	418	90	90	2931332
577	608	451	90	90	2931339
574	607	475	90	90	2931345
570	607	499	90	90	2931351
566	607	515	90	90	2931357
562	606	523	90	90	2931364
558	606	527	90	90	2931370
554	605	531	90	90	2931376
550	605	531	90	90	2931382
545	604	535	90	90	2931389
541	604	535	90	90	2931395
537	604	535	90	90	2931401
534	603	535	90	90	2931407
530	603	535	90	90	2931414
526	603	535	90	90	2931420
522	603	535	90	90	2931426
519	602	535	90	90	2931432
515	602	535	90	90	2931439
512	602	535	90	90	2931445
509	602	539	90	90	2931451
507	602	547	90	90	2931457
504	602	551	90	90	2931464
502	602	559	90	90	2931470
500	602	567	90	90	2931476
499	602	575	90	90	2931482
498	602	583	90	90	2931489
497	602	592	90	90	2931495
496	602	594	90	90	2931507
495	600	596	90	90	2931514
494	599	592	90	90	2931520
494	598	592	90	90	2931526
494	596	592	90	90	2931532
494	594	588	90	90	2931539
494	591	588	90	90	2931545
495	588	588	90	90	2931551
495	585	588	90	90	2931557
496	581	588	90	90	2931564
496	578	588	90	90	2931570
496	574	588	90	90	2931576
497	569	592	90	90	2931582
497	565	592	90	90	2931589
498	560	596	90	90	2931595
498	555	600	90	90	2931601
498	549	604	90	90	2931607
498	543	608	90	90	2931614
498	538	612	90	90	2931620
497	532	616	90	90	2931626
497	526	616	90	90	2931632
497	520	616	90	90	2931639
497	514	616	90	90	2931645
497	509	616	90	90	2931651
496	502	612	90	90	2931657
496	496	612	90	90	2931664
496	490	612	90	90	2931670
496	484	612	90	90	2931676
496	477	612	90	90	2931682
495	470	612	90	90	2931689
495	463	612	90	90	2931695
494	456	612	90	90	2931701
494	449	616	90	90	2931707
494	442	616	90	90	2931714
494	435	620	90	90	2931720
493	428	624	90	90	2931726
493	421	628	90	90	2931732
493	414	632	90	90	2931739
493	407	636	90	90	2931745
493	401	640	90	90	2931751
493	394	644	90	90	2931757
493	388	648	90	90	2931764
493	381	656	90	90	2931770
493	375	660	90	90	2931776
493	368	664	90	90	2931782
493	362	668	90	90	2931789
492	356	676	90	90	2931795
492	350	684	90	90	2931801
492	344	688	90	90	2931807
492	338	696	90	90	2931814
492	333	700	90	90	2931820
492	327	704	90	90	2931826
492	322	712	90	90	2931832
491	317	712	90	90	2931839
491	312	712	90	90	2931845
491	307	712	90	90	2931851
491	303	720	90	90	2931857
491	298	724	90	90	2931864
491	293	724	90	90	2931870
491	289	724	90	90	2931876
491	284	728	90	90	2931882
490	280	728	90	90	2931889
490	277	733	90	90	2931895
490	273	737	90	90	2931901
490	270	737	90	90	2931907
491	266	741	90	90	2931914
491	263	741	90	90	2931920
491	261	745	90	90	2931926
491	258	745	90	90	2931932
491	256	749	90	90	2931939
491	253	749	90	90	2931945
491	251	749	90	90	2931951
491	250	749	90	90	2931957
491	248	749	90	90	2931964
491	247	749	90	90	2931970
491	246	749	90	90	2931976
491	245	753	90	90	2931989
491	244	753	90	90	2932007
491	243	753	90	90	2932020
492	243	753	90	90	2932026
493	243	757	90	90	2932032
494	243	757	90	90	2932039
495	243	761	90	90	2932045
497	244	765	90	90	2932051
499	244	769	90	90	2932057
502	245	769	90	90	2932064
505	246	773	90	90	2932070
508	247	773	90	90	2932076
512	248	777	90	90	2932082
516	249	777	90	90	2932089
521	250	777	90	90	2932095
526	251	773	90	90	2932101
531	252	773	90	90	2932107
536	253	769	90	90	2932114
541	254	765	90	90	2932120
547	255	761	90	90	2932126
552	256	761	90	90	2932132
558	256	757	90	90	2932139
563	257	749	90	90	2932145
569	257	733	90	90	2932151
575	258	704	90	90	2932157
580	258	632	90	90	2932164
586	258	499	90	90	2932170
591	258	354	90	90	2932176
596	259	205	90	90	2932182
600	259	26	90	90	2932195
36
602	485	48	90	90	2932751
601	485	211	90	90	2932764
600	485	372	90	90	2932776
599	485	468	90	90	2932795
598	484	507	90	90	2932807
597	482	511	90	90	2932814
597	481	511	90	90	2932820
597	479	511	90	90	2932826
597	477	511	90	90	2932832
597	474	511	90	90	2932839
597	471	511	90	90	2932845
597	467	511	90	90	2932851
597	463	515	90	90	2932857
597	459	523	90	90	2932864
597	455	527	90	90	2932870
597	450	535	90	90	2932876
597	445	543	90	90	2932882
597	440	555	90	90	2932889
597	435	563	90	90	2932895
597	430	575	90	90	2932901
597	424	588	90	90	2932907
597	419	596	90	90	2932914
597	413	608	90	90	2932920
596	408	616	90	90	2932926
595	403	624	90	90	2932932
594	397	636	90	90	2932939
593	393	644	90	90	2932945
592	388	648	90	90	2932951
591	385	652	90	90	2932957
590	382	652	90	90	2932964
589	379	640	90	90	2932970
588	377	612	90	90	2932976
587	375	555	90	90	2932982
585	374	426	90	90	2932989
585	373	294	90	90	2932995
584	373	63	90	90	2933014
56
596	434	68	90	90	2933470
597	435	192	90	90	2933532
598	436	512	90	90	2933601
599	436	622	90	90	2933614
600	436	636	90	90	2933620
601	436	648	90	90	2933626
602	436	656	90	90	2933632
604	436	664	90	90	2933639
605	436	672	90	90	2933645
607	437	680	90	90	2933651
610	437	688	90	90	2933657
612	437	692	90	90	2933664
615	438	696	90	90	2933670
618	438	700	90	90	2933676
622	438	704	90	90	2933682
626	439	708	90	90	2933689
631	439	708	90	90	2933695
636	439	712	90	90	2933701
641	440	712	90	90	2933707
646	440	712	90	90	2933714
652	440	720	90	90	2933720
658	441	720	90	90	2933726
665	441	724	90	90	2933732
671	442	724	90	90	2933739
678	442	728	90	90	2933745
686	443	728	90	90	2933751
693	444	728	90	90	2933757
701	444	733	90	90	2933764
709	445	733	90	90	2933770
717	446	733	90	90	2933776
725	447	733	90	90	2933782
734	448	733	90	90	2933789
742	449	733	90	90	2933795
751	450	728	90	90	2933801
760	451	733	90	90	2933807
768	452	733	90	90	2933814
777	453	733	90	90	2933820
785	453	733	90	90	2933826
793	454	737	90	90	2933832
801	455	741	90	90	2933839
809	455	741	90	90	2933845
816	455	745	90	90	2933851
823	455	749	90	90	2933857
830	455	749	90	90	2933864
836	455	749	90	90	2933870
842	455	753	90	90	2933876
848	455	753	90	90	2933882
853	455	753	90	90	2933889
857	454	753	90	90	2933895
861	454	749	90	90	2933901
865	454	745	90	90	2933907
868	454	737	90	90	2933914
871	453	720	90	90	2933920
873	453	680	90	90	2933926
874	453	600	90	90	2933932
875	453	187	90	90	2933964
67
350	421	40	90	90	2936032
351	421	108	90	90	2936038
353	421	153	90	90	2936045
354	421	205	90	90	2936051
356	421	253	90	90	2936057
358	422	294	90	90	2936063
360	422	326	90	90	2936070
363	422	362	90	90	2936076
365	423	386	90	90	2936082
368	423	402	90	90	2936088
371	423	418	90	90	2936095
374	424	430	90	90	2936101
377	424	443	90	90	2936107
380	424	455	90	90	2936113
384	424	463	90	90	2936120
387	424	471	90	90	2936126
391	425	475	90	90	2936132
394	425	487	90	90	2936138
398	425	499	90	90	2936145
402	426	511	90	90	2936151
405	426	515	90	90	2936157
409	426	519	90	90	2936163
412	426	523	90	90	2936170
416	426	523	90	90	2936176
419	426	527	90	90	2936182
423	427	527	90	90	2936188
426	427	527	90	90	2936195
429	427	531	90	90	2936201
433	427	531	90	90	2936207
436	427	535	90	90	2936213
439	428	539	90	90	2936220
442	428	543	90	90	2936226
445	429	551	90	90	2936232
448	429	555	90	90	2936238
450	430	563	90	90	2936245
453	430	567	90	90	2936251
456	430	575	90	90	2936257
458	431	583	90	90	2936263
460	431	588	90	90	2936270
463	431	592	90	90	2936276
465	431	596	90	90	2936282
467	432	600	90	90	2936288
469	432	604	90	90	2936295
471	432	604	90	90	2936301
472	432	608	90	90	2936307
474	432	612	90	90	2936313
475	432	616	90	90	2936320
477	432	616	90	90	2936326
478	432	620	90	90	2936332
480	432	624	90	90	2936338
481	432	624	90	90	2936345
482	432	628	90	90	2936351
484	432	632	90	90	2936357
485	432	632	90	90	2936363
486	432	636	90	90	2936370
487	432	636	90	90	2936376
488	432	640	90	90	2936388
489	432	640	90	90	2936401
490	432	642	90	90	2936413
491	432	644	90	90	2936432
492	432	646	90	90	2936451
493	432	649	90	90	2936470
495	432	652	90	90	2936482
495	431	646	90	90	2936495
497	431	595	90	90	2936507
498	431	298	90	90	2936526
497	432	6	90	90	2936538
5
1
605	502	0	90	90	3259491
125
631	624	40	90	90	3260022
629	624	136	90	90	3260028
627	624	225	90	90	3260034
626	624	306	90	90	3260041
624	624	322	90	90	3260047
621	624	326	90	90	3260053
619	624	334	90	90	3260059
616	624	334	90	90	3260066
614	623	334	90	90	3260072
611	623	338	90	90	3260078
608	622	338	90	90	3260084
604	622	342	90	90	3260091
601	621	350	90	90	3260097
597	620	362	90	90	3260103
593	620	374	90	90	3260109
589	619	390	90	90	3260116
585	618	406	90	90	3260122
581	617	422	90	90	3260128
576	616	439	90	90	3260134
571	615	455	90	90	3260141
567	614	467	90	90	3260147
562	613	479	90	90	3260153
558	612	491	90	90	3260159
554	611	499	90	90	3260166
551	610	511	90	90	3260172
548	610	519	90	90	3260178
545	609	531	90	90	3260184
542	609	539	90	90	3260191
540	608	551	90	90	3260197
537	608	559	90	90	3260203
535	607	571	90	90	3260209
534	607	588	90	90	3260216
532	606	596	90	90	3260222
531	605	608	90	90	3260228
530	604	612	90	90	3260234
530	603	620	90	90	3260241
530	601	620	90	90	3260247
530	599	624	90	90	3260253
530	596	624	90	90	3260259
531	593	624	90	90	3260266
531	590	624	90	90	3260272
532	586	624	90	90	3260278
533	582	620	90	90	3260284
533	577	620	90	90	3260291
534	572	620	90	90	3260297
534	567	620	90	90	3260303
535	561	620	90	90	3260309
535	555	620	90	90	3260316
536	549	620	90	90	3260322
536	542	624	90	90	3260328
537	535	628	90	90	3260334
537	529	632	90	90	3260341
537	522	636	90	90	3260347
538	516	644	90	90	3260353
538	509	652	90	90	3260359
539	502	660	90	90	3260366
540	496	672	90	90	3260372
540	489	680	90	90	3260378
541	483	684	90	90	3260384
542	476	692	90	90	3260391
543	470	696	90	90	3260397
544	463	700	90	90	3260403
545	456	704	90	90	3260409
545	448	708	90	90	3260416
546	441	712	90	90	3260422
547	434	720	90	90	3260428
547	426	724	90	90	3260434
548	419	728	90	90	3260441
548	411	728	90	90	3260447
549	403	728	90	90	3260453
549	396	733	90	90	3260459
549	388	733	90	90	3260466
549	381	737	90	90	3260472
550	373	737	90	90	3260478
550	366	741	90	90	3260484
550	359	741	90	90	3260491
550	351	745	90	90	3260497
551	344	749	90	90	3260503
551	337	749	90	90	3260509
551	330	753	90	90	3260516
551	323	753	90	90	3260522
551	316	757	90	90	3260528
551	310	761	90	90	3260534
551	304	761	90	90	3260541
550	298	765	90	90	3260547
550	292	769	90	90	3260553
549	287	773	90	90	3260559
549	282	773	90	90	3260566
548	278	777	90	90	3260572
548	274	781	90	90	3260578
547	271	785	90	90	3260584
547	268	789	90	90	3260591
547	265	793	90	90	3260597
546	263	793	90	90	3260603
546	261	797	90	90	3260609
546	260	797	90	90	3260616
546	259	799	90	90	3260628
547	258	797	90	90	3260641
549	258	797	90	90	3260647
550	258	797	90	90	3260653
551	258	797	90	90	3260659
553	259	797	90	90	3260666
555	259	797	90	90	3260672
558	260	797	90	90	3260678
561	261	797	90	90	3260684
564	261	797	90	90	3260691
568	262	797	90	90	3260697
572	263	793	90	90	3260703
576	263	793	90	90	3260709
581	264	789	90	90	3260716
586	264	789	90	90	3260722
592	265	789	90	90	3260728
597	265	785	90	90	3260734
603	265	785	90	90	3260741
609	266	785	90	90	3260747
615	266	785	90	90	3260753
620	266	785	90	90	3260759
626	267	781	90	90	3260766
631	267	773	90	90	3260772
636	267	757	90	90	3260778
641	267	700	90	90	3260784
646	268	567	90	90	3260791
650	268	422	90	90	3260797
653	268	273	90	90	3260803
656	269	56	90	90	3260816
31
633	522	109	90	90	3261272
634	521	229	90	90	3261278
634	519	257	90	90	3261284
635	517	281	90	90	3261291
635	514	306	90	90	3261297
636	511	334	90	90	3261303
637	507	362	90	90	3261309
638	502	378	90	90	3261316
639	497	394	90	90	3261322
640	491	414	90	90	3261328
641	485	426	90	90	3261334
641	478	447	90	90	3261341
642	471	463	90	90	3261347
643	464	487	90	90	3261353
644	456	519	90	90	3261359
644	449	547	90	90	3261366
645	442	571	90	90	3261372
645	435	604	90	90	3261378
646	428	624	90	90	3261384
646	422	644	90	90	3261391
646	416	660	90	90	3261397
647	410	676	90	90	3261403
647	405	684	90	90	3261409
647	400	692	90	90	3261416
647	396	696	90	90	3261422
647	392	696	90	90	3261428
646	388	688	90	90	3261434
646	385	668	90	90	3261441
646	383	624	90	90	3261447
646	381	535	90	90	3261453
646	379	195	90	90	3261478
44
647	454	40	90	90	3261909
646	453	129	90	90	3261934
645	452	393	90	90	3262022
646	452	569	90	90	3262034
648	452	592	90	90	3262041
649	452	600	90	90	3262047
651	452	608	90	90	3262053
653	452	616	90	90	3262059
655	453	620	90	90	3262066
658	453	624	90	90	3262072
661	453	628	90	90	3262078
665	453	628	90	90	3262084
669	454	632	90	90	3262091
674	454	632	90	90	3262097
680	455	636	90	90	3262103
686	455	636	90	90	3262109
693	456	636	90	90	3262116
700	457	636	90	90	3262122
707	458	636	90	90	3262128
715	459	636	90	90	3262134
724	460	636	90	90	3262141
733	461	636	90	90	3262147
742	462	636	90	90	3262153
752	463	640	90	90	3262159
762	464	640	90	90	3262166
772	465	640	90	90	3262172
782	466	640	90	90	3262178
792	467	644	90	90	3262184
802	468	648	90	90	3262191
812	469	652	90	90	3262197
821	470	660	90	90	3262203
830	470	664	90	90	3262209
838	471	672	90	90	3262216
846	471	684	90	90	3262222
853	472	692	90	90	3262228
860	472	700	90	90	3262234
866	472	704	90	90	3262241
871	473	704	90	90	3262247
876	473	700	90	90	3262253
880	473	688	90	90	3262259
884	472	652	90	90	3262266
887	472	559	90	90	3262272
889	472	418	90	90	3262278
890	472	133	90	90	3262297
53
386	426	123	90	90	3263878
386	427	245	90	90	3263890
388	428	289	90	90	3263897
389	429	318	90	90	3263903
391	429	346	90	90	3263909
392	430	374	90	90	3263915
394	430	394	90	90	3263922
397	430	414	90	90	3263928
400	431	430	90	90	3263934
403	431	447	90	90	3263940
407	432	455	90	90	3263947
410	432	463	90	90	3263953
414	433	471	90	90	3263959
418	433	479	90	90	3263965
422	434	499	90	90	3263972
427	435	511	90	90	3263978
431	436	523	90	90	3263984
435	436	531	90	90	3263990
439	437	543	90	90	3263997
444	438	555	90	90	3264003
448	439	563	90	90	3264009
453	440	571	90	90	3264015
457	440	575	90	90	3264022
462	441	583	90	90	3264028
466	441	588	90	90	3264034
470	441	592	90	90	3264040
475	441	596	90	90	3264047
479	441	600	90	90	3264053
483	441	604	90	90	3264059
487	441	608	90	90	3264065
491	441	616	90	90	3264072
495	442	624	90	90	3264078
499	442	632	90	90	3264084
503	442	640	90	90	3264090
506	443	644	90	90	3264097
510	443	652	90	90	3264103
513	444	656	90	90	3264109
516	444	664	90	90	3264115
519	444	668	90	90	3264122
522	445	672	90	90	3264128
524	445	672	90	90	3264134
527	445	676	90	90	3264140
529	445	680	90	90	3264147
531	445	680	90	90	3264153
532	445	680	90	90	3264159
534	445	684	90	90	3264165
536	445	684	90	90	3264172
537	445	684	90	90	3264178
538	445	684	90	90	3264184
539	445	684	90	90	3264190
540	445	684	90	90	3264203
541	445	668	90	90	3264215
542	445	273	90	90	3264253
