4
1
587	441	0	90	90	2004068
334
550	524	429	90	90	2004587
549	525	598	90	90	2004599
548	525	608	90	90	2004612
547	525	620	90	90	2004618
546	525	628	90	90	2004624
545	525	640	90	90	2004631
543	525	648	90	90	2004637
542	524	660	90	90	2004643
541	524	668	90	90	2004649
539	524	672	90	90	2004656
537	523	676	90	90	2004662
536	523	676	90	90	2004668
534	522	680	90	90	2004674
532	522	680	90	90	2004681
530	521	680	90	90	2004687
529	521	680	90	90	2004693
527	520	680	90	90	2004699
525	519	684	90	90	2004706
522	519	684	90	90	2004712
520	518	684	90	90	2004718
518	517	688	90	90	2004724
516	516	688	90	90	2004731
513	516	688	90	90	2004737
511	515	692	90	90	2004743
508	514	692	90	90	2004749
506	513	692	90	90	2004756
504	513	692	90	90	2004762
501	512	692	90	90	2004768
499	511	692	90	90	2004774
496	510	688	90	90	2004781
494	509	688	90	90	2004787
491	508	688	90	90	2004793
489	507	688	90	90	2004799
486	505	688	90	90	2004806
484	504	688	90	90	2004812
481	503	688	90	90	2004818
479	502	688	90	90	2004824
477	500	684	90	90	2004831
475	499	684	90	90	2004837
473	497	684	90	90	2004843
471	495	684	90	90	2004849
470	493	684	90	90	2004856
468	491	684	90	90	2004862
467	489	684	90	90	2004868
465	486	684	90	90	2004874
464	484	684	90	90	2004881
463	482	684	90	90	2004887
462	479	684	90	90	2004893
461	477	684	90	90	2004899
460	474	684	90	90	2004906
460	472	688	90	90	2004912
460	470	688	90	90	2004918
460	467	688	90	90	2004924
460	464	684	90	90	2004931
461	462	684	90	90	2004937
461	459	684	90	90	2004943
462	457	684	90	90	2004949
463	455	684	90	90	2004956
465	452	680	90	90	2004962
466	450	680	90	90	2004968
467	448	680	90	90	2004974
469	446	680	90	90	2004981
471	443	680	90	90	2004987
473	441	680	90	90	2004993
475	439	680	90	90	2004999
477	436	676	90	90	2005006
480	434	676	90	90	2005012
482	432	676	90	90	2005018
485	429	680	90	90	2005024
488	427	680	90	90	2005031
492	425	680	90	90	2005037
495	423	680	90	90	2005043
499	421	684	90	90	2005049
503	419	684	90	90	2005056
506	417	684	90	90	2005062
510	415	684	90	90	2005068
514	414	688	90	90	2005074
518	412	688	90	90	2005081
523	411	688	90	90	2005087
527	409	688	90	90	2005093
532	408	688	90	90	2005099
537	407	688	90	90	2005106
541	405	692	90	90	2005112
546	405	692	90	90	2005118
552	404	692	90	90	2005124
557	403	696	90	90	2005131
562	403	696	90	90	2005137
567	402	700	90	90	2005143
573	402	700	90	90	2005149
578	401	704	90	90	2005156
584	401	704	90	90	2005162
590	401	708	90	90	2005168
596	401	708	90	90	2005174
602	401	712	90	90	2005181
607	401	712	90	90	2005187
613	401	720	90	90	2005193
619	401	724	90	90	2005199
625	401	724	90	90	2005206
631	401	728	90	90	2005212
637	402	733	90	90	2005218
643	402	733	90	90	2005224
649	402	737	90	90	2005231
655	402	737	90	90	2005237
661	403	741	90	90	2005243
667	403	741	90	90	2005249
672	403	745	90	90	2005256
678	404	745	90	90	2005262
683	404	745	90	90	2005268
689	404	745	90	90	2005274
695	405	749	90	90	2005281
700	405	749	90	90	2005287
705	406	749	90	90	2005293
711	406	749	90	90	2005299
716	407	749	90	90	2005306
721	408	753	90	90	2005312
726	408	753	90	90	2005318
731	409	753	90	90	2005324
736	410	757	90	90	2005331
741	410	757	90	90	2005337
746	411	757	90	90	2005343
750	412	761	90	90	2005349
755	413	761	90	90	2005356
759	413	761	90	90	2005362
764	414	765	90	90	2005368
769	415	765	90	90	2005374
773	416	765	90	90	2005381
778	417	769	90	90	2005387
782	418	769	90	90	2005393
787	419	773	90	90	2005399
791	420	773	90	90	2005406
796	420	777	90	90	2005412
800	421	777	90	90	2005418
804	422	777	90	90	2005424
808	423	777	90	90	2005431
813	423	781	90	90	2005437
817	424	781	90	90	2005443
821	425	781	90	90	2005449
825	426	781	90	90	2005456
829	427	781	90	90	2005462
833	428	781	90	90	2005468
837	428	781	90	90	2005474
841	429	785	90	90	2005481
844	430	785	90	90	2005487
848	431	785	90	90	2005493
852	432	785	90	90	2005499
856	433	789	90	90	2005506
859	435	789	90	90	2005512
863	436	789	90	90	2005518
866	437	793	90	90	2005524
870	438	793	90	90	2005531
873	439	793	90	90	2005537
877	441	793	90	90	2005543
880	442	797	90	90	2005549
883	443	797	90	90	2005556
886	445	797	90	90	2005562
889	446	797	90	90	2005568
892	447	793	90	90	2005574
895	449	793	90	90	2005581
897	450	793	90	90	2005587
900	451	793	90	90	2005593
902	453	793	90	90	2005599
905	454	789	90	90	2005606
907	456	789	90	90	2005612
909	457	789	90	90	2005618
910	459	789	90	90	2005624
912	461	789	90	90	2005631
913	463	789	90	90	2005637
914	465	789	90	90	2005643
915	467	789	90	90	2005649
916	469	789	90	90	2005656
917	471	789	90	90	2005662
917	472	789	90	90	2005668
917	474	789	90	90	2005674
917	476	789	90	90	2005681
917	478	785	90	90	2005687
916	480	785	90	90	2005693
916	482	785	90	90	2005699
915	484	785	90	90	2005706
914	486	785	90	90	2005712
913	488	785	90	90	2005718
912	490	789	90	90	2005724
911	492	789	90	90	2005731
909	494	789	90	90	2005737
908	496	793	90	90	2005743
906	498	793	90	90	2005749
904	499	793	90	90	2005756
902	501	793	90	90	2005762
900	502	793	90	90	2005768
898	504	793	90	90	2005774
896	505	789	90	90	2005781
893	507	789	90	90	2005787
891	508	785	90	90	2005793
889	509	785	90	90	2005799
886	511	785	90	90	2005806
884	512	785	90	90	2005812
881	513	785	90	90	2005818
878	514	785	90	90	2005824
875	515	785	90	90	2005831
872	516	785	90	90	2005837
869	517	785	90	90	2005843
866	518	785	90	90	2005849
863	519	785	90	90	2005856
860	520	785	90	90	2005862
857	520	785	90	90	2005868
853	521	785	90	90	2005874
850	522	785	90	90	2005881
847	522	785	90	90	2005887
844	523	789	90	90	2005893
840	523	789	90	90	2005899
837	524	789	90	90	2005906
833	524	789	90	90	2005912
830	525	789	90	90	2005918
826	525	789	90	90	2005924
822	526	789	90	90	2005931
818	526	789	90	90	2005937
815	526	789	90	90	2005943
811	527	789	90	90	2005949
807	527	789	90	90	2005956
803	527	789	90	90	2005962
799	527	793	90	90	2005968
795	527	793	90	90	2005974
790	527	793	90	90	2005981
786	527	793	90	90	2005987
782	527	797	90	90	2005993
778	528	797	90	90	2005999
774	528	797	90	90	2006006
770	528	797	90	90	2006012
766	528	797	90	90	2006018
762	528	797	90	90	2006024
758	528	797	90	90	2006031
754	528	797	90	90	2006037
750	528	801	90	90	2006043
746	528	801	90	90	2006049
742	528	801	90	90	2006056
738	528	801	90	90	2006062
734	529	797	90	90	2006068
731	529	797	90	90	2006074
727	529	797	90	90	2006081
724	529	797	90	90	2006087
720	529	797	90	90	2006093
717	529	797	90	90	2006099
713	529	797	90	90	2006106
709	529	797	90	90	2006112
706	529	797	90	90	2006118
702	529	797	90	90	2006124
699	529	797	90	90	2006131
696	530	797	90	90	2006137
692	530	797	90	90	2006143
689	530	797	90	90	2006149
686	530	801	90	90	2006156
683	530	801	90	90	2006162
680	530	801	90	90	2006168
677	530	801	90	90	2006174
674	530	801	90	90	2006181
671	531	801	90	90	2006187
668	531	801	90	90	2006193
665	531	801	90	90	2006199
662	531	801	90	90	2006206
659	531	801	90	90	2006212
657	531	801	90	90	2006218
654	531	801	90	90	2006224
651	531	801	90	90	2006231
649	531	801	90	90	2006237
646	531	801	90	90	2006243
643	531	801	90	90	2006249
641	531	801	90	90	2006256
638	530	805	90	90	2006262
635	530	805	90	90	2006268
633	530	805	90	90	2006274
630	530	805	90	90	2006281
628	530	805	90	90	2006287
626	529	805	90	90	2006293
623	529	805	90	90	2006299
621	529	809	90	90	2006306
618	529	809	90	90	2006312
616	529	809	90	90	2006318
614	528	809	90	90	2006324
611	528	809	90	90	2006331
609	528	809	90	90	2006337
607	528	809	90	90	2006343
605	527	809	90	90	2006349
603	527	809	90	90	2006356
601	527	809	90	90	2006362
600	527	809	90	90	2006368
598	526	813	90	90	2006374
596	526	813	90	90	2006381
594	526	813	90	90	2006387
592	526	809	90	90	2006393
591	526	813	90	90	2006399
589	526	813	90	90	2006406
587	526	813	90	90	2006412
586	526	813	90	90	2006418
584	526	813	90	90	2006424
583	525	813	90	90	2006431
582	525	813	90	90	2006437
581	525	813	90	90	2006443
580	525	813	90	90	2006449
579	525	813	90	90	2006456
578	525	813	90	90	2006462
577	525	813	90	90	2006468
576	525	813	90	90	2006474
575	525	813	90	90	2006487
574	525	813	90	90	2006493
573	525	813	90	90	2006499
572	525	813	90	90	2006506
571	525	813	90	90	2006512
570	525	813	90	90	2006518
569	525	813	90	90	2006531
568	525	813	90	90	2006537
567	525	813	90	90	2006543
566	524	813	90	90	2006549
565	524	813	90	90	2006556
564	524	813	90	90	2006562
563	524	813	90	90	2006568
562	524	813	90	90	2006574
561	523	813	90	90	2006581
560	523	813	90	90	2006587
559	523	813	90	90	2006599
558	523	813	90	90	2006612
556	523	813	90	90	2006624
555	523	815	90	90	2006637
554	523	817	90	90	2006649
552	523	817	90	90	2006662
551	523	817	90	90	2006674
550	523	821	90	90	2006687
549	523	821	90	90	2006699
548	523	821	90	90	2006712
547	522	821	90	90	2006724
546	522	819	90	90	2006737
544	521	805	90	90	2006749
544	520	651	90	90	2006762
542	520	426	90	90	2006768
541	520	265	90	90	2006774
540	520	48	90	90	2006787
128
553	483	24	90	90	2008263
554	484	195	90	90	2008282
554	485	380	90	90	2008300
553	486	457	90	90	2008325
553	487	488	90	90	2008350
552	487	535	90	90	2008369
551	487	569	90	90	2008382
550	487	592	90	90	2008394
548	486	606	90	90	2008407
547	485	618	90	90	2008419
545	484	628	90	90	2008438
543	483	636	90	90	2008444
542	482	640	90	90	2008450
541	482	644	90	90	2008457
540	481	644	90	90	2008463
539	481	648	90	90	2008469
538	480	648	90	90	2008475
537	480	648	90	90	2008482
536	479	652	90	90	2008488
536	478	656	90	90	2008494
535	478	660	90	90	2008500
534	477	662	90	90	2008513
532	475	670	90	90	2008525
531	474	672	90	90	2008532
531	473	672	90	90	2008538
530	472	672	90	90	2008544
530	471	672	90	90	2008550
530	470	672	90	90	2008557
530	469	672	90	90	2008563
529	468	676	90	90	2008569
529	467	676	90	90	2008575
529	466	676	90	90	2008582
529	465	680	90	90	2008588
529	463	680	90	90	2008594
529	462	684	90	90	2008600
529	461	684	90	90	2008607
530	459	684	90	90	2008613
530	458	684	90	90	2008619
530	457	688	90	90	2008625
531	456	688	90	90	2008632
531	455	688	90	90	2008638
531	454	692	90	90	2008644
532	453	696	90	90	2008650
532	452	704	90	90	2008657
533	451	708	90	90	2008663
533	450	720	90	90	2008669
534	449	724	90	90	2008675
535	448	728	90	90	2008682
536	447	733	90	90	2008688
537	447	737	90	90	2008694
538	446	737	90	90	2008700
539	445	741	90	90	2008707
540	444	741	90	90	2008713
541	443	741	90	90	2008719
542	442	745	90	90	2008725
544	442	745	90	90	2008732
545	441	749	90	90	2008738
546	441	749	90	90	2008744
547	440	753	90	90	2008750
549	440	753	90	90	2008757
550	439	757	90	90	2008763
552	439	757	90	90	2008769
553	438	757	90	90	2008775
555	438	761	90	90	2008782
557	438	761	90	90	2008788
558	438	761	90	90	2008794
560	438	761	90	90	2008800
562	438	765	90	90	2008807
564	438	765	90	90	2008813
566	439	765	90	90	2008819
568	439	769	90	90	2008825
569	440	769	90	90	2008832
571	440	769	90	90	2008838
573	441	773	90	90	2008844
575	442	773	90	90	2008850
576	443	777	90	90	2008857
578	444	777	90	90	2008863
579	445	777	90	90	2008869
581	446	777	90	90	2008875
582	447	777	90	90	2008882
583	448	777	90	90	2008888
585	449	777	90	90	2008894
586	450	777	90	90	2008900
587	451	777	90	90	2008907
588	452	777	90	90	2008913
588	453	773	90	90	2008919
589	454	773	90	90	2008925
589	456	773	90	90	2008932
590	457	773	90	90	2008938
590	458	773	90	90	2008944
590	460	773	90	90	2008950
590	461	777	90	90	2008957
590	462	777	90	90	2008963
590	464	777	90	90	2008969
589	465	781	90	90	2008975
589	466	781	90	90	2008982
588	467	781	90	90	2008988
587	468	781	90	90	2008994
586	469	781	90	90	2009000
585	470	785	90	90	2009007
584	471	785	90	90	2009013
583	472	785	90	90	2009019
582	473	785	90	90	2009025
581	474	785	90	90	2009032
580	474	785	90	90	2009038
579	475	785	90	90	2009044
577	476	785	90	90	2009050
576	477	785	90	90	2009057
574	478	785	90	90	2009063
573	479	785	90	90	2009069
571	480	785	90	90	2009075
569	480	789	90	90	2009082
567	481	789	90	90	2009088
565	482	789	90	90	2009094
563	482	789	90	90	2009100
561	482	793	90	90	2009107
560	483	793	90	90	2009113
558	483	793	90	90	2009119
556	483	793	90	90	2009125
555	484	793	90	90	2009132
554	484	793	90	90	2009138
553	484	789	90	90	2009144
552	485	789	90	90	2009150
550	485	789	90	90	2009157
549	485	779	90	90	2009175
547	484	660	90	90	2009188
546	484	374	90	90	2009200
544	484	72	90	90	2009213
125
806	484	16	90	90	2010450
807	484	120	90	90	2010456
808	485	267	90	90	2010468
808	487	376	90	90	2010481
808	488	420	90	90	2010493
808	489	449	90	90	2010518
807	490	483	90	90	2010537
806	490	537	90	90	2010550
805	490	575	90	90	2010562
804	489	610	90	90	2010575
803	488	626	90	90	2010587
802	487	632	90	90	2010593
801	486	636	90	90	2010600
800	485	644	90	90	2010606
799	484	648	90	90	2010612
799	483	652	90	90	2010618
798	482	656	90	90	2010625
798	481	660	90	90	2010631
797	480	664	90	90	2010637
796	479	668	90	90	2010643
796	478	672	90	90	2010650
795	477	676	90	90	2010656
795	476	680	90	90	2010662
794	475	684	90	90	2010668
794	474	688	90	90	2010675
793	473	692	90	90	2010681
793	472	700	90	90	2010687
793	471	704	90	90	2010693
793	470	708	90	90	2010700
793	469	720	90	90	2010706
793	468	724	90	90	2010712
793	466	728	90	90	2010718
793	465	737	90	90	2010725
793	464	737	90	90	2010731
794	462	741	90	90	2010737
794	461	741	90	90	2010743
795	459	741	90	90	2010750
795	458	745	90	90	2010756
796	457	745	90	90	2010762
796	456	749	90	90	2010768
797	455	753	90	90	2010775
798	454	757	90	90	2010781
799	453	761	90	90	2010787
801	452	769	90	90	2010793
802	452	773	90	90	2010800
803	451	781	90	90	2010806
805	451	785	90	90	2010812
806	450	789	90	90	2010818
808	450	793	90	90	2010825
809	450	797	90	90	2010831
810	450	801	90	90	2010837
812	450	801	90	90	2010843
813	450	805	90	90	2010850
815	450	809	90	90	2010856
817	450	809	90	90	2010862
818	450	813	90	90	2010868
820	451	817	90	90	2010875
822	451	817	90	90	2010881
823	451	821	90	90	2010887
825	452	821	90	90	2010893
827	452	825	90	90	2010900
829	453	825	90	90	2010906
831	454	829	90	90	2010912
832	454	829	90	90	2010918
834	455	829	90	90	2010925
835	456	833	90	90	2010931
837	457	833	90	90	2010937
838	458	833	90	90	2010943
839	459	837	90	90	2010950
840	460	837	90	90	2010956
841	461	837	90	90	2010962
842	463	841	90	90	2010968
842	464	841	90	90	2010975
843	465	841	90	90	2010981
843	466	845	90	90	2010987
844	467	845	90	90	2010993
844	469	845	90	90	2011000
844	470	845	90	90	2011006
844	471	849	90	90	2011012
844	472	849	90	90	2011018
844	473	849	90	90	2011025
844	474	849	90	90	2011031
843	475	849	90	90	2011037
843	476	845	90	90	2011050
842	477	845	90	90	2011056
842	478	845	90	90	2011062
841	479	841	90	90	2011068
841	480	841	90	90	2011075
840	481	841	90	90	2011081
839	482	841	90	90	2011087
839	483	841	90	90	2011093
838	484	841	90	90	2011100
837	485	841	90	90	2011112
836	486	841	90	90	2011118
835	487	841	90	90	2011125
834	488	841	90	90	2011131
833	489	841	90	90	2011137
832	489	841	90	90	2011143
831	490	841	90	90	2011150
830	490	841	90	90	2011156
829	491	841	90	90	2011162
828	491	841	90	90	2011168
827	492	841	90	90	2011175
826	492	841	90	90	2011181
825	492	841	90	90	2011187
824	493	845	90	90	2011193
823	493	845	90	90	2011200
822	493	845	90	90	2011206
821	493	845	90	90	2011212
820	494	845	90	90	2011218
819	494	845	90	90	2011225
818	494	841	90	90	2011237
817	494	841	90	90	2011250
815	494	841	90	90	2011256
814	494	839	90	90	2011268
813	494	837	90	90	2011281
811	494	837	90	90	2011287
810	494	837	90	90	2011293
809	494	837	90	90	2011312
807	493	837	90	90	2011318
806	492	829	90	90	2011331
805	491	766	90	90	2011343
804	491	507	90	90	2011356
802	491	265	90	90	2011362
801	492	46	90	90	2011375
4
1
586	478	0	90	90	2359567
229
624	519	60	90	90	2359985
622	519	161	90	90	2359992
621	520	261	90	90	2359998
620	520	318	90	90	2360004
619	521	362	90	90	2360010
618	521	390	90	90	2360017
617	522	414	90	90	2360023
615	523	422	90	90	2360029
613	523	426	90	90	2360035
612	524	430	90	90	2360042
610	525	439	90	90	2360048
607	525	439	90	90	2360054
605	526	439	90	90	2360060
602	526	439	90	90	2360067
598	526	443	90	90	2360073
595	526	451	90	90	2360079
591	526	467	90	90	2360085
587	526	487	90	90	2360092
583	526	515	90	90	2360098
579	526	535	90	90	2360104
574	527	555	90	90	2360110
569	527	575	90	90	2360117
565	527	596	90	90	2360123
560	527	608	90	90	2360129
555	527	616	90	90	2360135
549	526	620	90	90	2360142
544	526	624	90	90	2360148
539	526	624	90	90	2360154
533	525	624	90	90	2360160
528	525	624	90	90	2360167
522	524	624	90	90	2360173
516	523	628	90	90	2360179
510	523	628	90	90	2360185
504	522	632	90	90	2360192
499	522	636	90	90	2360198
493	521	640	90	90	2360204
487	520	644	90	90	2360210
482	520	648	90	90	2360217
476	519	648	90	90	2360223
471	518	652	90	90	2360229
465	517	656	90	90	2360235
460	516	656	90	90	2360242
455	514	656	90	90	2360248
450	513	656	90	90	2360254
445	511	656	90	90	2360260
440	510	652	90	90	2360267
435	508	656	90	90	2360273
431	506	656	90	90	2360279
427	504	656	90	90	2360285
423	502	660	90	90	2360292
419	500	660	90	90	2360298
415	497	664	90	90	2360304
412	494	664	90	90	2360310
409	492	668	90	90	2360317
406	488	668	90	90	2360323
404	485	668	90	90	2360329
402	482	668	90	90	2360335
400	478	668	90	90	2360342
398	475	672	90	90	2360348
397	471	672	90	90	2360354
397	467	672	90	90	2360360
396	463	672	90	90	2360367
396	460	676	90	90	2360373
397	456	676	90	90	2360379
397	452	676	90	90	2360385
398	448	672	90	90	2360392
400	445	672	90	90	2360398
401	441	672	90	90	2360404
403	438	672	90	90	2360410
406	435	672	90	90	2360417
408	431	676	90	90	2360423
411	428	676	90	90	2360429
414	425	676	90	90	2360435
417	421	676	90	90	2360442
420	417	676	90	90	2360448
424	414	676	90	90	2360454
428	410	676	90	90	2360460
432	406	676	90	90	2360467
436	402	672	90	90	2360473
440	399	672	90	90	2360479
445	395	672	90	90	2360485
449	391	672	90	90	2360492
454	388	672	90	90	2360498
459	385	672	90	90	2360504
465	381	672	90	90	2360510
470	378	676	90	90	2360517
477	375	676	90	90	2360523
483	372	680	90	90	2360529
489	369	680	90	90	2360535
496	367	684	90	90	2360542
503	364	684	90	90	2360548
510	362	688	90	90	2360554
517	360	688	90	90	2360560
525	358	688	90	90	2360567
532	357	688	90	90	2360573
540	355	688	90	90	2360579
548	354	688	90	90	2360585
555	353	688	90	90	2360592
563	352	692	90	90	2360598
572	352	692	90	90	2360604
580	351	692	90	90	2360610
588	350	692	90	90	2360617
597	350	696	90	90	2360623
605	350	696	90	90	2360629
614	350	696	90	90	2360635
623	350	696	90	90	2360642
632	350	700	90	90	2360648
641	350	704	90	90	2360654
650	351	704	90	90	2360660
659	352	708	90	90	2360667
668	353	712	90	90	2360673
677	354	720	90	90	2360679
685	355	720	90	90	2360685
694	356	724	90	90	2360692
702	357	728	90	90	2360698
711	358	728	90	90	2360704
719	359	733	90	90	2360710
727	361	733	90	90	2360717
735	362	737	90	90	2360723
743	364	737	90	90	2360729
751	365	737	90	90	2360735
759	367	737	90	90	2360742
767	369	741	90	90	2360748
774	370	741	90	90	2360754
782	372	745	90	90	2360760
789	374	749	90	90	2360767
796	376	757	90	90	2360773
803	378	761	90	90	2360779
810	379	769	90	90	2360785
816	381	777	90	90	2360792
823	383	781	90	90	2360798
829	385	785	90	90	2360804
836	387	789	90	90	2360810
842	389	793	90	90	2360817
848	391	793	90	90	2360823
854	393	793	90	90	2360829
859	394	789	90	90	2360835
865	396	789	90	90	2360842
871	398	789	90	90	2360848
876	400	789	90	90	2360854
881	402	789	90	90	2360860
886	404	789	90	90	2360867
890	406	789	90	90	2360873
895	408	789	90	90	2360879
900	410	789	90	90	2360885
904	412	793	90	90	2360892
908	415	797	90	90	2360898
911	417	797	90	90	2360904
915	419	797	90	90	2360910
918	421	793	90	90	2360917
921	423	793	90	90	2360923
924	425	789	90	90	2360929
926	427	789	90	90	2360935
928	430	781	90	90	2360942
930	432	777	90	90	2360948
931	434	777	90	90	2360954
933	436	773	90	90	2360960
934	439	773	90	90	2360967
934	441	773	90	90	2360973
934	443	773	90	90	2360979
934	445	769	90	90	2360985
933	447	769	90	90	2360992
933	449	769	90	90	2360998
932	451	773	90	90	2361004
930	453	773	90	90	2361010
929	455	773	90	90	2361017
927	457	773	90	90	2361023
925	459	777	90	90	2361029
923	461	773	90	90	2361035
921	463	773	90	90	2361042
919	465	773	90	90	2361048
917	467	773	90	90	2361054
914	470	773	90	90	2361060
912	472	773	90	90	2361067
909	474	769	90	90	2361073
906	476	769	90	90	2361079
902	478	769	90	90	2361085
899	480	769	90	90	2361092
895	483	769	90	90	2361098
891	485	769	90	90	2361104
888	487	769	90	90	2361110
884	489	769	90	90	2361117
880	492	769	90	90	2361123
875	494	769	90	90	2361129
871	496	769	90	90	2361135
866	498	769	90	90	2361142
862	499	769	90	90	2361148
857	501	765	90	90	2361154
852	503	765	90	90	2361160
847	504	761	90	90	2361167
842	505	761	90	90	2361173
837	507	761	90	90	2361179
831	508	761	90	90	2361185
826	509	761	90	90	2361192
820	510	761	90	90	2361198
814	511	765	90	90	2361204
808	512	765	90	90	2361210
802	514	769	90	90	2361217
797	515	769	90	90	2361223
791	515	769	90	90	2361229
785	516	773	90	90	2361235
778	517	773	90	90	2361242
772	518	777	90	90	2361248
766	519	777	90	90	2361254
760	519	777	90	90	2361260
754	520	781	90	90	2361267
748	521	781	90	90	2361273
741	521	781	90	90	2361279
735	522	781	90	90	2361285
729	522	785	90	90	2361292
722	523	785	90	90	2361298
716	523	789	90	90	2361304
710	523	789	90	90	2361310
703	524	793	90	90	2361317
697	524	793	90	90	2361323
691	524	793	90	90	2361329
684	524	797	90	90	2361335
678	524	797	90	90	2361342
672	524	797	90	90	2361348
665	525	797	90	90	2361354
659	525	797	90	90	2361360
653	525	789	90	90	2361367
647	524	781	90	90	2361373
641	524	761	90	90	2361379
635	524	676	90	90	2361385
629	524	543	90	90	2361392
623	523	390	90	90	2361398
618	523	233	90	90	2361404
611	523	34	90	90	2361417
95
509	476	80	90	90	2363014
510	477	189	90	90	2363020
510	478	320	90	90	2363033
509	479	386	90	90	2363045
508	480	414	90	90	2363058
507	481	430	90	90	2363064
506	482	447	90	90	2363070
505	482	455	90	90	2363077
504	482	471	90	90	2363083
503	482	491	90	90	2363089
502	482	511	90	90	2363095
500	481	527	90	90	2363102
499	481	543	90	90	2363108
497	481	555	90	90	2363114
496	480	563	90	90	2363120
494	479	571	90	90	2363127
492	479	575	90	90	2363133
491	477	575	90	90	2363139
489	476	583	90	90	2363145
487	475	583	90	90	2363152
485	473	588	90	90	2363158
483	472	592	90	90	2363164
482	470	596	90	90	2363170
481	468	600	90	90	2363177
480	466	604	90	90	2363183
479	464	612	90	90	2363189
478	462	616	90	90	2363195
478	459	624	90	90	2363202
477	457	628	90	90	2363208
477	455	632	90	90	2363214
477	452	632	90	90	2363220
477	450	636	90	90	2363227
478	448	636	90	90	2363233
478	445	636	90	90	2363239
479	443	636	90	90	2363245
480	440	636	90	90	2363252
481	438	636	90	90	2363258
483	435	636	90	90	2363264
485	433	636	90	90	2363270
486	430	640	90	90	2363277
489	428	640	90	90	2363283
491	426	644	90	90	2363289
493	424	648	90	90	2363295
496	423	652	90	90	2363302
499	422	656	90	90	2363308
502	421	664	90	90	2363314
506	421	668	90	90	2363320
509	420	672	90	90	2363327
513	420	676	90	90	2363333
517	420	680	90	90	2363339
520	421	680	90	90	2363345
524	422	684	90	90	2363352
528	423	684	90	90	2363358
532	424	684	90	90	2363364
536	425	684	90	90	2363370
539	427	684	90	90	2363377
542	428	684	90	90	2363383
546	431	688	90	90	2363389
549	433	688	90	90	2363395
552	435	692	90	90	2363402
554	438	696	90	90	2363408
556	441	700	90	90	2363414
558	443	708	90	90	2363420
559	446	720	90	90	2363427
561	449	724	90	90	2363433
561	452	733	90	90	2363439
562	454	741	90	90	2363445
562	457	749	90	90	2363452
562	460	757	90	90	2363458
562	462	761	90	90	2363464
561	465	765	90	90	2363470
560	467	769	90	90	2363477
559	469	769	90	90	2363483
558	471	769	90	90	2363489
557	473	773	90	90	2363495
555	475	773	90	90	2363502
554	477	773	90	90	2363508
552	478	773	90	90	2363514
549	480	773	90	90	2363520
547	481	773	90	90	2363527
544	483	773	90	90	2363533
542	484	777	90	90	2363539
539	485	777	90	90	2363545
536	486	781	90	90	2363552
533	488	781	90	90	2363558
531	489	785	90	90	2363564
528	490	785	90	90	2363570
525	490	781	90	90	2363577
523	491	769	90	90	2363583
520	491	753	90	90	2363589
517	490	700	90	90	2363595
514	490	567	90	90	2363602
511	489	422	90	90	2363608
509	488	273	90	90	2363614
506	487	60	90	90	2363627
94
779	464	78	90	90	2364846
779	465	190	90	90	2364865
779	466	270	90	90	2364884
778	467	348	90	90	2364902
777	468	430	90	90	2364915
776	469	495	90	90	2364927
774	469	535	90	90	2364934
774	470	555	90	90	2364940
773	470	567	90	90	2364946
772	470	583	90	90	2364952
770	469	592	90	90	2364959
769	469	596	90	90	2364965
768	468	600	90	90	2364971
767	468	604	90	90	2364977
766	466	608	90	90	2364984
765	465	612	90	90	2364990
764	464	616	90	90	2364996
762	462	620	90	90	2365002
761	460	628	90	90	2365009
761	459	632	90	90	2365015
760	457	640	90	90	2365021
759	455	644	90	90	2365027
758	453	652	90	90	2365034
758	451	656	90	90	2365040
757	449	660	90	90	2365046
757	446	664	90	90	2365052
757	444	668	90	90	2365059
756	441	672	90	90	2365065
756	438	680	90	90	2365071
757	436	684	90	90	2365077
757	433	688	90	90	2365084
757	430	696	90	90	2365090
758	428	700	90	90	2365096
759	426	708	90	90	2365102
760	424	720	90	90	2365109
761	422	728	90	90	2365115
763	420	737	90	90	2365121
765	418	741	90	90	2365127
766	417	749	90	90	2365134
769	415	749	90	90	2365140
771	414	753	90	90	2365146
774	413	757	90	90	2365152
777	412	761	90	90	2365159
779	411	765	90	90	2365165
783	410	765	90	90	2365171
786	410	773	90	90	2365177
789	410	777	90	90	2365184
792	410	781	90	90	2365190
796	410	785	90	90	2365196
799	411	789	90	90	2365202
802	412	797	90	90	2365209
805	413	801	90	90	2365215
808	415	805	90	90	2365221
811	416	813	90	90	2365227
814	418	817	90	90	2365234
817	419	817	90	90	2365240
819	421	821	90	90	2365246
821	423	821	90	90	2365252
824	425	825	90	90	2365259
826	427	825	90	90	2365265
828	430	825	90	90	2365271
830	432	825	90	90	2365277
831	435	825	90	90	2365284
832	437	829	90	90	2365290
833	440	829	90	90	2365296
834	442	829	90	90	2365302
834	444	829	90	90	2365309
834	446	829	90	90	2365315
833	448	833	90	90	2365321
832	450	833	90	90	2365327
831	452	833	90	90	2365334
830	454	833	90	90	2365340
828	456	829	90	90	2365346
826	458	833	90	90	2365352
824	460	833	90	90	2365359
822	462	833	90	90	2365365
820	463	833	90	90	2365371
817	465	833	90	90	2365377
814	466	833	90	90	2365384
811	467	833	90	90	2365390
808	468	833	90	90	2365396
804	468	833	90	90	2365402
801	469	833	90	90	2365409
797	469	833	90	90	2365415
793	470	829	90	90	2365421
789	470	829	90	90	2365427
785	470	825	90	90	2365434
782	471	817	90	90	2365440
778	471	801	90	90	2365446
775	471	757	90	90	2365452
771	471	616	90	90	2365459
768	470	459	90	90	2365465
764	470	298	90	90	2365471
760	470	68	90	90	2365484
4
1
670	521	0	90	90	2668914
232
630	493	213	90	90	2669189
629	493	459	90	90	2669195
628	494	527	90	90	2669208
626	495	565	90	90	2669220
625	496	583	90	90	2669227
624	497	592	90	90	2669233
623	497	596	90	90	2669239
621	498	596	90	90	2669245
619	498	600	90	90	2669252
617	498	600	90	90	2669258
615	499	600	90	90	2669264
613	499	604	90	90	2669270
610	499	608	90	90	2669277
607	499	612	90	90	2669283
603	499	620	90	90	2669289
600	499	624	90	90	2669295
596	499	632	90	90	2669302
592	499	640	90	90	2669308
587	498	648	90	90	2669314
582	498	656	90	90	2669320
577	498	660	90	90	2669327
572	497	664	90	90	2669333
567	497	668	90	90	2669339
561	496	668	90	90	2669345
555	495	672	90	90	2669352
549	495	672	90	90	2669358
543	494	676	90	90	2669364
537	493	676	90	90	2669370
530	492	676	90	90	2669377
524	491	676	90	90	2669383
517	489	676	90	90	2669389
510	488	680	90	90	2669395
504	487	680	90	90	2669402
497	485	680	90	90	2669408
490	484	680	90	90	2669414
483	482	684	90	90	2669420
477	481	684	90	90	2669427
470	479	688	90	90	2669433
464	477	688	90	90	2669439
458	475	692	90	90	2669445
452	473	692	90	90	2669452
446	470	692	90	90	2669458
440	468	692	90	90	2669464
435	465	692	90	90	2669470
430	462	688	90	90	2669477
425	458	688	90	90	2669483
421	455	688	90	90	2669489
417	452	688	90	90	2669495
413	448	688	90	90	2669502
410	445	688	90	90	2669508
407	441	684	90	90	2669514
405	437	684	90	90	2669520
402	433	684	90	90	2669527
401	430	684	90	90	2669533
399	426	684	90	90	2669539
398	421	684	90	90	2669545
398	417	684	90	90	2669552
398	413	684	90	90	2669558
398	409	684	90	90	2669564
398	404	688	90	90	2669570
399	400	684	90	90	2669577
400	395	684	90	90	2669583
401	391	684	90	90	2669589
402	387	684	90	90	2669595
404	383	684	90	90	2669602
406	379	688	90	90	2669608
408	375	688	90	90	2669614
410	371	688	90	90	2669620
413	367	684	90	90	2669627
416	364	684	90	90	2669633
419	361	684	90	90	2669639
423	358	684	90	90	2669645
427	355	680	90	90	2669652
431	352	680	90	90	2669658
435	350	680	90	90	2669664
441	348	680	90	90	2669670
446	346	680	90	90	2669677
452	344	680	90	90	2669683
458	343	680	90	90	2669689
465	342	680	90	90	2669695
472	341	684	90	90	2669702
479	340	684	90	90	2669708
487	340	684	90	90	2669714
495	339	684	90	90	2669720
503	339	680	90	90	2669727
512	339	680	90	90	2669733
520	339	680	90	90	2669739
529	339	680	90	90	2669745
538	339	684	90	90	2669752
546	339	684	90	90	2669758
556	339	684	90	90	2669764
565	339	684	90	90	2669770
575	339	684	90	90	2669777
585	339	684	90	90	2669783
595	339	684	90	90	2669789
605	339	684	90	90	2669795
615	339	688	90	90	2669802
625	340	688	90	90	2669808
636	340	688	90	90	2669814
646	340	688	90	90	2669820
656	340	688	90	90	2669827
666	340	688	90	90	2669833
676	341	692	90	90	2669839
686	341	692	90	90	2669845
696	341	692	90	90	2669852
706	342	692	90	90	2669858
716	342	692	90	90	2669864
726	342	696	90	90	2669870
735	343	696	90	90	2669877
745	343	700	90	90	2669883
754	343	700	90	90	2669889
763	344	704	90	90	2669895
772	344	712	90	90	2669902
781	345	720	90	90	2669908
790	346	728	90	90	2669914
798	346	733	90	90	2669920
807	347	737	90	90	2669927
815	347	745	90	90	2669933
823	348	753	90	90	2669939
831	349	757	90	90	2669945
838	350	761	90	90	2669952
846	351	765	90	90	2669958
853	352	769	90	90	2669964
861	354	773	90	90	2669970
867	355	777	90	90	2669977
874	357	781	90	90	2669983
881	359	785	90	90	2669989
887	361	789	90	90	2669995
893	362	789	90	90	2670002
899	364	789	90	90	2670008
904	366	793	90	90	2670014
909	368	797	90	90	2670020
914	370	797	90	90	2670027
919	372	797	90	90	2670033
923	374	797	90	90	2670039
927	376	793	90	90	2670045
931	379	797	90	90	2670052
935	382	801	90	90	2670058
938	384	805	90	90	2670064
941	387	805	90	90	2670070
943	390	805	90	90	2670077
945	393	809	90	90	2670083
947	396	809	90	90	2670089
948	399	813	90	90	2670095
949	402	813	90	90	2670102
949	405	813	90	90	2670108
949	408	813	90	90	2670114
948	411	817	90	90	2670120
948	414	817	90	90	2670127
946	418	817	90	90	2670133
945	421	813	90	90	2670139
943	424	813	90	90	2670145
941	427	817	90	90	2670152
939	431	817	90	90	2670158
936	434	817	90	90	2670164
933	437	817	90	90	2670170
930	441	817	90	90	2670177
926	444	817	90	90	2670183
923	447	817	90	90	2670189
919	450	821	90	90	2670195
915	453	817	90	90	2670202
911	456	817	90	90	2670208
906	460	817	90	90	2670214
902	463	813	90	90	2670220
897	466	813	90	90	2670227
892	469	813	90	90	2670233
887	472	813	90	90	2670239
882	475	813	90	90	2670245
877	478	809	90	90	2670252
872	481	809	90	90	2670258
866	483	809	90	90	2670264
860	486	809	90	90	2670270
855	489	809	90	90	2670277
849	491	809	90	90	2670283
844	494	809	90	90	2670289
838	496	809	90	90	2670295
832	498	809	90	90	2670302
826	499	805	90	90	2670308
820	501	805	90	90	2670314
815	502	805	90	90	2670320
809	504	801	90	90	2670327
803	505	801	90	90	2670333
797	506	801	90	90	2670339
791	507	797	90	90	2670345
785	508	797	90	90	2670352
779	508	797	90	90	2670358
774	509	797	90	90	2670364
768	510	797	90	90	2670370
762	510	797	90	90	2670377
756	510	797	90	90	2670383
751	510	797	90	90	2670389
745	510	797	90	90	2670395
740	510	797	90	90	2670402
734	510	797	90	90	2670408
729	510	797	90	90	2670414
724	510	801	90	90	2670420
719	510	801	90	90	2670427
714	510	801	90	90	2670433
709	509	801	90	90	2670439
704	509	801	90	90	2670445
700	509	801	90	90	2670452
695	508	801	90	90	2670458
691	508	801	90	90	2670464
687	508	801	90	90	2670470
683	507	805	90	90	2670477
679	507	805	90	90	2670483
675	507	805	90	90	2670489
671	507	805	90	90	2670495
667	506	805	90	90	2670502
663	506	805	90	90	2670508
659	506	805	90	90	2670514
656	506	805	90	90	2670520
652	506	805	90	90	2670527
648	505	805	90	90	2670533
644	505	805	90	90	2670539
641	505	805	90	90	2670545
637	504	805	90	90	2670552
634	504	805	90	90	2670558
630	504	805	90	90	2670564
627	503	805	90	90	2670570
624	503	805	90	90	2670577
621	503	805	90	90	2670583
618	502	805	90	90	2670589
615	502	805	90	90	2670595
612	501	801	90	90	2670602
609	500	793	90	90	2670608
607	500	773	90	90	2670614
605	499	668	90	90	2670620
603	498	531	90	90	2670627
601	498	374	90	90	2670633
599	498	213	90	90	2670639
597	498	24	90	90	2670652
76
494	440	88	90	90	2672469
494	441	205	90	90	2672475
493	442	344	90	90	2672488
492	443	430	90	90	2672494
491	444	467	90	90	2672500
490	444	499	90	90	2672507
489	444	515	90	90	2672513
487	444	523	90	90	2672519
486	443	527	90	90	2672525
484	443	527	90	90	2672532
483	442	527	90	90	2672538
481	441	527	90	90	2672544
479	440	527	90	90	2672550
478	438	535	90	90	2672557
476	437	543	90	90	2672563
474	435	551	90	90	2672569
473	433	559	90	90	2672575
471	431	571	90	90	2672582
470	429	588	90	90	2672588
468	426	600	90	90	2672594
467	424	608	90	90	2672600
466	421	616	90	90	2672607
465	418	620	90	90	2672613
464	415	624	90	90	2672619
463	411	624	90	90	2672625
463	408	628	90	90	2672632
463	404	628	90	90	2672638
463	401	628	90	90	2672644
464	397	632	90	90	2672650
465	394	632	90	90	2672657
466	390	636	90	90	2672663
468	388	644	90	90	2672669
470	385	648	90	90	2672675
472	383	656	90	90	2672682
475	381	660	90	90	2672688
478	379	664	90	90	2672694
482	377	672	90	90	2672700
486	376	676	90	90	2672707
490	376	680	90	90	2672713
494	375	680	90	90	2672719
498	375	684	90	90	2672725
503	376	684	90	90	2672732
507	376	688	90	90	2672738
511	377	688	90	90	2672744
515	378	692	90	90	2672750
519	380	692	90	90	2672757
522	382	696	90	90	2672763
526	384	700	90	90	2672769
529	386	700	90	90	2672775
532	389	704	90	90	2672782
535	391	708	90	90	2672788
537	394	712	90	90	2672794
539	397	724	90	90	2672800
540	400	733	90	90	2672807
542	403	737	90	90	2672813
542	407	745	90	90	2672819
543	410	753	90	90	2672825
543	413	757	90	90	2672832
542	417	761	90	90	2672838
541	420	769	90	90	2672844
539	423	769	90	90	2672850
538	426	773	90	90	2672857
536	429	773	90	90	2672863
533	432	777	90	90	2672869
531	434	777	90	90	2672875
528	437	777	90	90	2672882
526	439	777	90	90	2672888
523	440	773	90	90	2672894
520	441	769	90	90	2672900
517	442	757	90	90	2672907
514	443	733	90	90	2672913
511	443	660	90	90	2672919
508	443	527	90	90	2672925
505	443	378	90	90	2672932
502	443	225	90	90	2672938
499	443	32	90	90	2672950
96
820	446	70	90	90	2674647
819	447	311	90	90	2674660
818	448	471	90	90	2674672
816	449	521	90	90	2674685
815	450	531	90	90	2674691
814	450	531	90	90	2674697
813	451	531	90	90	2674703
812	451	531	90	90	2674710
811	452	531	90	90	2674716
809	452	535	90	90	2674722
807	452	539	90	90	2674728
806	452	547	90	90	2674735
804	452	559	90	90	2674741
802	452	571	90	90	2674747
799	452	588	90	90	2674753
797	451	604	90	90	2674760
795	451	620	90	90	2674766
792	450	636	90	90	2674772
790	450	648	90	90	2674778
788	449	656	90	90	2674785
785	448	664	90	90	2674791
783	447	668	90	90	2674797
781	446	672	90	90	2674803
778	444	676	90	90	2674810
776	443	680	90	90	2674816
774	441	680	90	90	2674822
772	439	680	90	90	2674828
770	437	680	90	90	2674835
768	434	680	90	90	2674841
766	432	680	90	90	2674847
765	429	680	90	90	2674853
763	426	680	90	90	2674860
762	423	680	90	90	2674866
762	420	680	90	90	2674872
761	417	680	90	90	2674878
761	414	684	90	90	2674885
761	411	684	90	90	2674891
761	409	684	90	90	2674897
761	406	688	90	90	2674903
762	403	688	90	90	2674910
763	401	692	90	90	2674916
764	399	696	90	90	2674922
766	397	700	90	90	2674928
768	395	704	90	90	2674935
770	393	708	90	90	2674941
772	392	708	90	90	2674947
775	390	708	90	90	2674953
778	389	712	90	90	2674960
781	388	708	90	90	2674966
785	387	708	90	90	2674972
788	387	712	90	90	2674978
792	387	712	90	90	2674985
796	387	712	90	90	2674991
800	387	720	90	90	2674997
804	388	724	90	90	2675003
808	389	724	90	90	2675010
812	389	728	90	90	2675016
817	391	733	90	90	2675022
821	392	737	90	90	2675028
824	393	741	90	90	2675035
828	395	745	90	90	2675041
832	396	749	90	90	2675047
835	398	757	90	90	2675053
838	400	761	90	90	2675060
841	402	765	90	90	2675066
844	404	769	90	90	2675072
846	407	773	90	90	2675078
848	409	777	90	90	2675085
849	411	781	90	90	2675091
851	414	785	90	90	2675097
851	416	789	90	90	2675103
852	419	789	90	90	2675110
852	421	793	90	90	2675116
851	423	793	90	90	2675122
851	425	797	90	90	2675128
849	427	801	90	90	2675135
848	429	805	90	90	2675141
847	431	805	90	90	2675147
845	433	813	90	90	2675153
843	435	817	90	90	2675160
840	437	821	90	90	2675166
837	439	825	90	90	2675172
835	440	825	90	90	2675178
832	442	829	90	90	2675185
828	443	829	90	90	2675191
825	444	833	90	90	2675197
822	445	833	90	90	2675203
818	445	829	90	90	2675210
815	446	825	90	90	2675216
812	447	821	90	90	2675222
809	447	801	90	90	2675228
806	448	741	90	90	2675235
803	448	600	90	90	2675241
800	449	447	90	90	2675247
798	449	285	90	90	2675253
795	449	62	90	90	2675266
4
1
516	479	0	90	90	2961745
162
690	536	40	90	90	2962208
687	537	149	90	90	2962214
685	538	257	90	90	2962220
683	538	362	90	90	2962226
680	539	402	90	90	2962233
677	540	418	90	90	2962239
674	541	430	90	90	2962245
671	542	430	90	90	2962251
667	542	430	90	90	2962258
663	543	430	90	90	2962264
659	543	426	90	90	2962270
654	543	426	90	90	2962276
649	543	422	90	90	2962283
644	543	418	90	90	2962289
639	543	418	90	90	2962295
634	543	418	90	90	2962301
628	543	418	90	90	2962308
622	543	422	90	90	2962314
616	543	422	90	90	2962320
610	543	430	90	90	2962326
603	543	443	90	90	2962333
597	542	451	90	90	2962339
590	542	459	90	90	2962345
583	541	467	90	90	2962351
576	541	475	90	90	2962358
569	540	479	90	90	2962364
562	539	487	90	90	2962370
555	538	487	90	90	2962376
548	537	491	90	90	2962383
541	535	491	90	90	2962389
533	534	487	90	90	2962395
526	533	487	90	90	2962401
519	531	479	90	90	2962408
511	529	475	90	90	2962414
504	526	471	90	90	2962420
496	524	467	90	90	2962426
489	521	463	90	90	2962433
482	518	459	90	90	2962439
475	514	455	90	90	2962445
469	511	455	90	90	2962451
463	507	451	90	90	2962458
457	503	451	90	90	2962464
452	500	455	90	90	2962470
447	496	455	90	90	2962476
442	492	455	90	90	2962483
438	488	455	90	90	2962489
435	483	459	90	90	2962495
432	479	459	90	90	2962501
429	474	459	90	90	2962508
427	470	459	90	90	2962514
426	465	459	90	90	2962520
425	461	459	90	90	2962526
425	456	463	90	90	2962533
425	452	463	90	90	2962539
426	447	463	90	90	2962545
427	442	463	90	90	2962551
429	438	467	90	90	2962558
432	434	467	90	90	2962564
435	430	467	90	90	2962570
438	425	467	90	90	2962576
441	421	467	90	90	2962583
445	417	467	90	90	2962589
450	413	467	90	90	2962595
455	409	467	90	90	2962601
460	405	463	90	90	2962608
465	402	463	90	90	2962614
471	398	463	90	90	2962620
477	395	463	90	90	2962626
484	392	463	90	90	2962633
491	389	463	90	90	2962639
499	386	463	90	90	2962645
506	384	467	90	90	2962651
514	381	471	90	90	2962658
522	379	487	90	90	2962664
531	377	503	90	90	2962670
539	376	519	90	90	2962676
548	374	535	90	90	2962683
557	374	551	90	90	2962689
567	373	571	90	90	2962695
577	372	588	90	90	2962701
586	372	600	90	90	2962708
597	372	612	90	90	2962714
607	372	620	90	90	2962720
618	372	624	90	90	2962726
628	372	624	90	90	2962733
639	372	628	90	90	2962739
650	373	628	90	90	2962745
661	373	632	90	90	2962751
672	374	632	90	90	2962758
683	375	632	90	90	2962764
694	377	636	90	90	2962770
704	378	644	90	90	2962776
715	380	652	90	90	2962783
725	382	660	90	90	2962789
736	384	672	90	90	2962795
746	386	684	90	90	2962801
756	388	692	90	90	2962808
765	390	704	90	90	2962814
775	392	712	90	90	2962820
784	394	720	90	90	2962826
793	396	724	90	90	2962833
802	398	728	90	90	2962839
810	400	728	90	90	2962845
819	402	733	90	90	2962851
827	405	733	90	90	2962858
834	407	733	90	90	2962864
842	410	737	90	90	2962870
849	412	737	90	90	2962876
855	415	741	90	90	2962883
861	418	741	90	90	2962889
867	420	741	90	90	2962895
873	423	741	90	90	2962901
878	426	741	90	90	2962908
882	429	745	90	90	2962914
886	431	745	90	90	2962920
890	434	741	90	90	2962926
893	437	745	90	90	2962933
896	440	741	90	90	2962939
899	443	741	90	90	2962945
901	446	741	90	90	2962951
902	449	741	90	90	2962958
903	452	741	90	90	2962964
904	455	741	90	90	2962970
904	458	741	90	90	2962976
904	461	745	90	90	2962983
903	464	749	90	90	2962989
901	467	753	90	90	2962995
899	470	757	90	90	2963001
897	473	761	90	90	2963008
895	477	765	90	90	2963014
891	480	765	90	90	2963020
888	484	769	90	90	2963026
884	487	769	90	90	2963033
880	491	769	90	90	2963039
876	494	765	90	90	2963045
871	498	765	90	90	2963051
866	501	765	90	90	2963058
861	504	765	90	90	2963064
855	507	765	90	90	2963070
850	510	761	90	90	2963076
843	514	761	90	90	2963083
837	517	761	90	90	2963089
830	520	761	90	90	2963095
823	523	761	90	90	2963101
816	526	761	90	90	2963108
808	529	765	90	90	2963114
801	531	765	90	90	2963120
793	534	765	90	90	2963126
784	536	765	90	90	2963133
776	538	765	90	90	2963139
767	540	765	90	90	2963145
758	542	765	90	90	2963151
749	543	765	90	90	2963158
740	545	761	90	90	2963164
731	546	749	90	90	2963170
722	547	737	90	90	2963176
713	547	700	90	90	2963183
705	547	628	90	90	2963189
696	547	487	90	90	2963195
687	546	346	90	90	2963201
678	545	193	90	90	2963208
669	544	24	90	90	2963220
56
516	484	40	90	90	2964294
513	483	112	90	90	2964301
511	482	140	90	90	2964307
509	480	161	90	90	2964313
507	478	177	90	90	2964319
506	476	189	90	90	2964326
504	473	205	90	90	2964332
502	469	213	90	90	2964338
501	465	229	90	90	2964344
500	461	241	90	90	2964351
499	457	249	90	90	2964357
498	453	253	90	90	2964363
498	448	257	90	90	2964369
498	444	261	90	90	2964376
498	439	265	90	90	2964382
498	435	277	90	90	2964388
499	431	281	90	90	2964394
500	428	294	90	90	2964401
502	424	302	90	90	2964407
504	421	322	90	90	2964413
507	418	338	90	90	2964419
510	416	354	90	90	2964426
513	414	374	90	90	2964432
516	413	390	90	90	2964438
520	412	406	90	90	2964444
524	412	426	90	90	2964451
528	412	443	90	90	2964457
532	413	459	90	90	2964463
536	414	467	90	90	2964469
540	416	479	90	90	2964476
544	418	487	90	90	2964482
548	421	499	90	90	2964488
552	424	511	90	90	2964494
555	427	519	90	90	2964501
558	431	527	90	90	2964507
561	435	535	90	90	2964513
564	439	543	90	90	2964519
566	443	555	90	90	2964526
567	448	567	90	90	2964532
568	453	583	90	90	2964538
568	457	596	90	90	2964544
568	462	608	90	90	2964551
567	466	620	90	90	2964557
565	470	632	90	90	2964563
564	474	640	90	90	2964569
561	477	644	90	90	2964576
559	481	644	90	90	2964582
556	484	636	90	90	2964588
553	486	624	90	90	2964594
549	488	604	90	90	2964601
545	490	567	90	90	2964607
541	490	515	90	90	2964613
537	491	386	90	90	2964619
532	490	257	90	90	2964626
527	489	132	90	90	2964632
522	488	0	90	90	2964644
69
771	478	24	90	90	2965814
769	480	112	90	90	2965820
769	481	209	90	90	2965826
768	482	253	90	90	2965833
767	483	281	90	90	2965839
766	484	310	90	90	2965845
765	485	338	90	90	2965851
764	485	350	90	90	2965858
763	486	354	90	90	2965864
762	486	362	90	90	2965870
760	485	354	90	90	2965876
758	484	350	90	90	2965883
757	483	346	90	90	2965889
755	482	342	90	90	2965895
752	480	346	90	90	2965901
750	478	354	90	90	2965908
748	475	370	90	90	2965914
746	472	386	90	90	2965920
744	468	406	90	90	2965926
742	464	426	90	90	2965933
741	460	451	90	90	2965939
740	455	463	90	90	2965945
739	451	475	90	90	2965951
738	446	487	90	90	2965958
738	442	499	90	90	2965964
739	438	499	90	90	2965970
740	434	499	90	90	2965976
741	431	499	90	90	2965983
743	428	499	90	90	2965989
746	426	499	90	90	2965995
748	424	499	90	90	2966001
751	422	503	90	90	2966008
755	421	511	90	90	2966014
758	420	519	90	90	2966020
762	420	531	90	90	2966026
766	419	543	90	90	2966033
770	419	555	90	90	2966039
774	420	571	90	90	2966045
778	421	596	90	90	2966051
782	422	608	90	90	2966058
786	424	616	90	90	2966064
790	426	624	90	90	2966070
793	429	632	90	90	2966076
796	432	640	90	90	2966083
799	435	644	90	90	2966089
801	439	652	90	90	2966095
803	443	660	90	90	2966101
805	447	668	90	90	2966108
806	451	680	90	90	2966114
807	455	696	90	90	2966120
808	460	708	90	90	2966126
808	463	724	90	90	2966133
807	467	737	90	90	2966139
807	471	749	90	90	2966145
805	475	757	90	90	2966151
804	478	765	90	90	2966158
801	481	769	90	90	2966164
799	484	773	90	90	2966170
796	486	769	90	90	2966176
792	488	765	90	90	2966183
788	489	761	90	90	2966189
784	490	749	90	90	2966195
779	490	733	90	90	2966201
774	489	696	90	90	2966208
768	488	616	90	90	2966214
762	486	471	90	90	2966220
756	483	326	90	90	2966226
749	479	173	90	90	2966233
743	476	12	90	90	2966245
4
1
642	510	0	90	90	3276195
193
660	526	40	90	90	3276557
661	527	128	90	90	3276570
660	527	211	90	90	3276582
658	527	257	90	90	3276588
657	527	273	90	90	3276595
656	527	285	90	90	3276601
655	527	294	90	90	3276607
653	527	294	90	90	3276613
651	527	298	90	90	3276620
649	527	298	90	90	3276626
647	527	298	90	90	3276632
644	527	302	90	90	3276638
642	527	310	90	90	3276645
639	528	326	90	90	3276651
635	528	342	90	90	3276657
632	528	354	90	90	3276663
628	528	370	90	90	3276670
625	528	382	90	90	3276676
621	527	394	90	90	3276682
616	527	402	90	90	3276688
612	527	406	90	90	3276695
607	527	414	90	90	3276701
602	527	414	90	90	3276707
597	527	414	90	90	3276713
592	527	414	90	90	3276720
586	527	406	90	90	3276726
581	526	402	90	90	3276732
575	526	402	90	90	3276738
569	526	398	90	90	3276745
563	525	394	90	90	3276751
557	525	394	90	90	3276757
551	524	394	90	90	3276763
545	523	394	90	90	3276770
539	523	394	90	90	3276776
532	522	394	90	90	3276782
526	521	394	90	90	3276788
520	519	394	90	90	3276795
513	518	394	90	90	3276801
507	516	394	90	90	3276807
500	514	394	90	90	3276813
494	512	394	90	90	3276820
488	509	398	90	90	3276826
481	507	402	90	90	3276832
475	504	414	90	90	3276838
469	501	422	90	90	3276845
463	498	439	90	90	3276851
458	495	455	90	90	3276857
453	491	471	90	90	3276863
448	487	491	90	90	3276870
443	484	515	90	90	3276876
438	479	531	90	90	3276882
434	475	539	90	90	3276888
429	470	551	90	90	3276895
426	466	559	90	90	3276901
422	461	563	90	90	3276907
419	456	571	90	90	3276913
416	451	575	90	90	3276920
414	446	583	90	90	3276926
412	440	592	90	90	3276932
410	435	600	90	90	3276938
408	430	608	90	90	3276945
407	425	612	90	90	3276951
406	419	620	90	90	3276957
406	414	624	90	90	3276963
406	410	632	90	90	3276970
406	405	640	90	90	3276976
407	401	644	90	90	3276982
408	396	648	90	90	3276988
410	392	652	90	90	3276995
413	389	656	90	90	3277001
415	385	660	90	90	3277007
418	382	664	90	90	3277013
422	379	668	90	90	3277020
426	376	672	90	90	3277026
431	374	680	90	90	3277032
436	372	684	90	90	3277038
442	370	688	90	90	3277045
449	368	696	90	90	3277051
456	367	700	90	90	3277057
464	366	708	90	90	3277063
473	365	712	90	90	3277070
481	364	724	90	90	3277076
491	364	728	90	90	3277082
501	364	733	90	90	3277088
510	364	737	90	90	3277095
521	364	741	90	90	3277101
531	364	745	90	90	3277107
542	364	749	90	90	3277113
553	364	753	90	90	3277120
564	364	753	90	90	3277126
575	364	757	90	90	3277132
587	364	761	90	90	3277138
598	364	761	90	90	3277145
610	364	761	90	90	3277151
622	364	765	90	90	3277157
634	364	765	90	90	3277163
646	364	765	90	90	3277170
658	364	769	90	90	3277176
670	365	769	90	90	3277182
682	365	769	90	90	3277188
694	365	773	90	90	3277195
705	366	773	90	90	3277201
717	366	777	90	90	3277207
728	366	781	90	90	3277213
739	366	785	90	90	3277220
750	367	789	90	90	3277226
761	367	789	90	90	3277232
771	367	793	90	90	3277238
781	367	797	90	90	3277245
791	368	801	90	90	3277251
801	368	801	90	90	3277257
810	368	805	90	90	3277263
819	369	809	90	90	3277270
828	369	809	90	90	3277276
837	370	809	90	90	3277282
845	370	813	90	90	3277288
853	370	813	90	90	3277295
861	371	813	90	90	3277301
868	371	813	90	90	3277307
874	372	813	90	90	3277313
880	372	813	90	90	3277320
886	373	817	90	90	3277326
892	374	817	90	90	3277332
897	374	817	90	90	3277338
902	376	817	90	90	3277345
906	377	821	90	90	3277351
910	379	825	90	90	3277357
914	381	825	90	90	3277363
918	383	825	90	90	3277370
922	385	829	90	90	3277376
925	388	825	90	90	3277382
928	390	825	90	90	3277388
930	393	825	90	90	3277395
932	396	825	90	90	3277401
934	399	821	90	90	3277407
936	402	821	90	90	3277413
937	405	817	90	90	3277420
938	409	817	90	90	3277426
938	412	817	90	90	3277432
939	415	813	90	90	3277438
939	419	813	90	90	3277445
938	422	813	90	90	3277451
938	426	813	90	90	3277457
937	430	817	90	90	3277463
936	434	817	90	90	3277470
935	438	817	90	90	3277476
933	441	817	90	90	3277482
931	445	817	90	90	3277488
929	449	821	90	90	3277495
926	453	817	90	90	3277501
924	456	817	90	90	3277507
921	460	813	90	90	3277513
918	463	813	90	90	3277520
914	467	809	90	90	3277526
911	471	809	90	90	3277532
907	474	805	90	90	3277538
903	478	805	90	90	3277545
899	481	805	90	90	3277551
894	484	805	90	90	3277557
889	488	805	90	90	3277563
885	491	805	90	90	3277570
880	494	805	90	90	3277576
875	497	805	90	90	3277582
869	500	801	90	90	3277588
864	503	801	90	90	3277595
858	505	801	90	90	3277601
853	508	797	90	90	3277607
847	510	797	90	90	3277613
841	512	797	90	90	3277620
834	514	793	90	90	3277626
828	516	793	90	90	3277632
821	518	793	90	90	3277638
815	520	793	90	90	3277645
808	522	797	90	90	3277651
801	523	797	90	90	3277657
793	524	801	90	90	3277663
786	526	801	90	90	3277670
779	526	805	90	90	3277676
771	527	809	90	90	3277682
763	528	809	90	90	3277688
756	529	813	90	90	3277695
748	529	813	90	90	3277701
740	530	813	90	90	3277707
732	530	813	90	90	3277713
724	531	809	90	90	3277720
717	531	805	90	90	3277726
709	531	797	90	90	3277732
702	531	769	90	90	3277738
694	531	672	90	90	3277745
687	531	535	90	90	3277751
680	531	382	90	90	3277757
672	530	225	90	90	3277763
665	530	30	90	90	3277776
71
536	477	68	90	90	3279573
535	478	267	90	90	3279586
533	479	366	90	90	3279592
532	480	390	90	90	3279598
531	480	414	90	90	3279605
530	481	426	90	90	3279611
528	481	439	90	90	3279617
527	481	447	90	90	3279623
525	481	455	90	90	3279630
523	480	459	90	90	3279636
520	480	467	90	90	3279642
518	479	471	90	90	3279648
515	478	479	90	90	3279655
512	477	491	90	90	3279661
508	476	503	90	90	3279667
505	474	519	90	90	3279673
501	472	531	90	90	3279680
498	469	543	90	90	3279686
494	466	555	90	90	3279692
491	463	567	90	90	3279698
487	460	588	90	90	3279705
484	456	600	90	90	3279711
481	452	612	90	90	3279717
479	448	624	90	90	3279723
477	443	632	90	90	3279730
475	439	636	90	90	3279736
474	434	644	90	90	3279742
474	430	648	90	90	3279748
474	426	652	90	90	3279755
475	421	652	90	90	3279761
476	417	656	90	90	3279767
479	414	656	90	90	3279773
482	411	660	90	90	3279780
485	408	660	90	90	3279786
489	405	664	90	90	3279792
494	403	668	90	90	3279798
499	402	672	90	90	3279805
504	401	676	90	90	3279811
510	400	684	90	90	3279817
515	400	688	90	90	3279823
521	401	692	90	90	3279830
527	401	700	90	90	3279836
533	403	704	90	90	3279842
538	404	708	90	90	3279848
543	406	712	90	90	3279855
547	409	720	90	90	3279861
552	411	724	90	90	3279867
556	414	728	90	90	3279873
559	417	733	90	90	3279880
563	421	733	90	90	3279886
565	424	737	90	90	3279892
568	428	741	90	90	3279898
569	431	745	90	90	3279905
571	435	749	90	90	3279911
571	439	753	90	90	3279917
571	443	761	90	90	3279923
571	446	765	90	90	3279930
570	450	773	90	90	3279936
568	454	777	90	90	3279942
566	457	781	90	90	3279948
564	460	785	90	90	3279955
562	463	785	90	90	3279961
560	466	785	90	90	3279967
557	469	785	90	90	3279973
555	471	777	90	90	3279980
553	472	761	90	90	3279986
551	474	720	90	90	3279992
548	475	588	90	90	3279998
546	476	443	90	90	3280005
543	477	294	90	90	3280011
540	478	70	90	90	3280023
69
799	469	195	90	90	3281035
799	470	382	90	90	3281048
798	470	408	90	90	3281060
797	470	426	90	90	3281067
796	470	443	90	90	3281073
795	470	455	90	90	3281079
794	470	467	90	90	3281085
793	469	487	90	90	3281092
791	468	511	90	90	3281098
790	467	527	90	90	3281104
788	466	539	90	90	3281110
787	464	555	90	90	3281117
785	462	567	90	90	3281123
783	460	583	90	90	3281129
782	458	596	90	90	3281135
780	455	608	90	90	3281142
779	452	620	90	90	3281148
778	448	628	90	90	3281154
777	444	640	90	90	3281160
776	441	644	90	90	3281167
776	437	652	90	90	3281173
776	433	664	90	90	3281179
777	429	672	90	90	3281185
778	425	680	90	90	3281192
779	421	692	90	90	3281198
781	417	704	90	90	3281204
783	414	712	90	90	3281210
786	410	728	90	90	3281217
789	407	741	90	90	3281223
793	404	749	90	90	3281229
797	402	761	90	90	3281235
802	400	769	90	90	3281242
806	398	777	90	90	3281248
811	397	785	90	90	3281254
816	397	793	90	90	3281260
821	397	801	90	90	3281267
826	397	805	90	90	3281273
831	398	813	90	90	3281279
836	400	817	90	90	3281285
841	402	821	90	90	3281292
846	405	821	90	90	3281298
850	408	825	90	90	3281304
854	411	825	90	90	3281310
858	414	825	90	90	3281317
861	418	825	90	90	3281323
863	422	829	90	90	3281329
865	426	829	90	90	3281335
867	430	829	90	90	3281342
868	435	829	90	90	3281348
868	439	829	90	90	3281354
868	443	829	90	90	3281360
867	447	829	90	90	3281367
866	451	829	90	90	3281373
864	455	829	90	90	3281379
862	458	829	90	90	3281385
859	462	829	90	90	3281392
856	465	829	90	90	3281398
852	467	829	90	90	3281404
848	470	825	90	90	3281410
844	473	825	90	90	3281417
839	475	821	90	90	3281423
834	476	813	90	90	3281429
829	478	801	90	90	3281435
824	479	773	90	90	3281442
819	479	676	90	90	3281448
813	479	535	90	90	3281454
807	479	378	90	90	3281460
800	478	213	90	90	3281467
794	476	24	90	90	3281479
