5
1
589	537	0	90	90	1636596197
26
498	574	222	90	90	1636596453
494	574	302	90	90	1636596485
495	574	312	90	90	1636596496
498	573	304	90	90	1636596506
503	573	322	90	90	1636596517
509	573	352	90	90	1636596528
515	573	406	90	90	1636596539
524	573	464	90	90	1636596549
533	573	512	90	90	1636596560
543	573	562	90	90	1636596571
555	574	596	90	90	1636596582
567	575	632	90	90	1636596592
580	576	656	90	90	1636596603
593	577	694	90	90	1636596614
606	578	720	90	90	1636596625
619	578	748	90	90	1636596635
632	578	750	90	90	1636596646
644	578	764	90	90	1636596657
655	578	778	90	90	1636596668
665	578	782	90	90	1636596678
673	578	796	90	90	1636596689
680	578	796	90	90	1636596700
685	578	786	90	90	1636596711
688	578	782	90	90	1636596721
689	578	608	90	90	1636596743
688	577	79	90	90	1636596764
63
495	567	42	90	90	1636597161
495	566	104	90	90	1636597172
495	565	170	90	90	1636597183
496	563	258	90	90	1636597193
496	560	314	90	90	1636597204
497	557	336	90	90	1636597215
497	553	366	90	90	1636597226
497	547	406	90	90	1636597236
497	541	452	90	90	1636597247
497	534	490	90	90	1636597258
497	527	516	90	90	1636597269
497	520	538	90	90	1636597279
497	512	562	90	90	1636597290
497	504	590	90	90	1636597301
496	496	618	90	90	1636597312
496	488	626	90	90	1636597322
496	480	638	90	90	1636597333
496	471	652	90	90	1636597344
495	463	668	90	90	1636597355
494	454	664	90	90	1636597365
494	446	672	90	90	1636597376
494	438	694	90	90	1636597387
493	431	700	90	90	1636597398
493	424	690	90	90	1636597408
493	418	698	90	90	1636597419
493	413	706	90	90	1636597430
492	408	702	90	90	1636597441
492	404	702	90	90	1636597451
492	401	708	90	90	1636597462
492	399	708	90	90	1636597473
492	397	706	90	90	1636597484
493	396	698	90	90	1636597494
494	395	696	90	90	1636597505
495	394	696	90	90	1636597516
497	394	706	90	90	1636597527
499	394	712	90	90	1636597537
503	394	718	90	90	1636597548
507	393	724	90	90	1636597559
511	393	730	90	90	1636597570
517	393	728	90	90	1636597580
524	393	734	90	90	1636597591
531	393	736	90	90	1636597602
540	393	742	90	90	1636597613
550	394	748	90	90	1636597623
561	394	752	90	90	1636597634
572	395	758	90	90	1636597645
583	395	754	90	90	1636597656
595	395	764	90	90	1636597666
606	395	772	90	90	1636597677
617	394	790	90	90	1636597688
627	393	796	90	90	1636597699
638	392	810	90	90	1636597709
647	391	816	90	90	1636597720
655	390	832	90	90	1636597731
661	389	844	90	90	1636597742
667	389	850	90	90	1636597752
671	389	854	90	90	1636597763
673	388	860	90	90	1636597774
675	388	866	90	90	1636597795
675	389	830	90	90	1636597806
673	391	748	90	90	1636597817
671	394	564	90	90	1636597828
668	398	66	90	90	1636597849
22
540	528	74	90	90	1636598213
540	527	176	90	90	1636598224
540	525	274	90	90	1636598235
540	521	350	90	90	1636598246
540	516	390	90	90	1636598256
540	511	434	90	90	1636598267
540	506	472	90	90	1636598278
540	499	520	90	90	1636598289
540	493	560	90	90	1636598299
539	487	608	90	90	1636598310
539	481	650	90	90	1636598321
538	475	688	90	90	1636598332
537	469	712	90	90	1636598342
536	463	736	90	90	1636598353
536	458	754	90	90	1636598364
535	453	754	90	90	1636598375
535	449	754	90	90	1636598385
535	446	754	90	90	1636598396
535	444	752	90	90	1636598407
535	443	746	90	90	1636598418
535	442	585	90	90	1636598439
536	443	48	90	90	1636598461
29
541	484	242	90	90	1636598625
541	485	308	90	90	1636598635
541	486	330	90	90	1636598646
542	487	344	90	90	1636598657
544	488	336	90	90	1636598668
547	488	350	90	90	1636598678
550	488	372	90	90	1636598689
554	489	394	90	90	1636598700
558	489	434	90	90	1636598711
563	489	476	90	90	1636598721
569	489	528	90	90	1636598732
575	489	562	90	90	1636598743
583	490	606	90	90	1636598754
591	491	638	90	90	1636598764
600	491	662	90	90	1636598775
610	491	700	90	90	1636598786
620	492	722	90	90	1636598797
630	492	740	90	90	1636598807
640	492	766	90	90	1636598818
648	492	804	90	90	1636598829
656	492	824	90	90	1636598840
664	493	848	90	90	1636598850
670	493	860	90	90	1636598861
676	493	866	90	90	1636598872
681	493	852	90	90	1636598883
684	493	856	90	90	1636598893
687	493	852	90	90	1636598904
688	493	852	90	90	1636598915
689	493	465	90	90	1636598969
5
1
640	462	0	90	90	1636714083
29
509	579	172	90	90	1636714781
507	581	268	90	90	1636714791
506	581	359	90	90	1636714813
507	581	390	90	90	1636714824
509	582	386	90	90	1636714834
512	582	388	90	90	1636714845
517	583	410	90	90	1636714856
524	583	430	90	90	1636714867
532	583	476	90	90	1636714877
541	584	540	90	90	1636714888
551	585	580	90	90	1636714899
563	585	616	90	90	1636714910
575	586	644	90	90	1636714920
588	587	694	90	90	1636714931
602	587	734	90	90	1636714942
616	588	758	90	90	1636714953
630	588	778	90	90	1636714963
642	589	796	90	90	1636714974
654	589	820	90	90	1636714985
665	590	818	90	90	1636714996
675	591	826	90	90	1636715006
683	591	832	90	90	1636715017
689	591	826	90	90	1636715028
693	591	826	90	90	1636715039
696	591	820	90	90	1636715049
697	591	784	90	90	1636715060
697	590	728	90	90	1636715071
696	589	616	90	90	1636715082
694	589	186	90	90	1636715103
63
504	575	90	90	90	1636715468
505	573	204	90	90	1636715478
505	572	264	90	90	1636715489
505	569	318	90	90	1636715500
505	567	356	90	90	1636715511
505	563	390	90	90	1636715521
505	559	406	90	90	1636715532
505	554	428	90	90	1636715543
504	549	468	90	90	1636715554
504	543	490	90	90	1636715564
503	536	520	90	90	1636715575
502	529	538	90	90	1636715586
502	522	562	90	90	1636715597
501	515	592	90	90	1636715607
500	508	616	90	90	1636715618
500	500	638	90	90	1636715629
499	493	650	90	90	1636715640
499	485	656	90	90	1636715650
498	478	662	90	90	1636715661
497	470	666	90	90	1636715672
497	463	670	90	90	1636715683
496	455	678	90	90	1636715693
495	448	678	90	90	1636715704
494	442	682	90	90	1636715715
493	436	684	90	90	1636715726
492	431	690	90	90	1636715736
492	426	696	90	90	1636715747
492	423	700	90	90	1636715758
492	420	696	90	90	1636715769
492	418	696	90	90	1636715779
493	416	700	90	90	1636715790
494	415	692	90	90	1636715801
495	414	696	90	90	1636715812
498	413	702	90	90	1636715822
500	413	708	90	90	1636715833
504	413	718	90	90	1636715844
508	413	724	90	90	1636715855
512	413	720	90	90	1636715865
517	412	730	90	90	1636715876
523	412	730	90	90	1636715887
529	411	730	90	90	1636715898
536	411	742	90	90	1636715908
545	410	752	90	90	1636715919
554	410	758	90	90	1636715930
563	409	750	90	90	1636715941
573	409	752	90	90	1636715951
583	408	754	90	90	1636715962
594	407	752	90	90	1636715973
604	406	750	90	90	1636715984
615	405	752	90	90	1636715994
626	404	760	90	90	1636716005
636	403	770	90	90	1636716016
646	402	778	90	90	1636716027
655	401	788	90	90	1636716037
663	400	782	90	90	1636716048
670	400	792	90	90	1636716059
675	399	796	90	90	1636716070
679	398	802	90	90	1636716080
681	398	804	90	90	1636716091
683	398	804	90	90	1636716102
683	397	819	90	90	1636716123
682	398	760	90	90	1636716134
680	400	248	90	90	1636716156
21
555	534	132	90	90	1636716562
554	531	250	90	90	1636716572
554	528	340	90	90	1636716583
554	524	386	90	90	1636716594
554	520	416	90	90	1636716605
554	514	452	90	90	1636716615
553	509	480	90	90	1636716626
552	502	520	90	90	1636716637
551	495	544	90	90	1636716648
551	489	588	90	90	1636716658
550	482	638	90	90	1636716669
549	475	670	90	90	1636716680
548	468	684	90	90	1636716691
547	463	692	90	90	1636716701
546	459	712	90	90	1636716712
545	455	728	90	90	1636716723
545	453	720	90	90	1636716734
545	452	720	90	90	1636716744
545	451	688	90	90	1636716766
546	452	568	90	90	1636716777
547	454	129	90	90	1636716798
30
553	491	182	90	90	1636716937
553	492	268	90	90	1636716947
554	493	312	90	90	1636716958
555	493	322	90	90	1636716969
557	494	340	90	90	1636716980
559	494	376	90	90	1636716990
562	494	404	90	90	1636717001
566	494	428	90	90	1636717012
570	494	452	90	90	1636717023
574	494	480	90	90	1636717033
579	494	512	90	90	1636717044
584	494	564	90	90	1636717055
591	494	596	90	90	1636717066
598	495	622	90	90	1636717076
605	495	640	90	90	1636717087
612	495	664	90	90	1636717098
620	495	676	90	90	1636717109
627	495	692	90	90	1636717119
635	495	730	90	90	1636717130
643	495	758	90	90	1636717141
651	495	784	90	90	1636717152
658	495	804	90	90	1636717162
664	495	828	90	90	1636717173
670	495	830	90	90	1636717184
674	495	844	90	90	1636717195
678	495	856	90	90	1636717205
681	495	860	90	90	1636717216
683	494	860	90	90	1636717227
684	494	792	90	90	1636717248
684	493	186	90	90	1636717270
5
1
556	530	0	90	90	1636865713
31
481	551	12	90	90	1636866000
480	551	180	90	90	1636866032
482	551	220	90	90	1636866043
484	552	216	90	90	1636866053
488	552	206	90	90	1636866064
493	552	216	90	90	1636866075
499	552	222	90	90	1636866086
507	552	250	90	90	1636866096
515	552	274	90	90	1636866107
524	551	334	90	90	1636866118
534	551	400	90	90	1636866129
545	551	466	90	90	1636866139
557	551	520	90	90	1636866150
569	550	568	90	90	1636866161
583	550	606	90	90	1636866172
596	550	644	90	90	1636866182
610	550	676	90	90	1636866193
624	550	708	90	90	1636866204
637	550	736	90	90	1636866215
650	551	752	90	90	1636866225
662	551	776	90	90	1636866236
674	551	790	90	90	1636866247
684	552	784	90	90	1636866258
693	552	792	90	90	1636866268
701	553	798	90	90	1636866279
706	553	802	90	90	1636866290
710	553	802	90	90	1636866301
712	553	792	90	90	1636866311
713	553	754	90	90	1636866322
712	553	656	90	90	1636866333
710	553	194	90	90	1636866354
65
475	545	124	90	90	1636866869
476	545	181	90	90	1636866891
477	543	254	90	90	1636866902
478	540	300	90	90	1636866912
478	536	318	90	90	1636866923
479	532	342	90	90	1636866934
479	525	390	90	90	1636866945
479	519	424	90	90	1636866955
479	511	458	90	90	1636866966
479	504	482	90	90	1636866977
479	496	514	90	90	1636866988
479	488	536	90	90	1636866998
478	480	568	90	90	1636867009
477	471	592	90	90	1636867020
476	463	612	90	90	1636867031
475	453	638	90	90	1636867041
474	444	650	90	90	1636867052
473	435	664	90	90	1636867063
471	426	672	90	90	1636867074
470	418	682	90	90	1636867084
468	410	684	90	90	1636867095
467	403	688	90	90	1636867106
466	397	696	90	90	1636867117
465	392	692	90	90	1636867127
465	389	702	90	90	1636867138
465	386	702	90	90	1636867149
465	385	702	90	90	1636867160
465	384	698	90	90	1636867170
466	384	692	90	90	1636867192
467	384	697	90	90	1636867213
469	384	702	90	90	1636867224
470	384	702	90	90	1636867235
472	384	706	90	90	1636867246
475	384	708	90	90	1636867256
479	384	708	90	90	1636867267
483	384	712	90	90	1636867278
488	383	714	90	90	1636867289
493	382	714	90	90	1636867299
500	381	714	90	90	1636867310
507	381	722	90	90	1636867321
515	380	728	90	90	1636867332
523	379	730	90	90	1636867342
533	378	720	90	90	1636867353
543	377	728	90	90	1636867364
553	376	734	90	90	1636867375
565	375	740	90	90	1636867385
576	374	740	90	90	1636867396
587	372	746	90	90	1636867407
598	371	746	90	90	1636867418
610	370	746	90	90	1636867428
621	369	746	90	90	1636867439
633	368	752	90	90	1636867450
643	367	758	90	90	1636867461
653	367	758	90	90	1636867471
662	366	754	90	90	1636867482
670	365	772	90	90	1636867493
676	364	790	90	90	1636867504
682	364	792	90	90	1636867514
686	363	796	90	90	1636867525
689	363	796	90	90	1636867536
691	362	798	90	90	1636867547
692	362	805	90	90	1636867568
691	362	766	90	90	1636867579
689	363	560	90	90	1636867590
686	365	6	90	90	1636867611
22
537	502	271	90	90	1636868036
537	501	362	90	90	1636868047
537	500	400	90	90	1636868058
536	496	452	90	90	1636868068
536	491	496	90	90	1636868079
536	485	530	90	90	1636868090
535	477	564	90	90	1636868101
535	470	606	90	90	1636868111
534	462	642	90	90	1636868122
533	454	670	90	90	1636868133
533	446	688	90	90	1636868144
532	438	712	90	90	1636868154
531	431	736	90	90	1636868165
530	425	754	90	90	1636868176
530	420	782	90	90	1636868187
529	416	790	90	90	1636868197
529	412	794	90	90	1636868208
529	411	782	90	90	1636868219
529	410	772	90	90	1636868230
530	411	708	90	90	1636868240
531	412	518	90	90	1636868251
532	415	22	90	90	1636868273
30
537	460	300	90	90	1636868406
536	461	392	90	90	1636868416
536	462	416	90	90	1636868427
538	462	422	90	90	1636868438
540	463	420	90	90	1636868449
544	464	428	90	90	1636868459
549	465	442	90	90	1636868470
554	465	452	90	90	1636868481
559	465	476	90	90	1636868492
566	464	520	90	90	1636868502
573	464	560	90	90	1636868513
581	463	592	90	90	1636868524
590	463	608	90	90	1636868535
600	462	616	90	90	1636868545
611	462	634	90	90	1636868556
621	461	650	90	90	1636868567
632	460	672	90	90	1636868578
643	460	698	90	90	1636868588
654	460	720	90	90	1636868599
665	459	754	90	90	1636868610
676	459	782	90	90	1636868621
686	460	804	90	90	1636868631
694	460	818	90	90	1636868642
701	460	838	90	90	1636868653
707	460	854	90	90	1636868664
711	459	860	90	90	1636868674
714	459	862	90	90	1636868685
717	458	856	90	90	1636868696
719	457	778	90	90	1636868707
720	456	176	90	90	1636868728
5
1
558	522	0	90	90	1636955072
25
503	542	30	90	90	1636955291
504	542	58	90	90	1636955302
507	543	86	90	90	1636955313
511	543	138	90	90	1636955324
516	544	206	90	90	1636955334
523	544	304	90	90	1636955345
531	545	388	90	90	1636955356
541	545	464	90	90	1636955367
551	545	528	90	90	1636955377
563	545	574	90	90	1636955388
576	546	616	90	90	1636955399
588	546	656	90	90	1636955410
602	546	702	90	90	1636955420
615	546	754	90	90	1636955431
628	546	770	90	90	1636955442
640	547	782	90	90	1636955453
651	547	788	90	90	1636955463
660	548	790	90	90	1636955474
667	548	794	90	90	1636955485
672	548	782	90	90	1636955496
676	549	794	90	90	1636955506
678	549	772	90	90	1636955517
678	548	724	90	90	1636955528
677	548	606	90	90	1636955539
673	547	93	90	90	1636955560
57
507	540	60	90	90	1636955937
507	541	183	90	90	1636955958
507	540	206	90	90	1636955969
507	539	242	90	90	1636955980
507	536	286	90	90	1636955990
507	533	298	90	90	1636956001
507	529	318	90	90	1636956012
507	523	368	90	90	1636956023
507	517	428	90	90	1636956033
506	510	466	90	90	1636956044
506	502	488	90	90	1636956055
505	494	534	90	90	1636956066
505	486	560	90	90	1636956076
504	477	592	90	90	1636956087
504	468	612	90	90	1636956098
504	459	642	90	90	1636956109
503	450	650	90	90	1636956119
503	441	668	90	90	1636956130
502	433	676	90	90	1636956141
502	425	684	90	90	1636956152
502	417	688	90	90	1636956162
501	410	700	90	90	1636956173
500	405	690	90	90	1636956184
499	399	700	90	90	1636956195
498	395	692	90	90	1636956205
498	392	696	90	90	1636956216
497	390	698	90	90	1636956227
497	389	719	90	90	1636956281
498	390	720	90	90	1636956291
499	391	730	90	90	1636956302
500	392	730	90	90	1636956313
502	392	730	90	90	1636956324
505	393	730	90	90	1636956334
508	393	728	90	90	1636956345
512	393	720	90	90	1636956356
517	393	724	90	90	1636956367
523	393	728	90	90	1636956377
529	392	734	90	90	1636956388
537	392	740	90	90	1636956399
545	392	746	90	90	1636956410
554	391	752	90	90	1636956420
564	390	758	90	90	1636956431
574	389	760	90	90	1636956442
585	388	752	90	90	1636956453
595	387	758	90	90	1636956463
606	386	766	90	90	1636956474
617	385	776	90	90	1636956485
627	384	772	90	90	1636956496
636	383	776	90	90	1636956506
644	383	794	90	90	1636956517
650	382	786	90	90	1636956528
655	381	792	90	90	1636956539
659	381	796	90	90	1636956549
661	381	792	90	90	1636956560
662	380	787	90	90	1636956582
661	380	684	90	90	1636956592
659	382	170	90	90	1636956614
17
556	507	48	90	90	1636956953
556	503	162	90	90	1636956963
556	499	258	90	90	1636956974
556	493	362	90	90	1636956985
556	487	448	90	90	1636956996
556	480	500	90	90	1636957006
556	472	548	90	90	1636957017
555	464	592	90	90	1636957028
554	456	632	90	90	1636957039
554	448	658	90	90	1636957049
553	442	678	90	90	1636957060
553	436	696	90	90	1636957071
552	432	702	90	90	1636957082
551	428	724	90	90	1636957092
551	426	722	90	90	1636957103
551	425	638	90	90	1636957135
551	427	74	90	90	1636957157
28
561	468	326	90	90	1636957281
559	470	447	90	90	1636957324
561	471	482	90	90	1636957334
564	471	486	90	90	1636957345
567	471	496	90	90	1636957356
572	471	496	90	90	1636957367
577	471	520	90	90	1636957377
582	471	568	90	90	1636957388
589	471	606	90	90	1636957399
597	471	640	90	90	1636957410
605	471	684	90	90	1636957420
615	471	708	90	90	1636957431
625	470	728	90	90	1636957442
635	469	736	90	90	1636957453
646	468	758	90	90	1636957463
656	467	790	90	90	1636957474
667	466	804	90	90	1636957485
677	465	820	90	90	1636957496
685	465	860	90	90	1636957506
693	464	878	90	90	1636957517
701	464	898	90	90	1636957528
707	464	908	90	90	1636957539
711	463	894	90	90	1636957549
714	462	900	90	90	1636957560
716	462	900	90	90	1636957571
717	461	858	90	90	1636957592
717	460	636	90	90	1636957603
716	459	32	90	90	1636957625
5
1
566	548	0	90	90	1637036197
28
510	560	130	90	90	1637037031
508	561	248	90	90	1637037063
510	561	264	90	90	1637037074
513	562	274	90	90	1637037084
517	562	298	90	90	1637037095
523	563	314	90	90	1637037106
530	563	356	90	90	1637037117
539	563	404	90	90	1637037127
548	563	442	90	90	1637037138
559	563	490	90	90	1637037149
570	563	538	90	90	1637037160
581	563	602	90	90	1637037170
594	563	658	90	90	1637037181
606	563	698	90	90	1637037192
620	562	752	90	90	1637037203
633	562	788	90	90	1637037213
645	562	802	90	90	1637037224
657	562	820	90	90	1637037235
668	563	818	90	90	1637037246
677	563	824	90	90	1637037256
685	564	824	90	90	1637037267
690	564	820	90	90	1637037278
694	564	820	90	90	1637037289
696	564	808	90	90	1637037299
697	564	748	90	90	1637037310
696	564	636	90	90	1637037321
694	563	428	90	90	1637037332
690	562	6	90	90	1637037353
59
509	559	88	90	90	1637037734
509	557	184	90	90	1637037744
509	555	242	90	90	1637037755
509	552	314	90	90	1637037766
509	548	346	90	90	1637037777
509	543	392	90	90	1637037787
509	538	424	90	90	1637037798
508	532	458	90	90	1637037809
508	525	490	90	90	1637037820
507	518	512	90	90	1637037830
507	511	544	90	90	1637037841
506	503	568	90	90	1637037852
506	495	590	90	90	1637037863
506	487	616	90	90	1637037873
505	479	626	90	90	1637037884
504	472	636	90	90	1637037895
504	464	664	90	90	1637037906
504	457	678	90	90	1637037916
504	450	694	90	90	1637037927
503	444	696	90	90	1637037938
503	437	700	90	90	1637037949
503	432	698	90	90	1637037959
502	426	708	90	90	1637037970
501	422	708	90	90	1637037981
500	418	712	90	90	1637037992
499	415	714	90	90	1637038002
498	413	718	90	90	1637038013
498	412	722	90	90	1637038024
498	411	718	90	90	1637038078
499	411	722	90	90	1637038088
501	411	722	90	90	1637038099
503	411	722	90	90	1637038110
505	412	724	90	90	1637038121
508	412	728	90	90	1637038131
513	412	730	90	90	1637038142
518	412	728	90	90	1637038153
524	411	736	90	90	1637038164
531	411	740	90	90	1637038174
539	411	746	90	90	1637038185
547	410	754	90	90	1637038196
556	409	760	90	90	1637038207
565	409	758	90	90	1637038217
575	408	778	90	90	1637038228
585	407	784	90	90	1637038239
595	406	796	90	90	1637038250
606	405	802	90	90	1637038260
616	403	816	90	90	1637038271
626	402	824	90	90	1637038282
635	401	842	90	90	1637038293
643	399	860	90	90	1637038303
651	397	862	90	90	1637038314
658	396	874	90	90	1637038325
664	395	880	90	90	1637038336
669	394	884	90	90	1637038346
673	394	884	90	90	1637038357
676	393	884	90	90	1637038368
677	393	878	90	90	1637038400
676	393	770	90	90	1637038411
674	395	208	90	90	1637038432
17
563	522	60	90	90	1637038796
563	518	250	90	90	1637038806
562	514	392	90	90	1637038817
562	509	472	90	90	1637038828
561	503	544	90	90	1637038839
561	496	590	90	90	1637038849
560	489	622	90	90	1637038860
559	482	658	90	90	1637038871
559	474	682	90	90	1637038882
558	467	706	90	90	1637038892
557	460	728	90	90	1637038903
557	454	750	90	90	1637038914
556	448	764	90	90	1637038925
555	444	766	90	90	1637038935
555	440	776	90	90	1637038946
555	438	782	90	90	1637038957
555	437	476	90	90	1637039011
33
563	485	60	90	90	1637039187
563	486	280	90	90	1637039197
563	487	352	90	90	1637039208
563	488	394	90	90	1637039219
564	488	416	90	90	1637039230
565	489	430	90	90	1637039240
566	489	434	90	90	1637039251
568	490	444	90	90	1637039262
570	490	462	90	90	1637039273
573	490	490	90	90	1637039283
576	490	520	90	90	1637039294
579	489	558	90	90	1637039305
583	489	582	90	90	1637039316
588	489	608	90	90	1637039326
594	489	634	90	90	1637039337
600	489	664	90	90	1637039348
607	488	694	90	90	1637039359
614	488	720	90	90	1637039369
622	487	754	90	90	1637039380
631	487	794	90	90	1637039391
640	487	816	90	90	1637039402
649	487	832	90	90	1637039412
659	487	860	90	90	1637039423
668	486	862	90	90	1637039434
677	486	878	90	90	1637039445
684	486	896	90	90	1637039455
691	486	894	90	90	1637039466
696	486	906	90	90	1637039477
700	485	912	90	90	1637039488
703	484	912	90	90	1637039498
705	484	906	90	90	1637039509
706	484	860	90	90	1637039520
706	483	279	90	90	1637039541
5
1
584	528	0	90	90	1637125025
28
489	551	20	90	90	1637125296
487	552	81	90	90	1637125317
488	552	70	90	90	1637125328
490	553	66	90	90	1637125339
493	553	78	90	90	1637125349
497	553	96	90	90	1637125360
503	554	112	90	90	1637125371
510	554	172	90	90	1637125382
518	554	242	90	90	1637125392
528	553	340	90	90	1637125403
539	553	406	90	90	1637125414
551	553	446	90	90	1637125425
565	553	490	90	90	1637125435
579	553	528	90	90	1637125446
594	553	574	90	90	1637125457
610	553	644	90	90	1637125468
625	553	700	90	90	1637125478
641	554	720	90	90	1637125489
655	554	754	90	90	1637125500
668	555	764	90	90	1637125511
679	555	778	90	90	1637125521
689	556	788	90	90	1637125532
696	556	790	90	90	1637125543
702	556	790	90	90	1637125554
705	556	794	90	90	1637125564
707	555	722	90	90	1637125586
706	554	496	90	90	1637125597
703	553	15	90	90	1637125618
58
494	543	70	90	90	1637126015
494	538	174	90	90	1637126025
494	534	226	90	90	1637126036
494	530	268	90	90	1637126047
494	524	312	90	90	1637126058
495	518	336	90	90	1637126068
495	511	362	90	90	1637126079
495	504	424	90	90	1637126090
495	496	466	90	90	1637126101
495	488	500	90	90	1637126111
495	480	538	90	90	1637126122
495	471	548	90	90	1637126133
495	463	562	90	90	1637126144
494	454	568	90	90	1637126154
493	446	588	90	90	1637126165
493	438	618	90	90	1637126176
493	430	632	90	90	1637126187
493	423	636	90	90	1637126197
492	415	644	90	90	1637126208
492	409	646	90	90	1637126219
491	403	646	90	90	1637126230
491	398	652	90	90	1637126240
491	394	658	90	90	1637126251
491	391	668	90	90	1637126262
490	389	662	90	90	1637126273
490	387	664	90	90	1637126283
490	386	664	90	90	1637126294
490	385	662	90	90	1637126305
491	385	663	90	90	1637126326
492	384	646	90	90	1637126337
494	384	650	90	90	1637126348
496	384	650	90	90	1637126359
499	384	662	90	90	1637126369
503	384	676	90	90	1637126380
507	385	678	90	90	1637126391
513	385	684	90	90	1637126402
519	385	690	90	90	1637126412
526	385	684	90	90	1637126423
534	384	682	90	90	1637126434
543	383	690	90	90	1637126445
553	382	700	90	90	1637126455
564	381	706	90	90	1637126466
575	380	728	90	90	1637126477
586	380	760	90	90	1637126488
597	378	766	90	90	1637126498
609	377	782	90	90	1637126509
621	376	794	90	90	1637126520
632	375	804	90	90	1637126531
641	374	818	90	90	1637126541
651	373	842	90	90	1637126552
659	372	860	90	90	1637126563
666	372	852	90	90	1637126574
672	372	860	90	90	1637126584
677	372	860	90	90	1637126595
681	372	860	90	90	1637126606
683	372	866	90	90	1637126617
683	373	795	90	90	1637126638
682	374	163	90	90	1637126660
20
551	505	16	90	90	1637127015
552	506	70	90	90	1637127036
552	505	206	90	90	1637127047
552	502	362	90	90	1637127058
552	498	470	90	90	1637127068
552	492	538	90	90	1637127079
551	485	592	90	90	1637127090
550	478	646	90	90	1637127101
550	469	688	90	90	1637127111
549	461	714	90	90	1637127122
548	452	742	90	90	1637127133
547	444	754	90	90	1637127144
546	436	784	90	90	1637127154
545	429	786	90	90	1637127165
545	423	786	90	90	1637127176
545	417	796	90	90	1637127187
544	413	804	90	90	1637127197
544	411	798	90	90	1637127208
544	409	645	90	90	1637127240
545	410	32	90	90	1637127262
31
549	458	184	90	90	1637127375
548	461	265	90	90	1637127396
549	462	312	90	90	1637127407
551	463	322	90	90	1637127418
553	464	334	90	90	1637127428
556	464	352	90	90	1637127439
560	464	372	90	90	1637127450
564	465	386	90	90	1637127461
569	465	412	90	90	1637127471
575	465	466	90	90	1637127482
581	465	520	90	90	1637127493
588	465	552	90	90	1637127504
596	465	580	90	90	1637127514
604	464	608	90	90	1637127525
614	464	628	90	90	1637127536
623	464	644	90	90	1637127547
633	463	672	90	90	1637127557
644	462	712	90	90	1637127568
653	462	758	90	90	1637127579
663	461	788	90	90	1637127590
673	461	810	90	90	1637127600
682	461	830	90	90	1637127611
690	461	860	90	90	1637127622
698	461	868	90	90	1637127633
705	461	884	90	90	1637127643
711	461	886	90	90	1637127654
716	461	890	90	90	1637127665
719	460	890	90	90	1637127676
721	459	866	90	90	1637127686
722	459	668	90	90	1637127708
721	458	6	90	90	1637127729
5
1
632	423	0	90	90	1637210535
29
479	537	36	90	90	1637211140
474	539	164	90	90	1637211150
472	540	250	90	90	1637211161
471	541	327	90	90	1637211183
473	541	336	90	90	1637211193
476	542	330	90	90	1637211204
482	543	330	90	90	1637211215
490	543	332	90	90	1637211226
498	543	342	90	90	1637211236
508	543	390	90	90	1637211247
519	543	442	90	90	1637211258
531	543	496	90	90	1637211269
544	543	542	90	90	1637211279
558	543	600	90	90	1637211290
572	544	640	90	90	1637211301
586	544	682	90	90	1637211312
601	544	718	90	90	1637211322
615	544	752	90	90	1637211333
629	544	758	90	90	1637211344
641	544	770	90	90	1637211355
651	545	784	90	90	1637211365
661	546	790	90	90	1637211376
669	546	782	90	90	1637211387
675	547	786	90	90	1637211398
679	547	784	90	90	1637211408
681	548	760	90	90	1637211419
682	548	678	90	90	1637211430
681	548	464	90	90	1637211441
679	547	6	90	90	1637211462
62
478	538	6	90	90	1637211812
477	538	93	90	90	1637211833
477	537	148	90	90	1637211844
477	535	216	90	90	1637211855
477	532	258	90	90	1637211865
477	527	304	90	90	1637211876
477	522	372	90	90	1637211887
477	516	416	90	90	1637211898
476	509	464	90	90	1637211908
476	501	520	90	90	1637211919
476	493	554	90	90	1637211930
476	485	588	90	90	1637211941
476	476	618	90	90	1637211951
476	467	644	90	90	1637211962
476	458	662	90	90	1637211973
476	449	684	90	90	1637211984
475	439	700	90	90	1637211994
475	429	702	90	90	1637212005
474	420	714	90	90	1637212016
474	411	724	90	90	1637212027
473	403	724	90	90	1637212037
472	396	736	90	90	1637212048
471	390	742	90	90	1637212059
471	384	742	90	90	1637212070
470	379	742	90	90	1637212080
469	376	754	90	90	1637212091
469	373	754	90	90	1637212102
469	371	754	90	90	1637212113
469	370	750	90	90	1637212134
470	370	748	90	90	1637212145
471	370	752	90	90	1637212156
473	370	754	90	90	1637212166
475	370	758	90	90	1637212177
478	371	758	90	90	1637212188
481	372	760	90	90	1637212199
485	372	750	90	90	1637212209
490	372	750	90	90	1637212220
495	372	750	90	90	1637212231
502	371	752	90	90	1637212242
509	371	754	90	90	1637212252
516	371	760	90	90	1637212263
525	371	766	90	90	1637212274
534	372	772	90	90	1637212285
544	372	776	90	90	1637212295
554	372	778	90	90	1637212306
565	372	782	90	90	1637212317
575	372	788	90	90	1637212328
586	371	790	90	90	1637212338
596	370	794	90	90	1637212349
607	369	792	90	90	1637212360
617	368	808	90	90	1637212371
627	366	820	90	90	1637212381
636	365	818	90	90	1637212392
645	364	830	90	90	1637212403
653	363	836	90	90	1637212414
660	363	838	90	90	1637212424
665	362	844	90	90	1637212435
670	361	844	90	90	1637212446
673	361	844	90	90	1637212457
675	360	842	90	90	1637212467
677	360	755	90	90	1637212500
676	361	57	90	90	1637212521
18
539	495	242	90	90	1637213469
538	493	368	90	90	1637213480
538	489	448	90	90	1637213490
538	483	514	90	90	1637213501
537	475	552	90	90	1637213512
537	467	588	90	90	1637213523
536	458	638	90	90	1637213533
536	449	672	90	90	1637213544
535	440	702	90	90	1637213555
533	432	730	90	90	1637213566
532	424	746	90	90	1637213576
531	418	758	90	90	1637213587
530	412	772	90	90	1637213598
529	408	776	90	90	1637213609
529	405	778	90	90	1637213619
529	404	738	90	90	1637213652
529	406	476	90	90	1637213662
530	409	6	90	90	1637213684
30
536	454	314	90	90	1637213796
535	454	382	90	90	1637213806
535	455	416	90	90	1637213817
536	456	442	90	90	1637213828
538	457	458	90	90	1637213839
542	458	482	90	90	1637213849
546	459	500	90	90	1637213860
551	459	520	90	90	1637213871
556	459	536	90	90	1637213882
562	459	562	90	90	1637213892
568	459	606	90	90	1637213903
575	459	638	90	90	1637213914
583	459	682	90	90	1637213925
592	459	708	90	90	1637213935
601	459	720	90	90	1637213946
611	460	740	90	90	1637213957
621	460	760	90	90	1637213968
631	460	770	90	90	1637213978
640	459	786	90	90	1637213989
650	459	816	90	90	1637214000
658	458	866	90	90	1637214011
666	458	890	90	90	1637214021
673	458	894	90	90	1637214032
680	457	906	90	90	1637214043
685	457	912	90	90	1637214054
689	457	914	90	90	1637214064
692	457	914	90	90	1637214075
695	456	896	90	90	1637214086
696	456	748	90	90	1637214097
696	455	103	90	90	1637214118
5
1
527	520	0	90	90	1637295103
26
503	536	138	90	90	1637295265
505	537	132	90	90	1637295275
508	537	142	90	90	1637295286
512	538	148	90	90	1637295297
518	538	172	90	90	1637295308
525	537	218	90	90	1637295318
534	537	312	90	90	1637295329
545	536	376	90	90	1637295340
557	536	434	90	90	1637295351
569	535	494	90	90	1637295361
582	535	576	90	90	1637295372
597	535	650	90	90	1637295383
611	535	696	90	90	1637295394
626	535	736	90	90	1637295404
641	535	754	90	90	1637295415
655	535	782	90	90	1637295426
669	535	828	90	90	1637295437
681	536	830	90	90	1637295447
692	536	838	90	90	1637295458
701	537	844	90	90	1637295469
708	537	848	90	90	1637295480
714	537	844	90	90	1637295490
717	537	836	90	90	1637295501
719	537	786	90	90	1637295512
719	536	640	90	90	1637295523
717	536	93	90	90	1637295544
59
499	532	54	90	90	1637295890
500	527	134	90	90	1637295900
501	523	186	90	90	1637295911
501	518	246	90	90	1637295922
501	512	276	90	90	1637295933
501	505	290	90	90	1637295943
500	497	330	90	90	1637295954
499	488	372	90	90	1637295965
498	478	424	90	90	1637295976
496	468	486	90	90	1637295986
494	458	542	90	90	1637295997
493	448	580	90	90	1637296008
491	438	602	90	90	1637296019
490	427	612	90	90	1637296029
489	417	626	90	90	1637296040
487	407	638	90	90	1637296051
486	398	636	90	90	1637296062
485	389	646	90	90	1637296072
483	380	650	90	90	1637296083
482	372	650	90	90	1637296094
481	364	668	90	90	1637296105
480	358	664	90	90	1637296115
479	353	656	90	90	1637296126
478	349	662	90	90	1637296137
478	346	666	90	90	1637296148
478	344	672	90	90	1637296158
478	343	672	90	90	1637296169
479	343	672	90	90	1637296180
480	342	676	90	90	1637296191
482	342	682	90	90	1637296201
484	342	684	90	90	1637296212
487	341	688	90	90	1637296223
490	341	688	90	90	1637296234
495	342	694	90	90	1637296244
501	342	690	90	90	1637296255
507	343	692	90	90	1637296266
514	343	696	90	90	1637296277
523	343	706	90	90	1637296287
531	344	724	90	90	1637296298
541	344	734	90	90	1637296309
551	344	748	90	90	1637296320
562	344	754	90	90	1637296330
574	343	758	90	90	1637296341
586	342	760	90	90	1637296352
598	341	754	90	90	1637296363
610	339	742	90	90	1637296373
623	338	748	90	90	1637296384
635	336	760	90	90	1637296395
647	334	764	90	90	1637296406
658	332	782	90	90	1637296416
668	330	786	90	90	1637296427
678	328	804	90	90	1637296438
686	326	816	90	90	1637296449
692	325	828	90	90	1637296459
698	324	818	90	90	1637296470
702	323	824	90	90	1637296481
704	323	826	90	90	1637296492
705	323	792	90	90	1637296524
703	325	142	90	90	1637296545
19
558	478	78	90	90	1637296937
557	475	198	90	90	1637296947
557	471	314	90	90	1637296958
557	467	382	90	90	1637296969
558	461	448	90	90	1637296980
558	453	520	90	90	1637296990
558	446	562	90	90	1637297001
558	437	616	90	90	1637297012
557	428	650	90	90	1637297023
556	419	690	90	90	1637297033
555	410	730	90	90	1637297044
554	403	742	90	90	1637297055
553	396	754	90	90	1637297066
552	390	760	90	90	1637297076
551	386	772	90	90	1637297087
551	383	764	90	90	1637297098
551	382	708	90	90	1637297119
552	382	492	90	90	1637297130
554	384	6	90	90	1637297152
25
561	434	238	90	90	1637297265
559	436	480	90	90	1637297297
561	437	500	90	90	1637297308
563	437	524	90	90	1637297318
567	438	548	90	90	1637297329
573	439	574	90	90	1637297340
578	440	606	90	90	1637297351
585	440	638	90	90	1637297361
593	441	666	90	90	1637297372
602	441	698	90	90	1637297383
612	441	730	90	90	1637297394
622	441	746	90	90	1637297404
634	441	752	90	90	1637297415
646	441	770	90	90	1637297426
657	440	784	90	90	1637297437
669	439	794	90	90	1637297447
680	439	786	90	90	1637297458
689	438	808	90	90	1637297469
697	438	818	90	90	1637297480
704	438	842	90	90	1637297490
708	437	856	90	90	1637297501
712	437	862	90	90	1637297512
715	436	838	90	90	1637297523
717	436	696	90	90	1637297533
719	436	69	90	90	1637297555
5
1
563	501	0	90	90	1637380228
23
486	517	2	90	90	1637380437
485	517	50	90	90	1637380447
486	517	54	90	90	1637380458
489	517	74	90	90	1637380469
494	518	126	90	90	1637380480
502	519	176	90	90	1637380490
512	520	242	90	90	1637380501
523	520	306	90	90	1637380512
536	520	368	90	90	1637380523
550	519	420	90	90	1637380533
565	519	472	90	90	1637380544
580	519	540	90	90	1637380555
596	519	592	90	90	1637380566
611	519	636	90	90	1637380576
626	520	670	90	90	1637380587
639	520	688	90	90	1637380598
651	521	702	90	90	1637380609
660	521	714	90	90	1637380619
667	521	718	90	90	1637380630
672	521	722	90	90	1637380641
674	521	690	90	90	1637380652
674	520	608	90	90	1637380662
672	519	188	90	90	1637380684
45
491	510	90	90	90	1637381000
491	503	172	90	90	1637381010
490	497	242	90	90	1637381021
490	491	264	90	90	1637381032
489	483	274	90	90	1637381043
489	475	308	90	90	1637381053
488	466	322	90	90	1637381064
487	457	346	90	90	1637381075
485	448	386	90	90	1637381086
484	438	422	90	90	1637381096
482	429	446	90	90	1637381107
480	420	472	90	90	1637381118
479	412	482	90	90	1637381129
477	405	488	90	90	1637381139
475	397	494	90	90	1637381150
474	391	510	90	90	1637381161
472	385	514	90	90	1637381172
471	379	516	90	90	1637381182
470	374	512	90	90	1637381193
470	371	512	90	90	1637381204
471	369	520	90	90	1637381215
472	369	520	90	90	1637381225
475	368	520	90	90	1637381236
480	368	538	90	90	1637381247
486	368	542	90	90	1637381258
492	368	552	90	90	1637381268
500	369	564	90	90	1637381279
509	369	586	90	90	1637381290
520	369	618	90	90	1637381301
532	369	638	90	90	1637381311
546	370	676	90	90	1637381322
561	370	706	90	90	1637381333
576	370	728	90	90	1637381344
591	369	754	90	90	1637381354
606	367	764	90	90	1637381365
620	365	784	90	90	1637381376
633	363	790	90	90	1637381387
646	361	794	90	90	1637381397
656	359	786	90	90	1637381408
666	357	796	90	90	1637381419
673	356	796	90	90	1637381430
679	355	792	90	90	1637381440
682	355	784	90	90	1637381451
684	355	736	90	90	1637381473
683	356	212	90	90	1637381494
12
553	464	96	90	90	1637381875
552	452	246	90	90	1637381885
552	443	336	90	90	1637381896
551	435	396	90	90	1637381907
551	426	448	90	90	1637381918
551	419	486	90	90	1637381928
550	413	510	90	90	1637381939
549	408	530	90	90	1637381950
548	405	536	90	90	1637381961
548	403	542	90	90	1637381971
548	402	529	90	90	1637381993
548	404	140	90	90	1637382014
22
553	438	20	90	90	1637382125
552	440	216	90	90	1637382135
552	441	246	90	90	1637382146
553	441	272	90	90	1637382157
555	443	304	90	90	1637382168
560	445	386	90	90	1637382178
568	446	468	90	90	1637382189
577	447	540	90	90	1637382200
587	447	586	90	90	1637382211
598	445	618	90	90	1637382221
609	444	670	90	90	1637382232
621	444	728	90	90	1637382243
633	444	758	90	90	1637382254
645	443	782	90	90	1637382264
656	443	808	90	90	1637382275
666	442	826	90	90	1637382286
674	442	830	90	90	1637382297
681	441	844	90	90	1637382307
686	440	850	90	90	1637382318
689	439	850	90	90	1637382329
691	439	848	90	90	1637382340
693	438	447	90	90	1637382372
5
1
610	471	0	90	90	1637444869
21
503	515	216	90	90	1637445031
502	519	416	90	90	1637445041
504	521	412	90	90	1637445052
509	522	420	90	90	1637445063
516	522	444	90	90	1637445074
526	521	482	90	90	1637445084
538	520	528	90	90	1637445095
552	519	562	90	90	1637445106
566	518	616	90	90	1637445117
583	518	670	90	90	1637445127
600	518	730	90	90	1637445138
616	519	760	90	90	1637445149
632	521	788	90	90	1637445160
647	522	792	90	90	1637445170
660	524	802	90	90	1637445181
671	525	802	90	90	1637445192
679	526	804	90	90	1637445203
683	526	786	90	90	1637445213
685	526	712	90	90	1637445224
684	525	560	90	90	1637445235
681	524	138	90	90	1637445256
50
516	507	34	90	90	1637445437
513	511	198	90	90	1637445447
513	513	207	90	90	1637445480
514	512	222	90	90	1637445490
514	509	280	90	90	1637445501
514	504	366	90	90	1637445512
514	497	420	90	90	1637445523
514	489	472	90	90	1637445533
514	480	488	90	90	1637445544
513	470	514	90	90	1637445555
512	459	534	90	90	1637445566
511	448	554	90	90	1637445576
510	436	564	90	90	1637445587
508	425	590	90	90	1637445598
505	413	618	90	90	1637445609
502	401	634	90	90	1637445619
499	390	636	90	90	1637445630
497	380	640	90	90	1637445641
494	370	650	90	90	1637445652
492	362	664	90	90	1637445662
490	355	664	90	90	1637445673
488	349	668	90	90	1637445684
487	345	662	90	90	1637445695
487	343	667	90	90	1637445716
488	343	668	90	90	1637445727
491	343	664	90	90	1637445738
496	343	678	90	90	1637445748
502	344	684	90	90	1637445759
509	345	688	90	90	1637445770
517	346	700	90	90	1637445781
527	347	712	90	90	1637445791
538	349	734	90	90	1637445802
550	350	750	90	90	1637445813
564	351	766	90	90	1637445824
579	352	778	90	90	1637445834
594	353	794	90	90	1637445845
609	353	810	90	90	1637445856
624	353	816	90	90	1637445867
639	353	830	90	90	1637445877
653	352	848	90	90	1637445888
666	350	860	90	90	1637445899
677	347	852	90	90	1637445910
687	345	868	90	90	1637445920
695	344	878	90	90	1637445931
701	343	880	90	90	1637445942
705	343	886	90	90	1637445953
707	342	884	90	90	1637445963
708	342	854	90	90	1637445974
707	344	676	90	90	1637445985
704	345	67	90	90	1637446006
16
575	473	88	90	90	1637446281
574	471	96	90	90	1637446291
574	468	176	90	90	1637446302
574	461	304	90	90	1637446313
574	452	414	90	90	1637446324
574	442	528	90	90	1637446334
574	432	606	90	90	1637446345
573	421	650	90	90	1637446356
573	411	676	90	90	1637446367
572	402	694	90	90	1637446377
571	394	712	90	90	1637446388
570	388	720	90	90	1637446399
570	384	728	90	90	1637446410
570	383	680	90	90	1637446442
570	385	452	90	90	1637446453
571	388	24	90	90	1637446474
20
570	431	52	90	90	1637446546
569	439	240	90	90	1637446556
569	441	322	90	90	1637446567
570	443	388	90	90	1637446578
573	445	444	90	90	1637446589
577	446	496	90	90	1637446599
583	446	552	90	90	1637446610
591	446	596	90	90	1637446621
600	446	628	90	90	1637446632
611	445	652	90	90	1637446642
623	444	682	90	90	1637446653
635	443	718	90	90	1637446664
648	443	754	90	90	1637446675
663	443	778	90	90	1637446685
677	443	792	90	90	1637446696
690	443	810	90	90	1637446707
702	443	826	90	90	1637446718
713	443	818	90	90	1637446728
722	442	824	90	90	1637446739
728	441	820	90	90	1637446750
