4
1
586	533	0	90	90	1636635885
24
527	565	54	90	90	1636636187
527	558	142	90	90	1636636197
527	554	240	90	90	1636636208
527	548	314	90	90	1636636219
527	540	368	90	90	1636636230
527	533	416	90	90	1636636240
527	524	458	90	90	1636636251
526	515	510	90	90	1636636262
526	505	544	90	90	1636636273
525	495	582	90	90	1636636283
525	485	616	90	90	1636636294
525	475	626	90	90	1636636305
524	465	640	90	90	1636636316
524	455	670	90	90	1636636326
524	446	678	90	90	1636636337
524	437	690	90	90	1636636348
524	429	706	90	90	1636636359
524	422	714	90	90	1636636369
523	416	722	90	90	1636636380
523	412	724	90	90	1636636391
523	410	708	90	90	1636636402
523	409	640	90	90	1636636412
523	410	496	90	90	1636636423
524	412	72	90	90	1636636445
62
527	554	58	90	90	1636636718
526	557	138	90	90	1636636728
527	558	198	90	90	1636636750
528	558	238	90	90	1636636761
530	558	258	90	90	1636636771
532	558	280	90	90	1636636782
534	558	314	90	90	1636636793
538	558	342	90	90	1636636804
543	558	368	90	90	1636636814
549	558	396	90	90	1636636825
556	558	416	90	90	1636636836
563	558	442	90	90	1636636847
572	558	448	90	90	1636636857
581	558	458	90	90	1636636868
591	558	466	90	90	1636636879
601	558	466	90	90	1636636890
611	558	480	90	90	1636636900
621	559	490	90	90	1636636911
631	559	496	90	90	1636636922
640	559	488	90	90	1636636933
649	559	490	90	90	1636636943
657	559	494	90	90	1636636954
666	559	494	90	90	1636636965
673	559	496	90	90	1636636976
680	559	500	90	90	1636636986
686	559	496	90	90	1636636997
691	559	496	90	90	1636637008
696	559	500	90	90	1636637019
699	558	500	90	90	1636637029
701	558	500	90	90	1636637040
703	558	496	90	90	1636637051
704	558	488	90	90	1636637062
704	557	500	90	90	1636637105
704	556	534	90	90	1636637115
703	555	542	90	90	1636637126
703	554	552	90	90	1636637137
702	553	558	90	90	1636637148
702	550	564	90	90	1636637158
701	547	564	90	90	1636637169
700	543	580	90	90	1636637180
700	538	588	90	90	1636637191
700	533	600	90	90	1636637201
699	526	622	90	90	1636637212
699	519	646	90	90	1636637223
699	512	662	90	90	1636637234
698	504	684	90	90	1636637244
698	495	698	90	90	1636637255
697	487	724	90	90	1636637266
697	478	736	90	90	1636637277
697	469	746	90	90	1636637287
697	461	752	90	90	1636637298
697	453	758	90	90	1636637309
696	444	754	90	90	1636637320
695	436	770	90	90	1636637330
693	429	772	90	90	1636637341
692	422	778	90	90	1636637352
691	416	794	90	90	1636637363
690	411	792	90	90	1636637373
690	407	786	90	90	1636637384
689	404	782	90	90	1636637395
689	401	794	90	90	1636637406
689	400	507	90	90	1636637449
42
518	409	233	90	90	1636637875
519	409	276	90	90	1636637886
520	409	300	90	90	1636637896
522	409	340	90	90	1636637907
524	409	362	90	90	1636637918
527	409	388	90	90	1636637929
530	409	420	90	90	1636637939
534	409	438	90	90	1636637950
538	409	452	90	90	1636637961
543	409	472	90	90	1636637972
548	409	482	90	90	1636637982
553	408	494	90	90	1636637993
558	407	516	90	90	1636638004
564	407	530	90	90	1636638015
571	407	544	90	90	1636638025
577	407	568	90	90	1636638036
584	406	574	90	90	1636638047
591	406	588	90	90	1636638058
598	405	586	90	90	1636638068
604	405	596	90	90	1636638079
611	404	616	90	90	1636638090
617	404	616	90	90	1636638101
623	404	632	90	90	1636638111
629	403	636	90	90	1636638122
635	403	644	90	90	1636638133
640	402	646	90	90	1636638144
645	402	652	90	90	1636638154
650	401	664	90	90	1636638165
655	401	670	90	90	1636638176
659	401	664	90	90	1636638187
662	401	670	90	90	1636638197
665	401	676	90	90	1636638208
668	401	682	90	90	1636638219
671	401	688	90	90	1636638230
672	401	696	90	90	1636638240
674	402	695	90	90	1636638262
675	402	708	90	90	1636638294
676	402	723	90	90	1636638316
676	401	738	90	90	1636638348
677	401	760	90	90	1636638359
678	401	750	90	90	1636638434
679	401	103	90	90	1636638455
4
1
606	520	0	90	90	1636735806
24
536	577	88	90	90	1636736140
536	567	148	90	90	1636736150
536	560	212	90	90	1636736161
536	552	258	90	90	1636736172
536	544	332	90	90	1636736183
536	534	390	90	90	1636736193
535	524	466	90	90	1636736204
535	513	538	90	90	1636736215
535	501	574	90	90	1636736226
535	490	592	90	90	1636736236
535	480	616	90	90	1636736247
535	469	646	90	90	1636736258
535	458	666	90	90	1636736269
535	448	688	90	90	1636736279
534	439	692	90	90	1636736290
533	430	722	90	90	1636736301
533	423	724	90	90	1636736312
532	416	730	90	90	1636736322
531	411	740	90	90	1636736333
530	408	748	90	90	1636736344
530	405	746	90	90	1636736355
529	404	686	90	90	1636736376
529	407	420	90	90	1636736387
529	411	6	90	90	1636736408
69
529	567	74	90	90	1636736687
529	570	126	90	90	1636736697
530	570	144	90	90	1636736708
532	570	168	90	90	1636736719
535	570	194	90	90	1636736730
538	570	250	90	90	1636736740
543	570	284	90	90	1636736751
547	570	330	90	90	1636736762
553	570	362	90	90	1636736773
559	570	410	90	90	1636736783
565	570	444	90	90	1636736794
573	571	472	90	90	1636736805
581	572	486	90	90	1636736816
589	573	490	90	90	1636736826
599	574	506	90	90	1636736837
609	575	520	90	90	1636736848
618	576	524	90	90	1636736859
628	576	534	90	90	1636736869
638	577	536	90	90	1636736880
647	577	554	90	90	1636736891
656	578	562	90	90	1636736902
665	578	570	90	90	1636736912
674	578	592	90	90	1636736923
682	578	600	90	90	1636736934
689	578	596	90	90	1636736945
696	578	596	90	90	1636736955
702	578	592	90	90	1636736966
707	578	580	90	90	1636736977
712	578	576	90	90	1636736988
715	578	576	90	90	1636736998
718	578	574	90	90	1636737009
719	577	574	90	90	1636737020
720	577	566	90	90	1636737041
721	576	564	90	90	1636737063
721	575	566	90	90	1636737084
720	573	580	90	90	1636737095
720	572	586	90	90	1636737106
720	569	592	90	90	1636737117
719	566	600	90	90	1636737127
718	562	616	90	90	1636737138
718	557	618	90	90	1636737149
717	553	616	90	90	1636737160
716	547	638	90	90	1636737170
715	541	672	90	90	1636737181
714	534	700	90	90	1636737192
713	527	702	90	90	1636737203
712	520	728	90	90	1636737213
711	512	748	90	90	1636737224
710	505	752	90	90	1636737235
709	497	794	90	90	1636737246
709	489	808	90	90	1636737256
708	481	816	90	90	1636737267
707	474	844	90	90	1636737278
707	465	850	90	90	1636737289
707	457	856	90	90	1636737299
707	449	862	90	90	1636737310
707	442	862	90	90	1636737321
707	435	856	90	90	1636737332
706	429	856	90	90	1636737342
706	423	856	90	90	1636737353
705	418	860	90	90	1636737364
704	414	862	90	90	1636737375
704	411	868	90	90	1636737385
703	409	874	90	90	1636737396
702	408	880	90	90	1636737407
701	407	868	90	90	1636737418
700	407	816	90	90	1636737428
699	407	606	90	90	1636737439
696	408	6	90	90	1636737461
40
522	405	40	90	90	1636737781
522	406	94	90	90	1636737802
524	406	194	90	90	1636737813
526	406	272	90	90	1636737824
530	407	326	90	90	1636737834
534	408	356	90	90	1636737845
539	408	376	90	90	1636737856
543	408	388	90	90	1636737867
548	408	406	90	90	1636737877
554	409	420	90	90	1636737888
560	409	442	90	90	1636737899
566	409	466	90	90	1636737910
572	409	476	90	90	1636737920
579	409	488	90	90	1636737931
586	409	506	90	90	1636737942
593	409	518	90	90	1636737953
599	409	540	90	90	1636737963
606	409	544	90	90	1636737974
613	409	562	90	90	1636737985
620	409	564	90	90	1636737996
626	409	574	90	90	1636738006
633	410	582	90	90	1636738017
639	410	590	90	90	1636738028
644	410	602	90	90	1636738039
650	410	616	90	90	1636738049
655	410	616	90	90	1636738060
659	410	628	90	90	1636738071
663	410	638	90	90	1636738082
667	410	656	90	90	1636738092
671	410	670	90	90	1636738103
675	410	672	90	90	1636738114
678	410	690	90	90	1636738125
682	410	692	90	90	1636738135
684	410	706	90	90	1636738146
687	410	718	90	90	1636738157
689	409	728	90	90	1636738168
691	409	720	90	90	1636738178
692	409	730	90	90	1636738189
694	409	740	90	90	1636738200
695	409	721	90	90	1636738340
4
1
585	430	0	90	90	1636893431
22
511	552	52	90	90	1636893734
510	546	184	90	90	1636893744
510	539	282	90	90	1636893755
509	530	340	90	90	1636893766
509	520	390	90	90	1636893777
509	508	442	90	90	1636893787
509	497	488	90	90	1636893798
509	485	536	90	90	1636893809
508	472	588	90	90	1636893820
508	459	644	90	90	1636893830
507	445	678	90	90	1636893841
506	432	692	90	90	1636893852
506	419	724	90	90	1636893863
506	408	736	90	90	1636893873
505	397	748	90	90	1636893884
505	389	746	90	90	1636893895
505	381	742	90	90	1636893906
505	376	752	90	90	1636893916
505	372	746	90	90	1636893927
505	371	656	90	90	1636893949
506	372	466	90	90	1636893959
508	375	74	90	90	1636893981
72
507	544	54	90	90	1636894281
508	547	138	90	90	1636894291
508	548	190	90	90	1636894302
509	548	218	90	90	1636894313
510	548	246	90	90	1636894324
512	548	264	90	90	1636894334
515	548	280	90	90	1636894345
520	548	308	90	90	1636894356
526	548	310	90	90	1636894367
532	548	318	90	90	1636894377
539	548	322	90	90	1636894388
547	549	330	90	90	1636894399
556	549	344	90	90	1636894410
565	550	340	90	90	1636894420
575	550	350	90	90	1636894431
585	550	362	90	90	1636894442
596	550	362	90	90	1636894453
607	551	386	90	90	1636894463
619	551	396	90	90	1636894474
631	552	394	90	90	1636894485
642	552	400	90	90	1636894496
652	552	400	90	90	1636894506
662	552	404	90	90	1636894517
672	552	410	90	90	1636894528
681	553	420	90	90	1636894539
689	553	422	90	90	1636894549
697	554	414	90	90	1636894560
705	554	416	90	90	1636894571
711	555	424	90	90	1636894582
717	556	424	90	90	1636894592
721	556	424	90	90	1636894603
725	556	420	90	90	1636894614
727	556	416	90	90	1636894625
728	556	414	90	90	1636894635
729	556	418	90	90	1636894668
729	555	422	90	90	1636894678
729	554	434	90	90	1636894689
728	553	448	90	90	1636894700
728	550	468	90	90	1636894711
727	547	482	90	90	1636894721
726	543	510	90	90	1636894732
725	538	534	90	90	1636894743
724	533	568	90	90	1636894754
723	527	600	90	90	1636894764
722	521	638	90	90	1636894775
722	514	668	90	90	1636894786
721	507	690	90	90	1636894797
720	500	724	90	90	1636894807
720	492	740	90	90	1636894818
719	484	758	90	90	1636894829
718	476	758	90	90	1636894840
718	468	776	90	90	1636894850
717	460	784	90	90	1636894861
716	451	802	90	90	1636894872
715	442	816	90	90	1636894883
714	433	822	90	90	1636894893
713	424	822	90	90	1636894904
712	415	820	90	90	1636894915
711	406	826	90	90	1636894926
709	397	830	90	90	1636894936
708	388	836	90	90	1636894947
706	380	836	90	90	1636894958
704	372	838	90	90	1636894969
702	364	842	90	90	1636894979
699	357	844	90	90	1636894990
697	351	854	90	90	1636895001
695	347	860	90	90	1636895012
694	344	860	90	90	1636895022
693	343	862	90	90	1636895033
692	343	830	90	90	1636895044
690	343	722	90	90	1636895055
689	343	156	90	90	1636895076
36
500	370	44	90	90	1636895500
503	368	78	90	90	1636895510
505	368	118	90	90	1636895521
508	369	174	90	90	1636895532
511	370	226	90	90	1636895543
515	371	282	90	90	1636895553
520	372	310	90	90	1636895564
525	373	340	90	90	1636895575
530	373	372	90	90	1636895586
535	373	394	90	90	1636895596
540	372	438	90	90	1636895607
546	371	472	90	90	1636895618
553	370	492	90	90	1636895629
560	369	500	90	90	1636895639
568	368	520	90	90	1636895650
576	368	528	90	90	1636895661
585	368	538	90	90	1636895672
593	368	558	90	90	1636895682
602	368	576	90	90	1636895693
611	368	606	90	90	1636895704
620	369	622	90	90	1636895715
628	369	644	90	90	1636895725
637	369	656	90	90	1636895736
645	369	682	90	90	1636895747
652	369	708	90	90	1636895758
660	369	724	90	90	1636895768
666	368	748	90	90	1636895779
672	368	752	90	90	1636895790
677	368	764	90	90	1636895801
682	368	770	90	90	1636895811
685	368	778	90	90	1636895822
689	368	784	90	90	1636895833
691	368	788	90	90	1636895844
693	368	794	90	90	1636895854
695	368	794	90	90	1636895887
695	367	554	90	90	1636895962
4
1
571	566	0	90	90	1636975681
24
530	595	36	90	90	1636975953
530	591	112	90	90	1636975963
530	586	220	90	90	1636975974
529	581	298	90	90	1636975985
528	574	366	90	90	1636975996
528	566	420	90	90	1636976006
528	557	446	90	90	1636976017
528	548	490	90	90	1636976028
527	538	542	90	90	1636976039
527	527	588	90	90	1636976049
527	516	622	90	90	1636976060
526	504	670	90	90	1636976071
525	493	696	90	90	1636976082
524	482	730	90	90	1636976092
524	472	730	90	90	1636976103
523	462	740	90	90	1636976114
522	453	748	90	90	1636976125
521	445	760	90	90	1636976135
520	438	758	90	90	1636976146
519	433	770	90	90	1636976157
518	428	772	90	90	1636976168
518	426	750	90	90	1636976178
518	425	626	90	90	1636976200
519	427	109	90	90	1636976221
70
525	580	24	90	90	1636976453
526	583	88	90	90	1636976463
528	584	138	90	90	1636976474
529	586	168	90	90	1636976485
531	587	184	90	90	1636976496
533	588	216	90	90	1636976506
535	588	246	90	90	1636976517
537	588	280	90	90	1636976528
540	588	298	90	90	1636976539
543	587	326	90	90	1636976549
547	586	342	90	90	1636976560
553	585	378	90	90	1636976571
559	584	412	90	90	1636976582
567	584	438	90	90	1636976592
576	584	468	90	90	1636976603
585	584	482	90	90	1636976614
594	584	494	90	90	1636976625
604	584	520	90	90	1636976635
614	584	538	90	90	1636976646
626	585	542	90	90	1636976657
637	585	552	90	90	1636976668
648	586	564	90	90	1636976678
659	586	570	90	90	1636976689
670	587	580	90	90	1636976700
680	587	582	90	90	1636976711
688	587	588	90	90	1636976721
696	587	588	90	90	1636976732
703	586	592	90	90	1636976743
709	585	592	90	90	1636976754
714	585	586	90	90	1636976764
719	584	586	90	90	1636976775
722	583	592	90	90	1636976786
725	582	588	90	90	1636976797
727	582	588	90	90	1636976807
728	581	588	90	90	1636976818
729	580	585	90	90	1636976840
729	579	574	90	90	1636976850
729	578	568	90	90	1636976861
729	577	564	90	90	1636976872
729	576	570	90	90	1636976883
728	573	582	90	90	1636976893
728	569	590	90	90	1636976904
727	565	610	90	90	1636976915
726	560	642	90	90	1636976926
726	554	650	90	90	1636976936
725	548	670	90	90	1636976947
725	541	698	90	90	1636976958
724	535	730	90	90	1636976969
723	527	748	90	90	1636976979
722	519	770	90	90	1636976990
720	511	786	90	90	1636977001
719	502	820	90	90	1636977012
718	493	820	90	90	1636977022
717	484	832	90	90	1636977033
716	476	850	90	90	1636977044
714	467	852	90	90	1636977055
713	458	872	90	90	1636977065
712	449	878	90	90	1636977076
710	441	878	90	90	1636977087
709	433	880	90	90	1636977098
707	426	878	90	90	1636977108
704	419	878	90	90	1636977119
702	414	886	90	90	1636977130
700	409	886	90	90	1636977141
698	406	884	90	90	1636977151
696	403	886	90	90	1636977162
695	402	884	90	90	1636977173
694	402	866	90	90	1636977184
693	402	734	90	90	1636977194
691	402	109	90	90	1636977216
52
508	425	148	90	90	1636977562
507	425	163	90	90	1636977583
508	425	194	90	90	1636977594
509	425	246	90	90	1636977605
510	425	286	90	90	1636977615
512	425	336	90	90	1636977626
515	426	386	90	90	1636977637
518	427	412	90	90	1636977648
522	427	420	90	90	1636977658
526	427	438	90	90	1636977669
530	427	452	90	90	1636977680
535	427	468	90	90	1636977691
540	426	472	90	90	1636977701
545	426	490	90	90	1636977712
551	425	488	90	90	1636977723
556	425	510	90	90	1636977734
562	425	524	90	90	1636977744
568	425	544	90	90	1636977755
574	425	554	90	90	1636977766
581	425	562	90	90	1636977777
588	425	570	90	90	1636977787
595	425	574	90	90	1636977798
602	425	582	90	90	1636977809
609	425	592	90	90	1636977820
615	425	592	90	90	1636977830
620	425	610	90	90	1636977841
626	425	644	90	90	1636977852
631	425	668	90	90	1636977863
637	425	676	90	90	1636977873
642	425	694	90	90	1636977884
647	426	700	90	90	1636977895
652	426	692	90	90	1636977906
657	426	692	90	90	1636977916
662	425	698	90	90	1636977927
666	425	706	90	90	1636977938
670	424	706	90	90	1636977949
674	424	708	90	90	1636977959
677	423	712	90	90	1636977970
680	423	718	90	90	1636977981
683	423	730	90	90	1636977992
685	422	736	90	90	1636978002
688	422	754	90	90	1636978013
690	421	754	90	90	1636978024
691	421	764	90	90	1636978035
692	421	778	90	90	1636978045
693	421	805	90	90	1636978067
694	421	844	90	90	1636978078
695	421	863	90	90	1636978110
696	421	868	90	90	1636978121
696	422	836	90	90	1636978174
696	421	592	90	90	1636978185
696	420	110	90	90	1636978207
4
1
543	533	0	90	90	1637065056
26
541	577	78	90	90	1637065255
541	576	186	90	90	1637065266
541	574	264	90	90	1637065277
541	571	340	90	90	1637065287
541	567	394	90	90	1637065298
541	562	448	90	90	1637065309
541	556	496	90	90	1637065320
540	548	534	90	90	1637065330
540	538	570	90	90	1637065341
539	526	610	90	90	1637065352
538	515	650	90	90	1637065363
538	503	694	90	90	1637065373
537	491	718	90	90	1637065384
537	479	740	90	90	1637065395
537	468	754	90	90	1637065406
537	457	784	90	90	1637065416
537	447	792	90	90	1637065427
537	438	798	90	90	1637065438
537	431	816	90	90	1637065449
537	424	828	90	90	1637065459
537	419	826	90	90	1637065470
536	416	822	90	90	1637065481
536	414	786	90	90	1637065492
536	413	740	90	90	1637065502
535	414	592	90	90	1637065513
535	417	130	90	90	1637065535
65
540	566	144	90	90	1637065796
539	569	212	90	90	1637065806
539	570	298	90	90	1637065839
540	570	318	90	90	1637065849
541	570	330	90	90	1637065860
544	570	334	90	90	1637065871
547	570	368	90	90	1637065882
551	570	396	90	90	1637065892
556	570	410	90	90	1637065903
562	570	424	90	90	1637065914
568	570	448	90	90	1637065925
576	570	456	90	90	1637065935
583	570	472	90	90	1637065946
592	570	480	90	90	1637065957
601	571	496	90	90	1637065968
611	571	490	90	90	1637065978
621	572	496	90	90	1637065989
631	572	506	90	90	1637066000
641	573	514	90	90	1637066011
651	573	520	90	90	1637066021
661	574	518	90	90	1637066032
670	574	528	90	90	1637066043
678	574	530	90	90	1637066054
686	574	528	90	90	1637066064
693	574	528	90	90	1637066075
700	574	530	90	90	1637066086
706	574	530	90	90	1637066097
711	574	528	90	90	1637066107
716	574	530	90	90	1637066118
719	574	530	90	90	1637066129
722	574	530	90	90	1637066140
723	573	528	90	90	1637066150
724	572	524	90	90	1637066161
724	571	528	90	90	1637066172
724	570	536	90	90	1637066183
724	568	568	90	90	1637066193
723	566	580	90	90	1637066204
723	564	590	90	90	1637066215
722	560	612	90	90	1637066226
721	556	612	90	90	1637066236
720	552	618	90	90	1637066247
720	547	642	90	90	1637066258
719	541	656	90	90	1637066269
718	535	670	90	90	1637066279
717	528	678	90	90	1637066290
716	521	708	90	90	1637066301
715	513	724	90	90	1637066312
715	505	754	90	90	1637066322
714	498	778	90	90	1637066333
713	490	792	90	90	1637066344
713	482	814	90	90	1637066355
712	474	824	90	90	1637066365
711	466	838	90	90	1637066376
711	457	850	90	90	1637066387
710	449	862	90	90	1637066398
709	442	852	90	90	1637066408
708	434	866	90	90	1637066419
707	428	862	90	90	1637066430
706	423	856	90	90	1637066441
705	418	860	90	90	1637066451
705	415	862	90	90	1637066462
704	412	868	90	90	1637066473
704	411	860	90	90	1637066484
703	410	754	90	90	1637066494
702	410	161	90	90	1637066516
55
530	416	277	90	90	1637066885
531	417	368	90	90	1637066896
532	418	420	90	90	1637066907
534	418	448	90	90	1637066918
537	419	466	90	90	1637066928
540	419	482	90	90	1637066939
543	419	490	90	90	1637066950
547	419	516	90	90	1637066961
551	419	534	90	90	1637066971
556	419	542	90	90	1637066982
561	419	562	90	90	1637066993
566	419	564	90	90	1637067004
571	418	576	90	90	1637067014
576	418	588	90	90	1637067025
581	417	600	90	90	1637067036
587	417	618	90	90	1637067047
592	416	632	90	90	1637067057
597	416	644	90	90	1637067068
602	416	668	90	90	1637067079
607	416	666	90	90	1637067090
612	415	678	90	90	1637067100
617	415	696	90	90	1637067111
621	414	698	90	90	1637067122
626	414	714	90	90	1637067133
631	414	720	90	90	1637067143
635	414	736	90	90	1637067154
639	414	746	90	90	1637067165
644	414	748	90	90	1637067176
648	414	754	90	90	1637067186
652	414	758	90	90	1637067197
656	414	758	90	90	1637067208
660	414	752	90	90	1637067219
663	414	766	90	90	1637067229
665	413	782	90	90	1637067240
668	413	788	90	90	1637067251
671	413	784	90	90	1637067262
673	412	796	90	90	1637067272
676	412	798	90	90	1637067283
679	412	808	90	90	1637067294
681	412	814	90	90	1637067305
683	412	816	90	90	1637067315
686	411	816	90	90	1637067326
687	411	820	90	90	1637067337
689	411	826	90	90	1637067348
690	411	826	90	90	1637067358
691	411	826	90	90	1637067369
692	411	828	90	90	1637067380
693	411	818	90	90	1637067391
694	411	820	90	90	1637067401
696	411	826	90	90	1637067412
697	411	833	90	90	1637067434
698	411	842	90	90	1637067444
699	411	862	90	90	1637067520
700	411	884	90	90	1637067530
701	412	723	90	90	1637067638
4
1
578	448	0	90	90	1637148713
24
494	584	2	90	90	1637149109
494	579	88	90	90	1637149119
494	575	144	90	90	1637149130
494	569	172	90	90	1637149141
493	562	218	90	90	1637149152
493	554	276	90	90	1637149162
492	544	356	90	90	1637149173
491	533	442	90	90	1637149184
490	522	506	90	90	1637149195
490	510	560	90	90	1637149205
489	498	612	90	90	1637149216
488	487	644	90	90	1637149227
488	476	668	90	90	1637149238
488	466	678	90	90	1637149248
488	456	696	90	90	1637149259
488	447	714	90	90	1637149270
488	439	722	90	90	1637149281
488	432	728	90	90	1637149291
488	426	728	90	90	1637149302
488	421	736	90	90	1637149313
487	417	736	90	90	1637149324
487	414	736	90	90	1637149334
487	413	660	90	90	1637149367
487	415	140	90	90	1637149388
67
492	577	70	90	90	1637149625
492	581	168	90	90	1637149635
492	583	236	90	90	1637149646
492	584	264	90	90	1637149657
493	584	282	90	90	1637149668
495	584	276	90	90	1637149678
498	584	286	90	90	1637149689
503	583	308	90	90	1637149700
508	583	314	90	90	1637149711
514	583	340	90	90	1637149721
520	583	356	90	90	1637149732
527	583	376	90	90	1637149743
535	582	394	90	90	1637149754
544	582	420	90	90	1637149764
553	582	424	90	90	1637149775
563	581	442	90	90	1637149786
573	581	452	90	90	1637149797
583	581	468	90	90	1637149807
594	581	472	90	90	1637149818
604	581	490	90	90	1637149829
615	581	494	90	90	1637149840
625	581	510	90	90	1637149850
635	581	520	90	90	1637149861
644	581	512	90	90	1637149872
653	581	520	90	90	1637149883
661	581	530	90	90	1637149893
669	581	534	90	90	1637149904
676	581	538	90	90	1637149915
683	581	540	90	90	1637149926
689	581	538	90	90	1637149936
694	581	534	90	90	1637149947
698	581	534	90	90	1637149958
701	580	534	90	90	1637149969
704	580	528	90	90	1637149979
705	579	518	90	90	1637149990
706	578	510	90	90	1637150001
707	578	496	90	90	1637150012
707	577	510	90	90	1637150022
707	575	524	90	90	1637150033
707	573	542	90	90	1637150044
707	570	564	90	90	1637150055
707	566	570	90	90	1637150065
706	562	586	90	90	1637150076
705	557	602	90	90	1637150087
704	551	606	90	90	1637150098
703	544	618	90	90	1637150108
702	537	636	90	90	1637150119
701	529	670	90	90	1637150130
700	520	700	90	90	1637150141
699	511	724	90	90	1637150151
697	501	760	90	90	1637150162
696	491	782	90	90	1637150173
695	482	796	90	90	1637150184
693	472	820	90	90	1637150194
692	462	824	90	90	1637150205
691	453	830	90	90	1637150216
691	444	832	90	90	1637150227
689	435	844	90	90	1637150237
688	428	737	90	90	1637150259
686	410	638	90	90	1637150270
684	404	636	90	90	1637150280
683	399	640	90	90	1637150291
681	395	640	90	90	1637150302
680	392	564	90	90	1637150313
679	391	727	90	90	1637150334
676	389	666	90	90	1637150345
674	389	165	90	90	1637150366
49
487	414	154	90	90	1637150734
486	415	376	90	90	1637150787
488	415	410	90	90	1637150798
490	415	416	90	90	1637150809
493	416	422	90	90	1637150820
497	416	420	90	90	1637150830
501	416	430	90	90	1637150841
506	416	448	90	90	1637150852
512	416	462	90	90	1637150863
517	416	472	90	90	1637150873
524	415	492	90	90	1637150884
531	414	496	90	90	1637150895
537	414	518	90	90	1637150906
544	413	536	90	90	1637150916
551	412	568	90	90	1637150927
558	412	586	90	90	1637150938
566	412	602	90	90	1637150949
573	412	610	90	90	1637150959
579	412	622	90	90	1637150970
586	411	638	90	90	1637150981
593	411	638	90	90	1637150992
599	411	652	90	90	1637151002
606	411	664	90	90	1637151013
612	411	670	90	90	1637151024
617	411	664	90	90	1637151035
623	411	670	90	90	1637151045
628	411	672	90	90	1637151056
632	411	676	90	90	1637151067
637	411	684	90	90	1637151078
640	410	690	90	90	1637151088
644	410	694	90	90	1637151099
647	410	694	90	90	1637151110
650	409	694	90	90	1637151121
653	408	696	90	90	1637151131
656	408	700	90	90	1637151142
658	407	690	90	90	1637151153
661	406	694	90	90	1637151164
663	406	684	90	90	1637151174
665	406	688	90	90	1637151185
668	405	694	90	90	1637151196
670	405	700	90	90	1637151207
672	404	692	90	90	1637151217
674	404	708	90	90	1637151228
676	404	728	90	90	1637151239
677	404	734	90	90	1637151250
678	404	746	90	90	1637151260
678	403	758	90	90	1637151282
679	403	796	90	90	1637151325
680	403	600	90	90	1637151400
4
1
579	542	0	90	90	1637233478
31
508	599	50	90	90	1637233765
508	601	147	90	90	1637233786
508	600	182	90	90	1637233797
509	599	232	90	90	1637233808
509	596	286	90	90	1637233818
509	592	332	90	90	1637233829
510	586	346	90	90	1637233840
510	580	396	90	90	1637233851
510	572	462	90	90	1637233861
510	563	510	90	90	1637233872
510	554	544	90	90	1637233883
510	543	588	90	90	1637233894
509	532	626	90	90	1637233904
508	521	644	90	90	1637233915
508	509	670	90	90	1637233926
507	497	698	90	90	1637233937
507	485	728	90	90	1637233947
507	473	748	90	90	1637233958
507	462	750	90	90	1637233969
507	451	770	90	90	1637233980
507	441	784	90	90	1637233990
507	432	794	90	90	1637234001
507	424	786	90	90	1637234012
506	417	804	90	90	1637234023
506	411	814	90	90	1637234033
505	406	816	90	90	1637234044
504	404	808	90	90	1637234055
504	403	788	90	90	1637234066
504	404	700	90	90	1637234076
504	407	518	90	90	1637234087
504	412	71	90	90	1637234109
74
504	591	50	90	90	1637234375
504	593	130	90	90	1637234385
505	594	180	90	90	1637234396
506	595	226	90	90	1637234407
507	596	246	90	90	1637234418
509	596	282	90	90	1637234428
512	597	300	90	90	1637234439
515	597	326	90	90	1637234450
518	597	356	90	90	1637234461
523	596	390	90	90	1637234471
528	596	412	90	90	1637234482
533	596	444	90	90	1637234493
539	596	472	90	90	1637234504
545	596	480	90	90	1637234514
553	596	490	90	90	1637234525
562	597	506	90	90	1637234536
570	598	514	90	90	1637234547
579	598	520	90	90	1637234557
588	598	530	90	90	1637234568
596	599	538	90	90	1637234579
605	599	540	90	90	1637234590
613	599	544	90	90	1637234600
622	599	536	90	90	1637234611
631	599	542	90	90	1637234622
640	599	544	90	90	1637234633
649	599	544	90	90	1637234643
657	599	548	90	90	1637234654
665	599	552	90	90	1637234665
673	599	554	90	90	1637234676
679	599	554	90	90	1637234686
685	599	568	90	90	1637234697
690	599	564	90	90	1637234708
695	599	564	90	90	1637234719
699	599	564	90	90	1637234729
701	600	564	90	90	1637234740
703	600	562	90	90	1637234751
704	600	559	90	90	1637234805
704	599	561	90	90	1637234826
704	598	564	90	90	1637234837
704	597	570	90	90	1637234848
704	595	574	90	90	1637234858
704	592	586	90	90	1637234869
704	588	596	90	90	1637234880
704	584	618	90	90	1637234891
703	579	626	90	90	1637234901
703	574	650	90	90	1637234912
702	568	690	90	90	1637234923
702	562	728	90	90	1637234934
702	555	740	90	90	1637234944
701	549	752	90	90	1637234955
700	541	764	90	90	1637234966
700	534	776	90	90	1637234977
699	526	782	90	90	1637234987
698	518	788	90	90	1637234998
697	509	782	90	90	1637235009
696	501	808	90	90	1637235020
696	493	826	90	90	1637235030
694	485	824	90	90	1637235041
693	477	842	90	90	1637235052
692	469	854	90	90	1637235063
690	461	852	90	90	1637235073
689	453	866	90	90	1637235084
688	445	866	90	90	1637235095
687	438	878	90	90	1637235106
685	431	880	90	90	1637235116
684	425	880	90	90	1637235127
683	420	890	90	90	1637235138
682	415	896	90	90	1637235149
681	410	898	90	90	1637235159
680	407	892	90	90	1637235170
679	405	886	90	90	1637235181
678	404	860	90	90	1637235192
677	404	788	90	90	1637235202
676	404	253	90	90	1637235224
44
499	408	294	90	90	1637235574
500	408	392	90	90	1637235584
502	408	416	90	90	1637235595
504	409	430	90	90	1637235606
508	410	466	90	90	1637235617
511	410	492	90	90	1637235627
515	410	520	90	90	1637235638
519	410	534	90	90	1637235649
524	410	536	90	90	1637235660
528	410	548	90	90	1637235670
533	410	562	90	90	1637235681
538	410	564	90	90	1637235692
544	410	576	90	90	1637235703
549	409	592	90	90	1637235713
555	409	606	90	90	1637235724
561	409	616	90	90	1637235735
567	409	642	90	90	1637235746
573	409	658	90	90	1637235756
579	409	678	90	90	1637235767
585	409	690	90	90	1637235778
591	409	702	90	90	1637235789
597	409	714	90	90	1637235799
603	409	724	90	90	1637235810
609	409	730	90	90	1637235821
614	409	720	90	90	1637235832
619	409	724	90	90	1637235842
625	409	730	90	90	1637235853
630	408	734	90	90	1637235864
634	408	740	90	90	1637235875
639	408	748	90	90	1637235885
643	408	758	90	90	1637235896
647	408	752	90	90	1637235907
651	408	766	90	90	1637235918
655	408	782	90	90	1637235928
658	407	794	90	90	1637235939
661	407	796	90	90	1637235950
664	407	816	90	90	1637235961
666	407	818	90	90	1637235971
668	407	826	90	90	1637235982
670	407	832	90	90	1637235993
671	407	836	90	90	1637236004
672	407	838	90	90	1637236014
673	407	856	90	90	1637236133
673	408	17	90	90	1637236154
4
1
532	492	0	90	90	1637320588
27
488	558	58	90	90	1637320875
488	556	92	90	90	1637320886
488	554	138	90	90	1637320896
488	549	172	90	90	1637320907
487	543	220	90	90	1637320918
487	537	250	90	90	1637320929
487	529	258	90	90	1637320939
486	521	276	90	90	1637320950
486	512	300	90	90	1637320961
486	503	332	90	90	1637320972
487	493	386	90	90	1637320982
488	482	448	90	90	1637320993
489	470	496	90	90	1637321004
489	458	544	90	90	1637321015
490	445	588	90	90	1637321025
490	433	618	90	90	1637321036
491	421	640	90	90	1637321047
491	410	662	90	90	1637321058
492	399	688	90	90	1637321068
492	389	696	90	90	1637321079
492	380	690	90	90	1637321090
492	373	702	90	90	1637321101
492	367	712	90	90	1637321111
492	362	708	90	90	1637321122
492	360	653	90	90	1637321144
492	362	472	90	90	1637321154
492	365	48	90	90	1637321176
62
483	552	148	90	90	1637321437
482	555	270	90	90	1637321469
483	555	280	90	90	1637321480
486	554	290	90	90	1637321490
490	554	304	90	90	1637321501
494	554	314	90	90	1637321512
500	554	310	90	90	1637321523
507	554	330	90	90	1637321533
515	554	340	90	90	1637321544
524	555	356	90	90	1637321555
534	555	362	90	90	1637321566
544	556	390	90	90	1637321576
556	557	396	90	90	1637321587
568	558	404	90	90	1637321598
581	560	412	90	90	1637321609
593	561	420	90	90	1637321619
605	563	422	90	90	1637321630
617	564	420	90	90	1637321641
628	565	428	90	90	1637321652
637	566	428	90	90	1637321662
647	566	430	90	90	1637321673
655	567	430	90	90	1637321684
663	567	430	90	90	1637321695
670	567	430	90	90	1637321705
675	566	434	90	90	1637321716
681	566	434	90	90	1637321727
685	565	434	90	90	1637321738
688	564	428	90	90	1637321748
690	563	428	90	90	1637321759
692	561	428	90	90	1637321770
694	559	430	90	90	1637321781
695	557	416	90	90	1637321791
696	555	416	90	90	1637321802
696	551	422	90	90	1637321813
696	547	424	90	90	1637321824
696	542	448	90	90	1637321834
696	537	462	90	90	1637321845
695	530	480	90	90	1637321856
695	523	516	90	90	1637321867
695	515	536	90	90	1637321877
694	507	564	90	90	1637321888
694	499	618	90	90	1637321899
694	491	644	90	90	1637321910
694	482	666	90	90	1637321920
693	472	694	90	90	1637321931
693	462	712	90	90	1637321942
693	453	724	90	90	1637321953
692	443	746	90	90	1637321963
692	434	758	90	90	1637321974
691	425	782	90	90	1637321985
691	416	792	90	90	1637321996
690	408	804	90	90	1637322006
689	400	814	90	90	1637322017
688	393	822	90	90	1637322028
687	386	826	90	90	1637322039
686	381	822	90	90	1637322049
685	376	822	90	90	1637322060
685	373	822	90	90	1637322071
684	371	814	90	90	1637322082
684	370	790	90	90	1637322092
683	370	638	90	90	1637322103
681	371	63	90	90	1637322125
43
484	367	92	90	90	1637322406
481	367	178	90	90	1637322416
480	368	310	90	90	1637322438
481	368	352	90	90	1637322449
483	368	382	90	90	1637322459
486	370	420	90	90	1637322470
490	370	434	90	90	1637322481
495	371	444	90	90	1637322492
501	372	448	90	90	1637322502
508	372	458	90	90	1637322513
514	373	466	90	90	1637322524
522	373	466	90	90	1637322535
530	373	490	90	90	1637322545
538	373	500	90	90	1637322556
546	373	518	90	90	1637322567
555	373	538	90	90	1637322578
563	373	536	90	90	1637322588
572	372	548	90	90	1637322599
581	372	568	90	90	1637322610
590	372	570	90	90	1637322621
599	371	580	90	90	1637322631
607	371	586	90	90	1637322642
616	370	600	90	90	1637322653
623	370	606	90	90	1637322664
631	370	618	90	90	1637322674
639	370	622	90	90	1637322685
646	370	632	90	90	1637322696
652	370	642	90	90	1637322707
658	369	640	90	90	1637322717
664	369	664	90	90	1637322728
668	368	670	90	90	1637322739
672	368	684	90	90	1637322750
676	368	692	90	90	1637322760
679	367	702	90	90	1637322771
682	367	714	90	90	1637322782
684	367	720	90	90	1637322793
686	367	742	90	90	1637322803
687	367	790	90	90	1637322846
687	368	860	90	90	1637322857
686	368	826	90	90	1637322868
684	368	760	90	90	1637322879
683	368	530	90	90	1637322889
681	368	6	90	90	1637322911
4
1
520	386	0	90	90	1637398297
22
510	549	16	90	90	1637399046
509	539	92	90	90	1637399056
508	533	138	90	90	1637399067
508	525	194	90	90	1637399078
508	516	276	90	90	1637399089
507	506	352	90	90	1637399099
507	495	420	90	90	1637399110
507	484	456	90	90	1637399121
507	473	490	90	90	1637399132
506	461	538	90	90	1637399142
506	450	576	90	90	1637399153
505	439	610	90	90	1637399164
505	429	652	90	90	1637399175
505	419	682	90	90	1637399185
505	410	702	90	90	1637399196
505	403	718	90	90	1637399207
505	395	724	90	90	1637399218
505	389	724	90	90	1637399228
505	385	724	90	90	1637399239
504	381	722	90	90	1637399250
504	379	625	90	90	1637399271
504	380	189	90	90	1637399293
65
504	538	95	90	90	1637399603
505	539	92	90	90	1637399614
507	539	100	90	90	1637399625
510	539	112	90	90	1637399636
513	539	138	90	90	1637399646
518	539	162	90	90	1637399657
524	539	184	90	90	1637399668
529	539	204	90	90	1637399679
536	540	220	90	90	1637399689
543	540	216	90	90	1637399700
550	540	226	90	90	1637399711
558	540	246	90	90	1637399722
566	540	240	90	90	1637399732
575	540	250	90	90	1637399743
584	540	268	90	90	1637399754
593	540	274	90	90	1637399765
603	540	290	90	90	1637399775
613	540	308	90	90	1637399786
622	540	314	90	90	1637399797
632	540	310	90	90	1637399808
642	541	314	90	90	1637399818
651	541	318	90	90	1637399829
661	541	318	90	90	1637399840
669	542	318	90	90	1637399851
677	542	322	90	90	1637399861
685	542	326	90	90	1637399872
692	542	326	90	90	1637399883
699	542	326	90	90	1637399894
704	543	330	90	90	1637399904
709	543	332	90	90	1637399915
713	543	332	90	90	1637399926
716	543	332	90	90	1637399937
718	543	332	90	90	1637399947
720	543	330	90	90	1637399958
721	543	330	90	90	1637399969
722	543	322	90	90	1637400023
721	542	336	90	90	1637400033
721	540	346	90	90	1637400044
720	539	358	90	90	1637400055
720	536	372	90	90	1637400066
719	532	372	90	90	1637400076
718	527	390	90	90	1637400087
718	522	442	90	90	1637400098
717	515	492	90	90	1637400109
717	508	528	90	90	1637400119
717	500	568	90	90	1637400130
716	493	596	90	90	1637400141
715	485	638	90	90	1637400152
714	476	688	90	90	1637400162
713	468	728	90	90	1637400173
712	459	754	90	90	1637400184
711	450	778	90	90	1637400195
711	442	792	90	90	1637400205
710	433	816	90	90	1637400216
710	425	822	90	90	1637400227
710	417	826	90	90	1637400238
709	409	824	90	90	1637400248
708	402	826	90	90	1637400259
707	395	820	90	90	1637400270
706	390	832	90	90	1637400281
705	386	838	90	90	1637400291
703	383	830	90	90	1637400302
702	381	804	90	90	1637400313
701	380	718	90	90	1637400324
699	381	212	90	90	1637400345
35
501	381	52	90	90	1637400625
500	383	200	90	90	1637400657
502	384	250	90	90	1637400668
505	385	286	90	90	1637400678
509	386	314	90	90	1637400689
513	387	340	90	90	1637400700
519	388	350	90	90	1637400711
526	389	366	90	90	1637400721
533	389	378	90	90	1637400732
541	389	394	90	90	1637400743
549	389	422	90	90	1637400754
557	389	438	90	90	1637400764
565	389	448	90	90	1637400775
574	389	466	90	90	1637400786
583	389	464	90	90	1637400797
592	388	476	90	90	1637400807
601	388	496	90	90	1637400818
611	388	500	90	90	1637400829
620	387	514	90	90	1637400840
630	387	520	90	90	1637400850
638	387	528	90	90	1637400861
647	386	538	90	90	1637400872
654	385	560	90	90	1637400883
662	385	586	90	90	1637400893
669	385	618	90	90	1637400904
676	385	632	90	90	1637400915
683	385	646	90	90	1637400926
688	385	672	90	90	1637400936
692	385	698	90	90	1637400947
696	384	722	90	90	1637400958
698	384	728	90	90	1637400969
699	384	758	90	90	1637400979
700	384	770	90	90	1637401033
699	383	548	90	90	1637401044
698	383	6	90	90	1637401065
4
1
484	377	0	90	90	1637459806
18
509	530	118	90	90	1637460484
509	521	134	90	90	1637460494
508	511	148	90	90	1637460505
508	499	220	90	90	1637460516
507	485	304	90	90	1637460527
507	470	396	90	90	1637460537
507	455	490	90	90	1637460548
506	439	564	90	90	1637460559
506	423	618	90	90	1637460570
506	409	662	90	90	1637460580
506	396	706	90	90	1637460591
506	385	724	90	90	1637460602
505	375	740	90	90	1637460613
505	367	750	90	90	1637460623
505	361	754	90	90	1637460634
506	357	748	90	90	1637460645
506	355	602	90	90	1637460666
506	357	88	90	90	1637460688
54
502	512	82	90	90	1637460859
499	517	304	90	90	1637460869
499	518	368	90	90	1637460880
499	519	378	90	90	1637460891
501	519	378	90	90	1637460902
505	520	378	90	90	1637460912
510	520	382	90	90	1637460923
516	520	390	90	90	1637460934
525	521	392	90	90	1637460945
533	522	388	90	90	1637460955
544	522	394	90	90	1637460966
555	523	396	90	90	1637460977
567	524	406	90	90	1637460988
581	526	410	90	90	1637460998
595	527	420	90	90	1637461009
608	528	416	90	90	1637461020
622	528	420	90	90	1637461031
635	528	424	90	90	1637461041
647	528	428	90	90	1637461052
659	528	430	90	90	1637461063
669	528	434	90	90	1637461074
679	527	434	90	90	1637461084
686	527	438	90	90	1637461095
693	527	438	90	90	1637461106
698	527	438	90	90	1637461117
702	527	438	90	90	1637461127
705	527	438	90	90	1637461138
707	527	434	90	90	1637461149
709	526	429	90	90	1637461170
709	525	442	90	90	1637461181
709	522	472	90	90	1637461192
708	518	506	90	90	1637461203
707	513	538	90	90	1637461213
705	506	554	90	90	1637461224
703	497	596	90	90	1637461235
702	487	650	90	90	1637461246
700	476	706	90	90	1637461256
699	464	754	90	90	1637461267
699	453	788	90	90	1637461278
698	441	820	90	90	1637461289
697	429	836	90	90	1637461299
696	418	860	90	90	1637461310
694	406	886	90	90	1637461321
694	396	904	90	90	1637461332
693	386	896	90	90	1637461342
692	377	896	90	90	1637461353
692	368	912	90	90	1637461364
690	361	912	90	90	1637461375
689	356	902	90	90	1637461385
687	352	902	90	90	1637461396
685	350	898	90	90	1637461407
683	349	824	90	90	1637461418
679	350	588	90	90	1637461428
674	352	6	90	90	1637461450
33
488	358	216	90	90	1637461640
485	362	372	90	90	1637461650
486	364	396	90	90	1637461661
489	365	396	90	90	1637461672
492	367	388	90	90	1637461683
496	368	410	90	90	1637461693
501	368	442	90	90	1637461704
507	368	472	90	90	1637461715
513	369	492	90	90	1637461726
521	369	500	90	90	1637461736
530	370	514	90	90	1637461747
540	370	520	90	90	1637461758
550	370	530	90	90	1637461769
561	370	540	90	90	1637461779
572	369	536	90	90	1637461790
583	369	554	90	90	1637461801
594	368	586	90	90	1637461812
605	368	612	90	90	1637461822
616	368	638	90	90	1637461833
628	369	658	90	90	1637461844
639	369	664	90	90	1637461855
650	369	676	90	90	1637461865
659	369	696	90	90	1637461876
668	368	712	90	90	1637461887
674	367	736	90	90	1637461898
680	366	754	90	90	1637461908
684	366	782	90	90	1637461919
686	365	798	90	90	1637461930
688	365	820	90	90	1637461941
690	365	816	90	90	1637461951
691	365	824	90	90	1637461962
692	365	793	90	90	1637461984
691	365	248	90	90	1637462005
