5
1
658	530	0	90	90	971642
32
436	577	56	90	90	971973
439	578	136	90	90	971979
441	578	161	90	90	971985
444	578	189	90	90	971992
447	579	229	90	90	971998
452	579	273	90	90	972004
457	580	310	90	90	972010
463	580	354	90	90	972017
470	580	394	90	90	972023
478	580	439	90	90	972029
487	581	475	90	90	972035
496	581	531	90	90	972042
506	581	571	90	90	972048
516	581	608	90	90	972054
527	581	640	90	90	972060
538	582	672	90	90	972067
549	582	696	90	90	972073
561	583	720	90	90	972079
573	583	741	90	90	972085
584	584	753	90	90	972092
595	584	761	90	90	972098
606	585	769	90	90	972104
616	585	773	90	90	972110
626	585	777	90	90	972117
634	585	777	90	90	972123
641	586	777	90	90	972129
647	586	773	90	90	972135
652	586	761	90	90	972142
656	585	737	90	90	972148
659	585	696	90	90	972154
661	585	451	90	90	972179
658	585	54	90	90	972192
85
447	577	24	90	90	972442
446	575	112	90	90	972448
446	573	189	90	90	972454
446	571	253	90	90	972460
445	569	310	90	90	972467
445	566	354	90	90	972473
445	562	386	90	90	972479
445	558	406	90	90	972485
445	554	430	90	90	972492
445	549	451	90	90	972498
445	544	467	90	90	972504
445	538	487	90	90	972510
445	533	511	90	90	972517
444	527	527	90	90	972523
444	521	543	90	90	972529
444	515	559	90	90	972535
444	509	575	90	90	972542
444	503	592	90	90	972548
443	497	604	90	90	972554
443	491	612	90	90	972560
443	484	616	90	90	972567
443	478	620	90	90	972573
443	471	624	90	90	972579
443	465	624	90	90	972585
443	458	624	90	90	972592
443	452	624	90	90	972598
443	445	624	90	90	972604
443	439	624	90	90	972610
443	434	628	90	90	972617
443	429	628	90	90	972623
443	424	628	90	90	972629
444	419	628	90	90	972635
444	415	628	90	90	972642
444	411	628	90	90	972648
444	407	628	90	90	972654
444	404	632	90	90	972660
444	401	632	90	90	972667
444	398	632	90	90	972673
444	396	636	90	90	972679
444	395	636	90	90	972685
444	394	640	90	90	972692
444	393	646	90	90	972704
444	392	652	90	90	972723
445	392	660	90	90	972729
446	393	660	90	90	972735
447	393	664	90	90	972742
448	394	664	90	90	972748
450	394	668	90	90	972754
453	395	668	90	90	972760
456	395	664	90	90	972767
459	395	664	90	90	972773
463	395	664	90	90	972779
468	395	664	90	90	972785
472	395	664	90	90	972792
478	395	664	90	90	972798
483	394	664	90	90	972804
489	394	668	90	90	972810
495	393	668	90	90	972817
502	393	672	90	90	972823
509	393	676	90	90	972829
517	392	680	90	90	972835
525	392	688	90	90	972842
533	391	692	90	90	972848
542	391	696	90	90	972854
551	390	704	90	90	972860
560	390	720	90	90	972867
570	389	728	90	90	972873
579	389	741	90	90	972879
589	388	749	90	90	972885
599	387	761	90	90	972892
609	386	769	90	90	972898
619	385	777	90	90	972904
628	385	785	90	90	972910
637	384	789	90	90	972917
646	383	793	90	90	972923
654	383	797	90	90	972929
662	382	797	90	90	972935
668	382	793	90	90	972942
674	381	785	90	90	972948
678	381	769	90	90	972954
682	381	745	90	90	972960
684	380	700	90	90	972967
685	380	463	90	90	972985
683	381	165	90	90	972992
680	382	8	90	90	973004
30
511	537	68	90	90	973298
510	535	161	90	90	973304
510	534	233	90	90	973310
510	532	294	90	90	973317
510	530	350	90	90	973323
510	527	394	90	90	973329
510	523	439	90	90	973335
510	520	463	90	90	973342
510	515	487	90	90	973348
510	511	515	90	90	973354
510	506	531	90	90	973360
510	501	547	90	90	973367
510	495	563	90	90	973373
509	490	583	90	90	973379
509	485	604	90	90	973385
508	479	620	90	90	973392
508	473	640	90	90	973398
507	468	656	90	90	973404
506	462	668	90	90	973410
505	457	676	90	90	973417
504	453	684	90	90	973423
504	448	688	90	90	973429
503	444	688	90	90	973435
503	441	680	90	90	973442
502	439	664	90	90	973448
502	437	632	90	90	973454
503	436	482	90	90	973467
504	436	281	90	90	973473
504	437	144	90	90	973479
505	439	2	90	90	973492
42
513	483	48	90	90	973592
512	483	161	90	90	973598
511	483	356	90	90	973617
511	484	455	90	90	973623
512	485	475	90	90	973629
514	485	487	90	90	973635
516	485	487	90	90	973642
518	486	487	90	90	973648
522	486	491	90	90	973654
525	486	503	90	90	973660
530	487	515	90	90	973667
534	487	523	90	90	973673
540	487	535	90	90	973679
545	487	547	90	90	973685
552	488	563	90	90	973692
559	488	583	90	90	973698
566	489	600	90	90	973704
574	489	616	90	90	973710
582	489	628	90	90	973717
590	490	644	90	90	973723
599	490	656	90	90	973729
608	490	672	90	90	973735
616	490	684	90	90	973742
625	490	700	90	90	973748
633	489	712	90	90	973754
641	489	728	90	90	973760
649	489	741	90	90	973767
657	489	753	90	90	973773
664	489	761	90	90	973779
671	490	769	90	90	973785
677	490	777	90	90	973792
683	490	785	90	90	973798
688	490	789	90	90	973804
692	491	789	90	90	973810
695	491	789	90	90	973817
698	491	789	90	90	973823
699	491	777	90	90	973829
700	491	694	90	90	973842
699	491	503	90	90	973848
697	491	354	90	90	973854
694	491	197	90	90	973860
690	490	20	90	90	973873
5
1
580	507	0	90	90	1052065
37
452	580	48	90	90	1052265
450	582	136	90	90	1052272
451	582	225	90	90	1052278
452	583	257	90	90	1052284
454	584	289	90	90	1052290
458	585	326	90	90	1052297
462	585	366	90	90	1052303
467	585	406	90	90	1052309
474	585	451	90	90	1052315
481	584	487	90	90	1052322
490	584	531	90	90	1052328
499	583	567	90	90	1052334
509	583	600	90	90	1052340
520	583	636	90	90	1052347
531	582	668	90	90	1052353
544	582	696	90	90	1052359
556	582	724	90	90	1052365
569	581	749	90	90	1052372
582	581	773	90	90	1052378
595	581	789	90	90	1052384
608	581	805	90	90	1052390
620	581	817	90	90	1052397
633	582	829	90	90	1052403
644	582	837	90	90	1052409
655	582	841	90	90	1052415
665	582	845	90	90	1052422
673	582	845	90	90	1052428
681	582	841	90	90	1052434
687	582	829	90	90	1052440
693	582	817	90	90	1052447
696	582	797	90	90	1052453
699	582	765	90	90	1052459
700	582	643	90	90	1052472
698	581	439	90	90	1052478
694	581	289	90	90	1052484
690	581	140	90	90	1052490
683	581	0	90	90	1052503
76
458	577	48	90	90	1052722
458	572	140	90	90	1052728
457	569	225	90	90	1052734
457	565	294	90	90	1052740
456	560	354	90	90	1052747
456	554	398	90	90	1052753
455	548	430	90	90	1052759
455	541	459	90	90	1052765
455	534	479	90	90	1052772
455	526	503	90	90	1052778
455	518	523	90	90	1052784
455	509	539	90	90	1052790
455	500	555	90	90	1052797
455	492	567	90	90	1052803
454	482	588	90	90	1052809
454	473	600	90	90	1052815
454	464	612	90	90	1052822
453	454	624	90	90	1052828
453	445	632	90	90	1052834
452	436	640	90	90	1052840
451	426	648	90	90	1052847
451	417	656	90	90	1052853
450	408	660	90	90	1052859
449	400	660	90	90	1052865
448	392	664	90	90	1052872
447	385	668	90	90	1052878
447	378	668	90	90	1052884
446	373	672	90	90	1052890
445	367	672	90	90	1052897
445	363	672	90	90	1052903
445	360	672	90	90	1052909
445	357	672	90	90	1052915
445	355	672	90	90	1052922
445	354	672	90	90	1052928
446	353	672	90	90	1052940
447	352	676	90	90	1052947
448	353	676	90	90	1052953
449	353	676	90	90	1052959
450	354	680	90	90	1052965
452	355	680	90	90	1052972
454	355	680	90	90	1052978
456	356	680	90	90	1052984
459	356	680	90	90	1052990
462	356	684	90	90	1052997
466	357	684	90	90	1053003
471	357	688	90	90	1053009
476	357	688	90	90	1053015
482	357	692	90	90	1053022
489	358	692	90	90	1053028
496	358	696	90	90	1053034
505	358	700	90	90	1053040
514	358	704	90	90	1053047
523	359	708	90	90	1053053
534	359	712	90	90	1053059
544	359	724	90	90	1053065
556	359	728	90	90	1053072
567	359	737	90	90	1053078
579	359	745	90	90	1053084
591	359	753	90	90	1053090
603	358	761	90	90	1053097
615	357	765	90	90	1053103
626	357	769	90	90	1053109
637	356	773	90	90	1053115
647	355	777	90	90	1053122
656	354	781	90	90	1053128
664	353	781	90	90	1053134
672	352	781	90	90	1053140
679	351	781	90	90	1053147
684	350	773	90	90	1053153
689	349	761	90	90	1053159
692	349	733	90	90	1053165
694	349	676	90	90	1053172
695	349	547	90	90	1053178
694	350	402	90	90	1053184
693	352	253	90	90	1053190
691	354	48	90	90	1053203
25
532	533	88	90	90	1053453
531	529	193	90	90	1053459
530	526	302	90	90	1053465
529	522	370	90	90	1053472
528	516	422	90	90	1053478
527	510	471	90	90	1053484
526	504	515	90	90	1053490
526	496	543	90	90	1053497
525	488	567	90	90	1053503
525	480	592	90	90	1053509
525	472	612	90	90	1053515
525	464	632	90	90	1053522
525	456	648	90	90	1053528
525	448	664	90	90	1053534
524	441	680	90	90	1053540
524	434	692	90	90	1053547
524	428	700	90	90	1053553
524	422	708	90	90	1053559
524	417	708	90	90	1053565
524	413	696	90	90	1053572
524	410	676	90	90	1053578
524	408	620	90	90	1053584
525	407	422	90	90	1053597
527	409	213	90	90	1053603
527	411	34	90	90	1053615
35
529	472	48	90	90	1053728
526	473	260	90	90	1053747
525	474	398	90	90	1053753
526	475	426	90	90	1053759
528	475	455	90	90	1053765
530	475	475	90	90	1053772
534	476	499	90	90	1053778
538	476	523	90	90	1053784
544	476	547	90	90	1053790
550	476	583	90	90	1053797
557	476	612	90	90	1053803
564	476	644	90	90	1053809
573	476	672	90	90	1053815
582	476	700	90	90	1053822
592	476	724	90	90	1053828
603	476	749	90	90	1053834
614	476	761	90	90	1053840
626	476	777	90	90	1053847
638	476	789	90	90	1053853
650	476	801	90	90	1053859
662	476	809	90	90	1053865
674	476	821	90	90	1053872
686	476	829	90	90	1053878
696	476	837	90	90	1053884
706	476	845	90	90	1053890
715	476	849	90	90	1053897
723	476	853	90	90	1053903
730	476	853	90	90	1053909
735	476	849	90	90	1053915
739	476	837	90	90	1053922
742	476	805	90	90	1053928
744	476	617	90	90	1053940
742	476	390	90	90	1053947
738	476	229	90	90	1053953
733	476	28	90	90	1053965
5
1
654	535	0	90	90	1164709
33
447	569	4	90	90	1164971
445	569	146	90	90	1164984
444	570	335	90	90	1165002
446	571	414	90	90	1165009
448	572	447	90	90	1165015
451	572	467	90	90	1165021
455	572	491	90	90	1165027
460	573	519	90	90	1165034
467	573	539	90	90	1165040
475	573	563	90	90	1165046
483	573	592	90	90	1165052
493	573	612	90	90	1165059
503	573	636	90	90	1165065
514	573	664	90	90	1165071
525	573	688	90	90	1165077
537	573	712	90	90	1165084
549	574	741	90	90	1165090
562	574	761	90	90	1165096
575	574	781	90	90	1165102
588	575	797	90	90	1165109
601	575	809	90	90	1165115
613	575	817	90	90	1165121
625	575	821	90	90	1165127
636	576	825	90	90	1165134
646	576	829	90	90	1165140
655	576	829	90	90	1165146
662	576	821	90	90	1165152
668	576	797	90	90	1165159
673	575	745	90	90	1165165
676	575	608	90	90	1165171
677	575	382	90	90	1165184
676	575	153	90	90	1165190
673	575	0	90	90	1165202
85
450	566	48	90	90	1165415
451	567	253	90	90	1165434
451	566	418	90	90	1165440
451	565	471	90	90	1165446
451	563	519	90	90	1165452
451	561	543	90	90	1165459
451	559	563	90	90	1165465
451	556	575	90	90	1165471
451	552	592	90	90	1165477
451	548	604	90	90	1165484
451	543	612	90	90	1165490
451	538	620	90	90	1165496
452	532	628	90	90	1165502
452	526	640	90	90	1165509
452	520	652	90	90	1165515
452	513	664	90	90	1165521
452	506	676	90	90	1165527
452	499	688	90	90	1165534
452	492	700	90	90	1165540
452	484	708	90	90	1165546
452	477	720	90	90	1165552
452	470	728	90	90	1165559
453	462	733	90	90	1165565
453	455	733	90	90	1165571
453	447	737	90	90	1165577
453	440	737	90	90	1165584
453	432	737	90	90	1165590
453	425	737	90	90	1165596
452	417	741	90	90	1165602
452	410	741	90	90	1165609
452	402	741	90	90	1165615
451	395	745	90	90	1165621
451	388	745	90	90	1165627
450	382	745	90	90	1165634
450	376	749	90	90	1165640
449	370	749	90	90	1165646
448	365	749	90	90	1165652
448	360	749	90	90	1165659
447	356	749	90	90	1165665
447	352	749	90	90	1165671
446	348	749	90	90	1165677
446	345	749	90	90	1165684
446	343	749	90	90	1165690
446	341	753	90	90	1165696
446	340	755	90	90	1165709
448	339	757	90	90	1165715
449	339	757	90	90	1165721
450	340	757	90	90	1165727
452	340	757	90	90	1165734
453	341	753	90	90	1165740
456	342	753	90	90	1165746
458	343	753	90	90	1165752
461	343	749	90	90	1165759
465	344	749	90	90	1165765
469	344	745	90	90	1165771
474	345	745	90	90	1165777
479	345	745	90	90	1165784
485	346	745	90	90	1165790
491	346	745	90	90	1165796
499	346	749	90	90	1165802
506	347	753	90	90	1165809
514	347	753	90	90	1165815
523	347	761	90	90	1165821
532	347	765	90	90	1165827
541	347	773	90	90	1165834
550	347	777	90	90	1165840
560	347	785	90	90	1165846
571	346	793	90	90	1165852
581	346	797	90	90	1165859
592	346	805	90	90	1165865
602	346	809	90	90	1165871
612	345	817	90	90	1165877
622	345	821	90	90	1165884
631	345	825	90	90	1165890
639	345	829	90	90	1165896
647	344	833	90	90	1165902
653	344	837	90	90	1165909
658	343	833	90	90	1165915
663	343	825	90	90	1165921
666	342	805	90	90	1165927
668	342	769	90	90	1165934
669	342	615	90	90	1165946
669	343	390	90	90	1165952
667	345	241	90	90	1165959
665	347	36	90	90	1165971
27
533	516	98	90	90	1166209
534	515	277	90	90	1166215
534	513	374	90	90	1166221
534	512	447	90	90	1166227
533	509	519	90	90	1166234
533	506	567	90	90	1166240
533	502	608	90	90	1166246
533	497	640	90	90	1166252
533	492	660	90	90	1166259
532	486	676	90	90	1166265
532	479	692	90	90	1166271
532	473	704	90	90	1166277
532	466	712	90	90	1166284
532	459	724	90	90	1166290
531	452	728	90	90	1166296
531	446	737	90	90	1166302
531	440	745	90	90	1166309
530	434	749	90	90	1166315
530	428	753	90	90	1166321
530	423	753	90	90	1166327
529	419	749	90	90	1166334
529	415	737	90	90	1166340
529	413	708	90	90	1166346
529	411	648	90	90	1166352
529	410	450	90	90	1166365
529	411	229	90	90	1166371
530	413	38	90	90	1166384
37
532	466	56	90	90	1166490
530	467	227	90	90	1166502
530	469	420	90	90	1166515
531	470	487	90	90	1166521
533	471	515	90	90	1166527
535	471	535	90	90	1166534
537	472	547	90	90	1166540
540	472	563	90	90	1166546
544	472	575	90	90	1166552
548	472	592	90	90	1166559
553	473	608	90	90	1166565
558	473	628	90	90	1166571
564	473	648	90	90	1166577
570	473	664	90	90	1166584
577	473	684	90	90	1166590
585	473	704	90	90	1166596
593	473	728	90	90	1166602
602	474	745	90	90	1166609
611	474	761	90	90	1166615
620	475	777	90	90	1166621
630	475	789	90	90	1166627
640	475	801	90	90	1166634
649	475	809	90	90	1166640
658	476	817	90	90	1166646
667	476	825	90	90	1166652
675	476	829	90	90	1166659
683	475	833	90	90	1166665
689	475	837	90	90	1166671
695	475	837	90	90	1166677
700	475	837	90	90	1166684
705	474	837	90	90	1166690
708	474	837	90	90	1166696
711	474	833	90	90	1166702
713	474	825	90	90	1166709
714	474	646	90	90	1166734
713	475	289	90	90	1166740
711	476	62	90	90	1166752
5
1
669	529	0	90	90	1241279
32
448	562	48	90	90	1241572
447	564	132	90	90	1241579
449	564	217	90	90	1241585
451	565	249	90	90	1241591
454	565	285	90	90	1241597
459	565	326	90	90	1241604
465	565	370	90	90	1241610
472	565	414	90	90	1241616
480	565	463	90	90	1241622
490	565	515	90	90	1241629
500	565	551	90	90	1241635
511	565	592	90	90	1241641
523	565	624	90	90	1241647
536	565	656	90	90	1241654
548	566	688	90	90	1241660
561	566	712	90	90	1241666
573	567	741	90	90	1241672
586	567	765	90	90	1241679
598	568	781	90	90	1241685
609	569	793	90	90	1241691
620	569	805	90	90	1241697
630	570	813	90	90	1241704
639	570	817	90	90	1241710
647	571	813	90	90	1241716
653	571	805	90	90	1241722
658	571	789	90	90	1241729
662	570	753	90	90	1241735
665	569	692	90	90	1241741
666	569	515	90	90	1241754
665	567	294	90	90	1241760
662	566	144	90	90	1241766
658	566	0	90	90	1241779
73
459	565	16	90	90	1241966
458	563	132	90	90	1241972
457	561	241	90	90	1241979
457	558	346	90	90	1241985
457	555	406	90	90	1241991
457	551	455	90	90	1241997
458	547	499	90	90	1242004
458	542	527	90	90	1242010
459	536	547	90	90	1242016
460	530	559	90	90	1242022
460	523	571	90	90	1242029
461	516	583	90	90	1242035
461	509	596	90	90	1242041
462	502	608	90	90	1242047
462	494	624	90	90	1242054
461	486	636	90	90	1242060
461	478	648	90	90	1242066
460	470	660	90	90	1242072
459	462	672	90	90	1242079
459	454	680	90	90	1242085
458	446	688	90	90	1242091
457	438	692	90	90	1242097
456	430	696	90	90	1242104
456	423	696	90	90	1242110
455	416	700	90	90	1242116
455	409	704	90	90	1242122
454	402	704	90	90	1242129
453	395	708	90	90	1242135
453	389	708	90	90	1242141
452	383	708	90	90	1242147
451	378	712	90	90	1242154
450	373	712	90	90	1242160
450	369	712	90	90	1242166
449	366	712	90	90	1242172
449	363	712	90	90	1242179
449	361	720	90	90	1242185
449	359	720	90	90	1242191
450	358	720	90	90	1242197
451	357	720	90	90	1242204
453	356	720	90	90	1242210
455	356	724	90	90	1242216
458	356	724	90	90	1242222
461	356	724	90	90	1242229
465	356	728	90	90	1242235
470	356	728	90	90	1242241
475	357	728	90	90	1242247
481	357	733	90	90	1242254
488	358	733	90	90	1242260
496	358	737	90	90	1242266
503	359	741	90	90	1242272
512	359	749	90	90	1242279
520	360	757	90	90	1242285
529	360	765	90	90	1242291
539	360	773	90	90	1242297
548	360	785	90	90	1242304
558	360	793	90	90	1242310
568	359	801	90	90	1242316
578	358	809	90	90	1242322
588	358	813	90	90	1242329
597	357	821	90	90	1242335
607	356	821	90	90	1242341
616	355	825	90	90	1242347
624	355	829	90	90	1242354
632	354	829	90	90	1242360
639	353	829	90	90	1242366
645	353	825	90	90	1242372
650	352	813	90	90	1242379
653	352	797	90	90	1242385
656	352	753	90	90	1242391
658	352	577	90	90	1242404
659	353	354	90	90	1242410
658	355	193	90	90	1242416
657	358	20	90	90	1242429
23
541	519	88	90	90	1242660
540	516	213	90	90	1242666
539	513	342	90	90	1242672
539	509	463	90	90	1242679
538	504	527	90	90	1242685
538	499	571	90	90	1242691
538	493	608	90	90	1242697
538	486	632	90	90	1242704
537	479	648	90	90	1242710
537	472	660	90	90	1242716
537	465	672	90	90	1242722
536	458	680	90	90	1242729
535	451	692	90	90	1242735
535	444	700	90	90	1242741
534	437	708	90	90	1242747
533	431	712	90	90	1242754
532	426	720	90	90	1242760
531	421	720	90	90	1242766
530	416	704	90	90	1242772
530	413	680	90	90	1242779
530	410	632	90	90	1242785
530	409	372	90	90	1242804
530	410	40	90	90	1242816
31
538	464	108	90	90	1242916
537	465	229	90	90	1242922
538	467	404	90	90	1242935
540	468	515	90	90	1242941
542	468	547	90	90	1242947
545	468	575	90	90	1242954
549	469	604	90	90	1242960
554	469	628	90	90	1242966
559	469	648	90	90	1242972
566	469	668	90	90	1242979
573	468	688	90	90	1242985
582	468	704	90	90	1242991
591	468	724	90	90	1242997
601	468	741	90	90	1243004
611	468	753	90	90	1243010
621	469	769	90	90	1243016
632	469	785	90	90	1243022
643	469	797	90	90	1243029
654	470	809	90	90	1243035
664	470	817	90	90	1243041
673	470	825	90	90	1243047
682	470	833	90	90	1243054
689	470	837	90	90	1243060
696	469	841	90	90	1243066
702	469	841	90	90	1243072
706	468	837	90	90	1243079
710	468	825	90	90	1243085
713	467	801	90	90	1243091
715	467	606	90	90	1243110
714	466	302	90	90	1243116
712	466	72	90	90	1243129
5
1
600	522	0	90	90	1312311
32
451	552	28	90	90	1312642
451	554	96	90	90	1312648
453	554	140	90	90	1312654
456	555	181	90	90	1312661
460	555	233	90	90	1312667
465	555	289	90	90	1312673
471	555	354	90	90	1312679
479	555	418	90	90	1312686
487	555	475	90	90	1312692
497	555	535	90	90	1312698
507	555	583	90	90	1312704
518	555	616	90	90	1312711
530	555	652	90	90	1312717
543	555	684	90	90	1312723
556	555	712	90	90	1312729
570	556	737	90	90	1312736
583	556	761	90	90	1312742
597	556	781	90	90	1312748
610	557	793	90	90	1312754
622	557	809	90	90	1312761
634	557	817	90	90	1312767
645	558	821	90	90	1312773
655	558	825	90	90	1312779
663	558	825	90	90	1312786
670	558	813	90	90	1312792
675	557	793	90	90	1312798
679	557	741	90	90	1312804
681	556	648	90	90	1312811
682	556	511	90	90	1312817
681	555	354	90	90	1312823
679	554	197	90	90	1312829
675	553	24	90	90	1312842
75
459	556	76	90	90	1313029
456	555	189	90	90	1313036
455	553	302	90	90	1313042
454	551	418	90	90	1313048
454	548	467	90	90	1313054
453	544	515	90	90	1313061
453	539	547	90	90	1313067
452	533	583	90	90	1313073
452	527	608	90	90	1313079
452	520	624	90	90	1313086
452	513	640	90	90	1313092
452	505	648	90	90	1313098
452	497	660	90	90	1313104
452	489	668	90	90	1313111
452	481	680	90	90	1313117
452	473	688	90	90	1313123
451	464	696	90	90	1313129
451	456	704	90	90	1313136
450	447	712	90	90	1313142
450	439	720	90	90	1313148
450	430	724	90	90	1313154
449	422	728	90	90	1313161
449	414	733	90	90	1313167
448	407	733	90	90	1313173
448	400	733	90	90	1313179
448	393	737	90	90	1313186
447	387	737	90	90	1313192
447	381	741	90	90	1313198
446	376	741	90	90	1313204
445	371	741	90	90	1313211
445	367	741	90	90	1313217
444	364	741	90	90	1313223
444	361	741	90	90	1313229
443	358	741	90	90	1313236
443	356	741	90	90	1313242
443	355	737	90	90	1313248
443	354	737	90	90	1313261
444	353	737	90	90	1313267
445	353	737	90	90	1313273
446	353	737	90	90	1313279
448	353	737	90	90	1313286
450	354	737	90	90	1313292
453	354	737	90	90	1313298
457	355	737	90	90	1313304
461	355	737	90	90	1313311
466	356	737	90	90	1313317
472	357	737	90	90	1313323
478	357	737	90	90	1313329
485	358	741	90	90	1313336
493	359	745	90	90	1313342
501	359	749	90	90	1313348
509	360	753	90	90	1313354
518	360	757	90	90	1313361
528	360	765	90	90	1313367
538	360	769	90	90	1313373
548	360	777	90	90	1313379
559	360	781	90	90	1313386
569	360	789	90	90	1313392
580	360	793	90	90	1313398
590	359	801	90	90	1313404
600	358	805	90	90	1313411
610	358	813	90	90	1313417
620	357	817	90	90	1313423
628	356	821	90	90	1313429
637	355	825	90	90	1313436
644	354	829	90	90	1313442
651	354	825	90	90	1313448
657	353	821	90	90	1313454
662	353	809	90	90	1313461
666	352	781	90	90	1313467
669	352	733	90	90	1313473
671	352	581	90	90	1313486
671	353	362	90	90	1313492
670	355	205	90	90	1313498
668	357	26	90	90	1313511
23
531	504	146	90	90	1313736
531	503	318	90	90	1313742
531	501	430	90	90	1313748
531	498	487	90	90	1313754
531	495	535	90	90	1313761
531	490	575	90	90	1313767
530	485	608	90	90	1313773
530	478	636	90	90	1313779
530	472	660	90	90	1313786
530	465	676	90	90	1313792
529	457	692	90	90	1313798
529	450	704	90	90	1313804
528	443	720	90	90	1313811
528	436	724	90	90	1313817
528	429	733	90	90	1313823
527	423	733	90	90	1313829
527	418	733	90	90	1313836
527	414	720	90	90	1313842
527	410	700	90	90	1313848
527	407	664	90	90	1313854
527	405	459	90	90	1313873
527	406	177	90	90	1313879
528	408	18	90	90	1313892
35
536	465	64	90	90	1313998
535	465	315	90	90	1314023
537	465	455	90	90	1314029
539	466	475	90	90	1314036
541	466	499	90	90	1314042
544	466	515	90	90	1314048
548	466	531	90	90	1314054
553	466	547	90	90	1314061
558	466	567	90	90	1314067
564	467	592	90	90	1314073
570	467	616	90	90	1314079
577	467	636	90	90	1314086
585	467	656	90	90	1314092
593	467	676	90	90	1314098
602	467	696	90	90	1314104
612	467	720	90	90	1314111
622	467	737	90	90	1314117
632	467	753	90	90	1314123
642	467	769	90	90	1314129
652	466	781	90	90	1314136
662	466	793	90	90	1314142
672	465	805	90	90	1314148
681	465	817	90	90	1314154
689	464	825	90	90	1314161
697	464	829	90	90	1314167
704	463	833	90	90	1314173
710	463	837	90	90	1314179
715	463	837	90	90	1314186
719	462	829	90	90	1314192
721	462	813	90	90	1314198
723	461	696	90	90	1314211
723	460	475	90	90	1314217
721	459	322	90	90	1314223
718	459	161	90	90	1314229
713	459	0	90	90	1314242
5
1
605	526	0	90	90	1383344
32
456	573	52	90	90	1383631
455	574	136	90	90	1383637
456	575	181	90	90	1383644
459	575	245	90	90	1383650
462	576	302	90	90	1383656
468	576	362	90	90	1383662
474	576	406	90	90	1383669
482	576	463	90	90	1383675
491	576	519	90	90	1383681
501	577	563	90	90	1383687
512	577	608	90	90	1383694
524	577	644	90	90	1383700
537	577	676	90	90	1383706
550	577	704	90	90	1383712
563	577	733	90	90	1383719
577	578	753	90	90	1383725
591	578	769	90	90	1383731
605	578	785	90	90	1383737
618	579	797	90	90	1383744
631	579	805	90	90	1383750
642	579	813	90	90	1383756
653	579	817	90	90	1383762
662	579	817	90	90	1383769
670	578	817	90	90	1383775
676	578	809	90	90	1383781
681	578	793	90	90	1383787
685	577	769	90	90	1383794
687	577	666	90	90	1383806
687	576	467	90	90	1383812
685	575	322	90	90	1383819
682	575	169	90	90	1383825
677	574	12	90	90	1383837
75
465	575	68	90	90	1384044
464	571	173	90	90	1384050
464	568	281	90	90	1384056
463	564	350	90	90	1384062
463	560	418	90	90	1384069
462	554	471	90	90	1384075
462	548	523	90	90	1384081
462	541	555	90	90	1384087
462	534	575	90	90	1384094
462	527	600	90	90	1384100
463	519	612	90	90	1384106
463	511	620	90	90	1384112
464	503	628	90	90	1384119
464	495	636	90	90	1384125
464	487	640	90	90	1384131
464	479	648	90	90	1384137
464	471	652	90	90	1384144
464	462	656	90	90	1384150
463	454	660	90	90	1384156
462	446	668	90	90	1384162
461	438	672	90	90	1384169
460	429	676	90	90	1384175
458	422	680	90	90	1384181
457	414	684	90	90	1384187
456	407	684	90	90	1384194
455	400	688	90	90	1384200
454	393	688	90	90	1384206
453	387	692	90	90	1384212
451	380	692	90	90	1384219
450	375	696	90	90	1384225
449	370	696	90	90	1384231
448	365	700	90	90	1384237
447	361	700	90	90	1384244
446	358	700	90	90	1384250
446	355	704	90	90	1384256
446	353	704	90	90	1384262
447	352	704	90	90	1384269
448	351	704	90	90	1384275
449	351	704	90	90	1384281
451	350	704	90	90	1384287
454	350	704	90	90	1384294
457	350	708	90	90	1384300
461	351	708	90	90	1384306
465	351	708	90	90	1384312
470	351	708	90	90	1384319
475	351	712	90	90	1384325
482	352	720	90	90	1384331
489	353	724	90	90	1384337
497	354	733	90	90	1384344
505	355	737	90	90	1384350
514	356	745	90	90	1384356
524	357	753	90	90	1384362
534	358	761	90	90	1384369
545	359	769	90	90	1384375
556	359	777	90	90	1384381
567	359	781	90	90	1384387
578	359	789	90	90	1384394
590	359	797	90	90	1384400
601	358	801	90	90	1384406
612	357	809	90	90	1384412
623	356	813	90	90	1384419
634	355	817	90	90	1384425
644	354	821	90	90	1384431
653	353	825	90	90	1384437
661	352	829	90	90	1384444
668	351	829	90	90	1384450
674	350	825	90	90	1384456
679	349	817	90	90	1384462
682	349	805	90	90	1384469
685	348	785	90	90	1384475
686	348	708	90	90	1384487
687	350	535	90	90	1384494
686	353	386	90	90	1384500
684	356	241	90	90	1384506
682	359	40	90	90	1384519
25
547	523	132	90	90	1384744
545	521	302	90	90	1384750
545	518	378	90	90	1384756
545	515	443	90	90	1384762
544	510	503	90	90	1384769
544	505	551	90	90	1384775
544	499	592	90	90	1384781
544	492	620	90	90	1384787
544	484	644	90	90	1384794
544	476	660	90	90	1384800
544	468	676	90	90	1384806
544	460	684	90	90	1384812
544	452	692	90	90	1384819
543	444	700	90	90	1384825
543	437	704	90	90	1384831
542	430	708	90	90	1384837
541	424	712	90	90	1384844
540	419	720	90	90	1384850
539	414	712	90	90	1384856
539	410	696	90	90	1384862
539	407	664	90	90	1384869
539	405	596	90	90	1384875
540	404	392	90	90	1384887
541	405	181	90	90	1384894
541	407	20	90	90	1384906
36
546	467	60	90	90	1385012
544	469	165	90	90	1385019
544	470	323	90	90	1385031
545	471	414	90	90	1385037
546	472	447	90	90	1385044
547	473	471	90	90	1385050
550	474	503	90	90	1385056
552	474	527	90	90	1385062
556	474	547	90	90	1385069
560	474	567	90	90	1385075
565	474	596	90	90	1385081
571	474	620	90	90	1385087
578	474	640	90	90	1385094
585	473	660	90	90	1385100
593	474	680	90	90	1385106
602	474	700	90	90	1385112
611	474	720	90	90	1385119
621	475	737	90	90	1385125
631	475	749	90	90	1385131
641	475	761	90	90	1385137
651	475	773	90	90	1385144
660	475	781	90	90	1385150
670	474	789	90	90	1385156
678	473	797	90	90	1385162
686	473	801	90	90	1385169
693	472	805	90	90	1385175
700	471	809	90	90	1385181
705	470	813	90	90	1385187
710	470	809	90	90	1385194
714	469	801	90	90	1385200
717	468	785	90	90	1385206
719	468	757	90	90	1385212
720	467	605	90	90	1385225
719	466	386	90	90	1385231
718	466	233	90	90	1385237
715	465	36	90	90	1385250
5
1
553	512	0	90	90	1451421
36
439	546	4	90	90	1451702
436	548	136	90	90	1451714
437	549	281	90	90	1451721
439	550	306	90	90	1451727
442	550	342	90	90	1451733
446	550	374	90	90	1451739
451	550	406	90	90	1451746
458	550	451	90	90	1451752
465	550	503	90	90	1451758
474	550	547	90	90	1451764
484	550	592	90	90	1451771
494	550	632	90	90	1451777
506	550	668	90	90	1451783
518	550	700	90	90	1451789
531	550	733	90	90	1451796
544	550	757	90	90	1451802
558	550	773	90	90	1451808
571	551	793	90	90	1451814
585	551	805	90	90	1451821
598	551	817	90	90	1451827
610	551	825	90	90	1451833
622	551	833	90	90	1451839
633	550	837	90	90	1451846
643	550	841	90	90	1451852
652	549	841	90	90	1451858
660	549	845	90	90	1451864
667	548	845	90	90	1451871
672	547	837	90	90	1451877
677	547	829	90	90	1451883
680	546	809	90	90	1451889
682	545	752	90	90	1451902
682	544	612	90	90	1451908
680	543	463	90	90	1451914
676	543	310	90	90	1451921
671	542	161	90	90	1451927
665	542	6	90	90	1451939
76
442	548	24	90	90	1452133
440	544	140	90	90	1452139
440	541	249	90	90	1452146
439	538	362	90	90	1452152
439	534	422	90	90	1452158
439	529	471	90	90	1452164
439	524	515	90	90	1452171
439	518	539	90	90	1452177
439	513	555	90	90	1452183
440	506	571	90	90	1452189
440	499	588	90	90	1452196
440	491	600	90	90	1452202
440	483	612	90	90	1452208
440	475	624	90	90	1452214
440	466	632	90	90	1452221
439	457	640	90	90	1452227
439	448	648	90	90	1452233
438	439	656	90	90	1452239
437	430	664	90	90	1452246
436	421	668	90	90	1452252
435	413	672	90	90	1452258
434	404	676	90	90	1452264
433	396	676	90	90	1452271
432	388	680	90	90	1452277
431	380	680	90	90	1452283
430	373	680	90	90	1452289
429	367	684	90	90	1452296
428	361	684	90	90	1452302
428	356	684	90	90	1452308
428	351	688	90	90	1452314
428	348	692	90	90	1452321
428	344	696	90	90	1452327
428	342	696	90	90	1452333
428	340	700	90	90	1452339
428	338	704	90	90	1452346
429	337	710	90	90	1452358
430	336	720	90	90	1452364
431	336	720	90	90	1452371
433	337	724	90	90	1452377
434	337	724	90	90	1452383
436	338	724	90	90	1452389
439	338	724	90	90	1452396
442	339	724	90	90	1452402
445	340	728	90	90	1452408
450	340	724	90	90	1452414
454	341	720	90	90	1452421
459	342	720	90	90	1452427
465	342	712	90	90	1452433
472	343	712	90	90	1452439
479	343	708	90	90	1452446
487	344	708	90	90	1452452
495	344	708	90	90	1452458
504	344	712	90	90	1452464
513	345	720	90	90	1452471
523	345	724	90	90	1452477
533	345	728	90	90	1452483
543	345	737	90	90	1452489
553	345	745	90	90	1452496
564	345	749	90	90	1452502
574	344	757	90	90	1452508
585	344	765	90	90	1452514
595	343	773	90	90	1452521
605	343	781	90	90	1452527
614	343	785	90	90	1452533
623	342	793	90	90	1452539
631	342	797	90	90	1452546
638	342	801	90	90	1452552
644	342	801	90	90	1452558
649	342	797	90	90	1452564
653	342	793	90	90	1452571
657	342	777	90	90	1452577
659	343	694	90	90	1452589
659	344	515	90	90	1452596
658	345	370	90	90	1452602
656	347	213	90	90	1452608
653	350	28	90	90	1452621
25
509	509	52	90	90	1452858
508	508	165	90	90	1452864
508	507	281	90	90	1452871
507	505	390	90	90	1452877
507	502	455	90	90	1452883
506	498	511	90	90	1452889
506	493	543	90	90	1452896
505	487	571	90	90	1452902
505	481	592	90	90	1452908
504	474	612	90	90	1452914
504	467	624	90	90	1452921
503	460	640	90	90	1452927
503	453	652	90	90	1452933
502	446	660	90	90	1452939
501	439	672	90	90	1452946
500	433	680	90	90	1452952
500	428	688	90	90	1452958
499	423	692	90	90	1452964
499	418	688	90	90	1452971
498	414	676	90	90	1452977
498	412	652	90	90	1452983
498	410	600	90	90	1452989
499	409	406	90	90	1453002
500	409	205	90	90	1453008
501	411	30	90	90	1453021
36
511	456	36	90	90	1453121
509	457	194	90	90	1453133
509	458	358	90	90	1453146
510	459	414	90	90	1453152
512	459	443	90	90	1453158
515	459	459	90	90	1453164
518	460	475	90	90	1453171
522	460	503	90	90	1453177
527	460	527	90	90	1453183
533	460	547	90	90	1453189
539	460	567	90	90	1453196
546	460	592	90	90	1453202
553	460	616	90	90	1453208
562	459	636	90	90	1453214
571	459	656	90	90	1453221
580	459	676	90	90	1453227
590	458	696	90	90	1453233
601	457	712	90	90	1453239
611	457	737	90	90	1453246
622	456	749	90	90	1453252
633	455	761	90	90	1453258
643	454	769	90	90	1453264
654	453	777	90	90	1453271
663	452	781	90	90	1453277
672	452	789	90	90	1453283
680	451	793	90	90	1453289
687	450	797	90	90	1453296
693	449	797	90	90	1453302
698	448	801	90	90	1453308
703	447	801	90	90	1453314
706	446	793	90	90	1453321
709	446	781	90	90	1453327
710	445	617	90	90	1453346
709	444	334	90	90	1453352
706	445	169	90	90	1453358
702	445	4	90	90	1453371
5
1
670	539	0	90	90	1520130
33
446	559	12	90	90	1520455
445	561	88	90	90	1520461
446	562	165	90	90	1520467
448	563	209	90	90	1520473
452	563	257	90	90	1520480
456	564	302	90	90	1520486
462	564	350	90	90	1520492
469	565	402	90	90	1520498
477	565	459	90	90	1520505
486	565	515	90	90	1520511
496	565	559	90	90	1520517
506	565	600	90	90	1520523
517	565	628	90	90	1520530
529	565	660	90	90	1520536
541	565	688	90	90	1520542
553	565	708	90	90	1520548
565	565	733	90	90	1520555
577	565	749	90	90	1520561
589	565	765	90	90	1520567
600	565	777	90	90	1520573
611	565	789	90	90	1520580
621	565	797	90	90	1520586
630	565	801	90	90	1520592
639	565	805	90	90	1520598
646	565	801	90	90	1520605
652	565	793	90	90	1520611
657	565	777	90	90	1520617
661	565	753	90	90	1520623
664	565	700	90	90	1520630
665	564	513	90	90	1520642
663	563	298	90	90	1520648
660	562	153	90	90	1520655
655	561	4	90	90	1520667
73
455	557	8	90	90	1520842
453	556	108	90	90	1520848
453	554	213	90	90	1520855
452	552	318	90	90	1520861
452	549	382	90	90	1520867
451	545	439	90	90	1520873
452	541	479	90	90	1520880
452	536	519	90	90	1520886
452	530	543	90	90	1520892
453	524	563	90	90	1520898
453	517	575	90	90	1520905
454	510	592	90	90	1520911
454	503	600	90	90	1520917
454	496	608	90	90	1520923
454	488	616	90	90	1520930
454	480	624	90	90	1520936
454	473	628	90	90	1520942
454	465	632	90	90	1520948
453	457	636	90	90	1520955
453	449	640	90	90	1520961
452	441	640	90	90	1520967
452	433	644	90	90	1520973
451	426	644	90	90	1520980
450	418	648	90	90	1520986
449	411	648	90	90	1520992
447	404	648	90	90	1520998
446	397	652	90	90	1521005
445	391	652	90	90	1521011
444	385	652	90	90	1521017
444	380	656	90	90	1521023
443	377	660	90	90	1521030
443	373	660	90	90	1521036
443	371	664	90	90	1521042
443	369	668	90	90	1521048
443	367	672	90	90	1521055
444	366	676	90	90	1521061
445	364	680	90	90	1521067
446	363	684	90	90	1521073
447	363	688	90	90	1521080
449	362	692	90	90	1521086
452	361	696	90	90	1521092
455	361	696	90	90	1521098
459	361	700	90	90	1521105
463	361	704	90	90	1521111
468	361	704	90	90	1521117
474	361	708	90	90	1521123
480	361	712	90	90	1521130
487	361	720	90	90	1521136
495	361	724	90	90	1521142
502	361	728	90	90	1521148
511	361	737	90	90	1521155
519	360	741	90	90	1521161
529	360	749	90	90	1521167
538	360	753	90	90	1521173
548	360	761	90	90	1521180
558	359	765	90	90	1521186
568	359	773	90	90	1521192
579	359	777	90	90	1521198
589	359	781	90	90	1521205
599	358	785	90	90	1521211
608	358	785	90	90	1521217
616	357	789	90	90	1521223
623	357	789	90	90	1521230
630	356	789	90	90	1521236
636	356	781	90	90	1521242
640	355	773	90	90	1521248
644	355	753	90	90	1521255
647	354	712	90	90	1521261
649	354	636	90	90	1521267
650	355	511	90	90	1521273
649	356	362	90	90	1521280
648	357	213	90	90	1521286
646	359	32	90	90	1521298
25
529	511	60	90	90	1521511
529	512	157	90	90	1521517
528	511	257	90	90	1521523
528	509	322	90	90	1521530
528	507	378	90	90	1521536
528	503	422	90	90	1521542
528	499	467	90	90	1521548
528	493	515	90	90	1521555
528	487	551	90	90	1521561
528	480	583	90	90	1521567
528	473	608	90	90	1521573
528	465	628	90	90	1521580
528	458	640	90	90	1521586
528	450	652	90	90	1521592
527	443	660	90	90	1521598
527	437	668	90	90	1521605
526	431	672	90	90	1521611
526	426	676	90	90	1521617
526	421	676	90	90	1521623
525	418	668	90	90	1521630
525	415	656	90	90	1521636
525	413	632	90	90	1521642
525	411	445	90	90	1521661
526	413	181	90	90	1521667
526	415	24	90	90	1521680
31
532	468	72	90	90	1521773
533	469	181	90	90	1521780
534	470	294	90	90	1521786
536	470	378	90	90	1521792
539	470	426	90	90	1521798
542	470	463	90	90	1521805
546	470	491	90	90	1521811
552	470	527	90	90	1521817
558	470	547	90	90	1521823
564	470	567	90	90	1521830
572	470	588	90	90	1521836
580	470	608	90	90	1521842
589	470	624	90	90	1521848
599	471	640	90	90	1521855
609	471	660	90	90	1521861
619	472	676	90	90	1521867
629	472	692	90	90	1521873
640	472	708	90	90	1521880
649	472	728	90	90	1521886
659	472	741	90	90	1521892
667	472	753	90	90	1521898
675	472	765	90	90	1521905
682	471	769	90	90	1521911
688	471	773	90	90	1521917
692	470	773	90	90	1521923
696	469	761	90	90	1521930
700	469	733	90	90	1521936
702	468	620	90	90	1521942
703	467	406	90	90	1521955
702	466	177	90	90	1521961
700	466	12	90	90	1521973
5
1
631	526	0	90	90	1588128
30
420	553	72	90	90	1588428
425	554	161	90	90	1588434
429	554	193	90	90	1588440
434	553	241	90	90	1588446
441	553	294	90	90	1588453
449	552	346	90	90	1588459
458	552	402	90	90	1588465
469	551	459	90	90	1588471
480	551	515	90	90	1588478
493	551	555	90	90	1588484
506	551	600	90	90	1588490
520	551	636	90	90	1588496
535	552	664	90	90	1588503
549	552	692	90	90	1588509
564	553	720	90	90	1588515
579	553	741	90	90	1588521
593	554	757	90	90	1588528
607	554	773	90	90	1588534
621	555	785	90	90	1588540
633	556	793	90	90	1588546
645	556	797	90	90	1588553
655	557	801	90	90	1588559
664	557	801	90	90	1588565
672	557	789	90	90	1588571
678	558	769	90	90	1588578
683	558	728	90	90	1588584
686	557	652	90	90	1588590
688	557	450	90	90	1588603
687	556	229	90	90	1588609
684	556	38	90	90	1588621
74
422	552	52	90	90	1588840
421	551	161	90	90	1588846
421	550	273	90	90	1588853
420	547	378	90	90	1588859
420	544	422	90	90	1588865
420	540	459	90	90	1588871
420	535	491	90	90	1588878
419	529	515	90	90	1588884
419	522	531	90	90	1588890
419	515	539	90	90	1588896
419	508	551	90	90	1588903
419	500	559	90	90	1588909
419	492	567	90	90	1588915
419	483	575	90	90	1588921
419	475	588	90	90	1588928
418	466	596	90	90	1588934
418	457	600	90	90	1588940
417	448	608	90	90	1588946
416	440	612	90	90	1588953
415	431	612	90	90	1588959
414	422	616	90	90	1588965
412	414	620	90	90	1588971
410	406	624	90	90	1588978
408	398	624	90	90	1588984
407	391	628	90	90	1588990
405	385	628	90	90	1588996
404	379	632	90	90	1589003
403	374	640	90	90	1589009
402	369	644	90	90	1589015
401	365	648	90	90	1589021
401	362	656	90	90	1589028
401	359	660	90	90	1589034
401	357	668	90	90	1589040
401	355	672	90	90	1589046
402	353	676	90	90	1589053
403	352	680	90	90	1589059
404	351	684	90	90	1589065
407	351	688	90	90	1589071
409	350	688	90	90	1589078
412	350	692	90	90	1589084
415	350	692	90	90	1589090
419	351	696	90	90	1589096
424	351	696	90	90	1589103
429	351	700	90	90	1589109
435	352	700	90	90	1589115
441	352	704	90	90	1589121
448	352	708	90	90	1589128
456	353	712	90	90	1589134
464	353	724	90	90	1589140
472	353	728	90	90	1589146
481	353	737	90	90	1589153
491	353	745	90	90	1589159
501	352	753	90	90	1589165
511	352	757	90	90	1589171
522	351	765	90	90	1589178
532	351	773	90	90	1589184
543	350	781	90	90	1589190
554	350	789	90	90	1589196
565	349	793	90	90	1589203
576	349	797	90	90	1589209
587	348	805	90	90	1589215
597	348	809	90	90	1589221
607	347	809	90	90	1589228
615	347	813	90	90	1589234
623	346	813	90	90	1589240
630	346	813	90	90	1589246
636	346	809	90	90	1589253
641	345	801	90	90	1589259
645	345	785	90	90	1589265
647	345	749	90	90	1589271
649	345	597	90	90	1589284
649	346	382	90	90	1589290
647	347	229	90	90	1589296
644	349	34	90	90	1589309
22
498	494	110	90	90	1589509
497	492	273	90	90	1589515
497	490	378	90	90	1589521
497	487	414	90	90	1589528
498	483	447	90	90	1589534
498	478	487	90	90	1589540
498	473	527	90	90	1589546
498	466	555	90	90	1589553
498	459	588	90	90	1589559
498	452	612	90	90	1589565
498	444	636	90	90	1589571
498	437	652	90	90	1589578
498	429	668	90	90	1589584
498	423	680	90	90	1589590
497	416	688	90	90	1589596
497	411	692	90	90	1589603
497	406	688	90	90	1589609
496	402	672	90	90	1589615
496	399	624	90	90	1589621
497	397	503	90	90	1589628
497	396	303	90	90	1589640
497	398	46	90	90	1589653
34
505	460	8	90	90	1589753
504	461	150	90	90	1589765
503	462	335	90	90	1589784
505	461	402	90	90	1589790
507	461	439	90	90	1589796
510	461	467	90	90	1589803
513	460	499	90	90	1589809
518	460	531	90	90	1589815
524	460	555	90	90	1589821
531	460	583	90	90	1589828
539	459	604	90	90	1589834
547	459	624	90	90	1589840
557	459	644	90	90	1589846
566	459	664	90	90	1589853
577	459	684	90	90	1589859
589	459	704	90	90	1589865
601	459	724	90	90	1589871
613	459	745	90	90	1589878
625	459	757	90	90	1589884
637	459	773	90	90	1589890
650	459	781	90	90	1589896
661	459	789	90	90	1589903
672	459	797	90	90	1589909
683	459	801	90	90	1589915
692	459	805	90	90	1589921
700	458	809	90	90	1589928
706	458	809	90	90	1589934
712	458	809	90	90	1589940
716	458	801	90	90	1589946
719	457	781	90	90	1589953
720	457	658	90	90	1589965
718	456	447	90	90	1589971
715	456	294	90	90	1589978
710	455	68	90	90	1589990
5
1
555	529	0	90	90	1654924
33
482	556	52	90	90	1655217
484	556	88	90	90	1655224
487	556	124	90	90	1655230
491	556	153	90	90	1655236
497	557	189	90	90	1655242
504	557	233	90	90	1655249
512	557	281	90	90	1655255
521	557	342	90	90	1655261
532	557	398	90	90	1655267
543	557	455	90	90	1655274
555	557	515	90	90	1655280
568	557	563	90	90	1655286
581	557	612	90	90	1655292
594	557	648	90	90	1655299
607	557	684	90	90	1655305
621	557	712	90	90	1655311
634	557	737	90	90	1655317
647	557	757	90	90	1655324
659	556	769	90	90	1655330
671	556	777	90	90	1655336
681	556	781	90	90	1655342
690	555	785	90	90	1655349
698	555	789	90	90	1655355
704	554	785	90	90	1655361
709	553	777	90	90	1655367
712	552	769	90	90	1655374
714	552	749	90	90	1655380
715	551	720	90	90	1655386
715	550	656	90	90	1655392
713	549	539	90	90	1655399
710	548	394	90	90	1655405
705	548	253	90	90	1655411
700	547	54	90	90	1655424
68
478	547	36	90	90	1655586
475	548	144	90	90	1655592
474	547	253	90	90	1655599
473	546	354	90	90	1655605
473	544	398	90	90	1655611
473	542	439	90	90	1655617
473	538	467	90	90	1655624
474	534	499	90	90	1655630
474	529	523	90	90	1655636
475	523	539	90	90	1655642
475	517	551	90	90	1655649
475	510	559	90	90	1655655
475	503	563	90	90	1655661
475	495	571	90	90	1655667
475	487	575	90	90	1655674
474	479	583	90	90	1655680
473	470	588	90	90	1655686
472	462	592	90	90	1655692
471	453	600	90	90	1655699
470	445	608	90	90	1655705
468	436	612	90	90	1655711
467	428	616	90	90	1655717
465	420	620	90	90	1655724
464	412	624	90	90	1655730
462	405	628	90	90	1655736
461	399	628	90	90	1655742
460	394	628	90	90	1655749
459	389	632	90	90	1655755
459	385	632	90	90	1655761
459	382	632	90	90	1655767
459	379	632	90	90	1655774
460	377	636	90	90	1655780
461	375	636	90	90	1655786
463	374	640	90	90	1655792
465	373	640	90	90	1655799
468	372	644	90	90	1655805
471	372	644	90	90	1655811
475	371	644	90	90	1655817
479	371	648	90	90	1655824
484	371	648	90	90	1655830
490	371	648	90	90	1655836
496	371	652	90	90	1655842
504	371	656	90	90	1655849
511	371	664	90	90	1655855
520	370	672	90	90	1655861
528	370	680	90	90	1655867
538	370	688	90	90	1655874
548	370	696	90	90	1655880
558	370	708	90	90	1655886
569	370	720	90	90	1655892
581	370	728	90	90	1655899
593	370	741	90	90	1655905
605	370	749	90	90	1655911
617	370	757	90	90	1655917
628	369	765	90	90	1655924
640	369	773	90	90	1655930
650	368	777	90	90	1655936
660	367	781	90	90	1655942
669	366	785	90	90	1655949
676	365	785	90	90	1655955
682	364	781	90	90	1655961
687	363	773	90	90	1655967
691	362	761	90	90	1655974
693	362	745	90	90	1655980
694	362	605	90	90	1655999
692	363	346	90	90	1656005
690	365	197	90	90	1656011
687	368	26	90	90	1656024
22
547	510	40	90	90	1656217
546	508	157	90	90	1656224
545	506	273	90	90	1656230
544	503	386	90	90	1656236
544	499	455	90	90	1656242
544	494	499	90	90	1656249
543	489	535	90	90	1656255
543	482	563	90	90	1656261
543	475	588	90	90	1656267
543	468	604	90	90	1656274
543	461	616	90	90	1656280
542	453	628	90	90	1656286
542	446	636	90	90	1656292
542	440	644	90	90	1656299
542	434	652	90	90	1656305
541	428	656	90	90	1656311
541	424	652	90	90	1656317
541	420	640	90	90	1656324
541	417	608	90	90	1656330
541	415	539	90	90	1656336
541	413	284	90	90	1656355
541	415	8	90	90	1656367
35
547	467	4	90	90	1656461
547	468	96	90	90	1656467
548	469	243	90	90	1656480
549	470	346	90	90	1656486
551	470	378	90	90	1656492
553	470	398	90	90	1656499
556	470	422	90	90	1656505
560	470	443	90	90	1656511
565	470	467	90	90	1656517
570	470	491	90	90	1656524
576	470	523	90	90	1656530
583	470	547	90	90	1656536
590	470	575	90	90	1656542
598	470	604	90	90	1656549
607	469	632	90	90	1656555
616	469	656	90	90	1656561
625	469	676	90	90	1656567
635	469	692	90	90	1656574
645	469	708	90	90	1656580
655	469	724	90	90	1656586
664	469	733	90	90	1656592
674	468	741	90	90	1656599
683	468	745	90	90	1656605
691	467	749	90	90	1656611
698	466	753	90	90	1656617
705	465	757	90	90	1656624
710	464	761	90	90	1656630
715	463	761	90	90	1656636
719	462	757	90	90	1656642
721	460	749	90	90	1656649
723	459	728	90	90	1656655
724	458	615	90	90	1656667
722	457	414	90	90	1656674
719	456	273	90	90	1656680
715	456	60	90	90	1656692
