4
1
618	612	0	90	90	19426471
117
547	622	68	90	90	19426646
544	622	233	90	90	19426653
542	623	386	90	90	19426659
541	623	543	90	90	19426665
540	623	748	90	90	19426678
539	623	831	90	90	19426690
540	623	849	90	90	19426696
542	623	861	90	90	19426703
543	623	878	90	90	19426709
546	623	886	90	90	19426715
550	622	898	90	90	19426721
554	622	910	90	90	19426728
560	622	918	90	90	19426734
566	621	926	90	90	19426740
573	621	934	90	90	19426746
581	621	938	90	90	19426753
590	621	946	90	90	19426759
599	621	950	90	90	19426765
609	621	954	90	90	19426771
620	621	962	90	90	19426778
631	621	966	90	90	19426784
642	621	974	90	90	19426790
653	621	978	90	90	19426796
664	622	982	90	90	19426803
675	622	986	90	90	19426809
686	622	990	90	90	19426815
697	622	990	90	90	19426821
707	623	994	90	90	19426828
717	623	994	90	90	19426834
726	623	998	90	90	19426840
735	623	998	90	90	19426846
743	623	998	90	90	19426853
750	623	1002	90	90	19426859
756	623	1002	90	90	19426865
762	623	1002	90	90	19426871
767	623	1002	90	90	19426878
771	623	1002	90	90	19426884
774	623	1002	90	90	19426890
777	622	1002	90	90	19426896
779	621	1002	90	90	19426903
780	620	1002	90	90	19426909
781	619	1002	90	90	19426915
781	617	1002	90	90	19426921
781	614	1002	90	90	19426928
781	612	1002	90	90	19426934
780	608	1002	90	90	19426940
779	604	1002	90	90	19426946
778	600	1002	90	90	19426953
777	595	1002	90	90	19426959
777	589	1002	90	90	19426965
776	583	1002	90	90	19426971
775	576	1002	90	90	19426978
775	569	998	90	90	19426984
774	561	998	90	90	19426990
774	552	998	90	90	19426996
774	543	998	90	90	19427003
774	534	998	90	90	19427009
774	523	998	90	90	19427015
774	513	998	90	90	19427021
774	502	998	90	90	19427028
774	490	1002	90	90	19427034
774	479	1002	90	90	19427040
774	467	1006	90	90	19427046
775	456	1006	90	90	19427053
775	445	1010	90	90	19427059
776	434	1014	90	90	19427065
776	424	1014	90	90	19427071
777	415	1023	90	90	19427078
777	406	1023	90	90	19427084
778	398	1023	90	90	19427090
778	391	1023	90	90	19427096
778	384	1023	90	90	19427103
778	378	1023	90	90	19427109
778	373	1023	90	90	19427115
777	369	1023	90	90	19427121
776	365	1023	90	90	19427128
775	361	1023	90	90	19427134
773	358	1023	90	90	19427140
770	356	1023	90	90	19427146
768	354	1023	90	90	19427153
765	353	1023	90	90	19427159
761	352	1023	90	90	19427165
757	351	1023	90	90	19427171
752	351	1023	90	90	19427178
747	352	1023	90	90	19427184
741	352	1023	90	90	19427190
734	353	1023	90	90	19427196
727	354	1023	90	90	19427203
719	355	1023	90	90	19427209
711	356	1023	90	90	19427215
701	357	1023	90	90	19427221
692	358	1023	90	90	19427228
681	359	1023	90	90	19427234
670	359	1023	90	90	19427240
658	360	1023	90	90	19427246
646	360	1023	90	90	19427253
634	359	1023	90	90	19427259
621	359	1023	90	90	19427265
609	358	1023	90	90	19427271
596	357	1023	90	90	19427278
584	356	1023	90	90	19427284
572	354	1023	90	90	19427290
561	353	1023	90	90	19427296
550	352	1023	90	90	19427303
540	351	1023	90	90	19427309
531	350	1023	90	90	19427315
523	350	1023	90	90	19427321
517	349	1023	90	90	19427328
511	349	1023	90	90	19427334
506	349	1023	90	90	19427340
502	349	1006	90	90	19427346
500	349	986	90	90	19427353
498	350	845	90	90	19427365
497	351	600	90	90	19427371
498	352	414	90	90	19427378
499	354	225	90	90	19427384
500	355	12	90	90	19427396
57
586	393	72	90	90	19427703
587	393	229	90	90	19427709
588	393	529	90	90	19427728
587	393	733	90	90	19427734
585	393	769	90	90	19427740
584	392	805	90	90	19427746
582	392	825	90	90	19427753
579	391	837	90	90	19427759
575	389	845	90	90	19427765
571	388	849	90	90	19427771
566	386	853	90	90	19427778
560	383	853	90	90	19427784
554	381	853	90	90	19427790
548	378	853	90	90	19427796
541	375	857	90	90	19427803
534	372	861	90	90	19427809
527	369	861	90	90	19427815
520	365	865	90	90	19427821
513	362	869	90	90	19427828
506	359	878	90	90	19427834
501	356	886	90	90	19427840
495	354	890	90	90	19427846
491	351	894	90	90	19427853
487	350	898	90	90	19427859
484	348	902	90	90	19427865
482	347	906	90	90	19427871
480	346	906	90	90	19427878
479	346	910	90	90	19427890
479	345	914	90	90	19427903
480	344	918	90	90	19427909
481	343	922	90	90	19427915
482	343	926	90	90	19427921
484	342	930	90	90	19427928
485	342	934	90	90	19427934
487	341	942	90	90	19427940
489	341	946	90	90	19427946
492	340	950	90	90	19427953
494	339	954	90	90	19427959
497	338	958	90	90	19427965
501	336	962	90	90	19427971
505	334	966	90	90	19427978
509	331	974	90	90	19427984
514	328	978	90	90	19427990
519	325	986	90	90	19427996
525	322	990	90	90	19428003
530	319	998	90	90	19428009
536	315	1002	90	90	19428015
542	312	1006	90	90	19428021
548	309	1010	90	90	19428028
554	305	1010	90	90	19428034
559	302	1006	90	90	19428040
564	299	998	90	90	19428046
568	296	978	90	90	19428053
572	294	878	90	90	19428059
574	292	720	90	90	19428065
577	291	551	90	90	19428071
578	290	178	90	90	19428090
8
288	395	12	90	90	19428843
287	396	257	90	90	19428855
286	396	575	90	90	19428868
284	396	785	90	90	19428874
283	395	797	90	90	19428880
283	394	690	90	90	19428893
284	394	402	90	90	19428905
285	394	55	90	90	19428924
3
1
663	536	0	90	90	19500388
109
551	627	16	90	90	19500626
548	627	153	90	90	19500632
547	627	485	90	90	19500657
548	626	692	90	90	19500663
550	626	708	90	90	19500670
554	625	733	90	90	19500676
558	625	761	90	90	19500682
563	625	789	90	90	19500688
570	625	817	90	90	19500695
577	625	841	90	90	19500701
585	625	865	90	90	19500707
595	625	882	90	90	19500713
605	625	902	90	90	19500720
616	625	914	90	90	19500726
628	625	926	90	90	19500732
640	625	934	90	90	19500738
653	625	942	90	90	19500745
666	625	950	90	90	19500751
679	626	954	90	90	19500757
693	626	962	90	90	19500763
706	626	962	90	90	19500770
719	627	966	90	90	19500776
732	627	970	90	90	19500782
745	627	974	90	90	19500788
756	627	974	90	90	19500795
767	627	978	90	90	19500801
778	627	978	90	90	19500807
787	626	978	90	90	19500813
794	626	982	90	90	19500820
801	624	982	90	90	19500826
807	623	982	90	90	19500832
812	621	982	90	90	19500838
816	619	982	90	90	19500845
819	617	982	90	90	19500851
822	614	982	90	90	19500857
823	612	982	90	90	19500863
825	608	982	90	90	19500870
826	605	982	90	90	19500876
827	601	982	90	90	19500882
827	596	982	90	90	19500888
827	591	982	90	90	19500895
827	586	986	90	90	19500901
827	579	982	90	90	19500907
827	573	982	90	90	19500913
826	566	982	90	90	19500920
826	558	982	90	90	19500926
825	550	986	90	90	19500932
825	541	986	90	90	19500938
825	532	986	90	90	19500945
824	522	990	90	90	19500951
824	512	990	90	90	19500957
824	501	990	90	90	19500963
823	490	994	90	90	19500970
823	478	998	90	90	19500976
822	467	998	90	90	19500982
822	455	1002	90	90	19500988
822	443	1002	90	90	19500995
821	431	1006	90	90	19501001
821	420	1010	90	90	19501007
820	409	1010	90	90	19501013
820	398	1014	90	90	19501020
820	388	1014	90	90	19501026
819	378	1014	90	90	19501032
818	370	1023	90	90	19501038
818	362	1023	90	90	19501045
817	354	1023	90	90	19501051
816	348	1023	90	90	19501057
815	342	1023	90	90	19501063
813	337	1023	90	90	19501070
811	332	1023	90	90	19501076
809	329	1023	90	90	19501082
806	325	1023	90	90	19501088
803	323	1023	90	90	19501095
799	321	1023	90	90	19501101
795	319	1023	90	90	19501107
790	318	1023	90	90	19501113
785	317	1023	90	90	19501120
779	317	1023	90	90	19501126
773	317	1023	90	90	19501132
767	317	1023	90	90	19501138
759	317	1014	90	90	19501145
751	317	1014	90	90	19501151
743	317	1014	90	90	19501157
733	318	1014	90	90	19501163
723	318	1014	90	90	19501170
713	318	1014	90	90	19501176
701	318	1023	90	90	19501182
689	317	1023	90	90	19501188
677	317	1023	90	90	19501195
664	316	1023	90	90	19501201
651	315	1023	90	90	19501207
638	314	1023	90	90	19501213
625	312	1023	90	90	19501220
612	311	1023	90	90	19501226
600	310	1023	90	90	19501232
589	310	1023	90	90	19501238
579	309	1023	90	90	19501245
569	309	1023	90	90	19501251
560	308	1023	90	90	19501257
553	308	1023	90	90	19501263
546	308	1023	90	90	19501270
540	308	1023	90	90	19501276
536	308	1023	90	90	19501282
532	308	1006	90	90	19501288
530	309	974	90	90	19501295
528	309	764	90	90	19501307
528	310	515	90	90	19501313
529	311	326	90	90	19501320
531	312	68	90	90	19501332
58
624	361	120	90	90	19501551
625	362	277	90	90	19501557
625	363	504	90	90	19501570
624	363	720	90	90	19501576
622	363	769	90	90	19501582
620	362	789	90	90	19501588
618	360	809	90	90	19501595
616	359	821	90	90	19501601
613	357	833	90	90	19501607
609	354	841	90	90	19501613
605	352	849	90	90	19501620
600	349	853	90	90	19501626
595	347	857	90	90	19501632
590	344	861	90	90	19501638
584	341	865	90	90	19501645
578	338	869	90	90	19501651
572	335	869	90	90	19501657
566	332	873	90	90	19501663
561	329	873	90	90	19501670
555	327	878	90	90	19501676
550	324	878	90	90	19501682
545	322	882	90	90	19501688
541	320	890	90	90	19501695
537	318	894	90	90	19501701
534	316	898	90	90	19501707
531	315	902	90	90	19501713
528	314	910	90	90	19501720
526	313	914	90	90	19501726
525	313	918	90	90	19501732
524	312	922	90	90	19501745
523	311	928	90	90	19501763
523	310	934	90	90	19501776
525	309	938	90	90	19501782
526	309	942	90	90	19501788
528	308	942	90	90	19501795
530	307	946	90	90	19501801
532	305	950	90	90	19501807
535	303	954	90	90	19501813
538	302	958	90	90	19501820
542	299	962	90	90	19501826
546	297	966	90	90	19501832
550	294	970	90	90	19501838
555	292	970	90	90	19501845
561	289	974	90	90	19501851
566	286	978	90	90	19501857
571	283	978	90	90	19501863
577	280	982	90	90	19501870
582	277	982	90	90	19501876
588	273	982	90	90	19501882
593	270	986	90	90	19501888
597	267	982	90	90	19501895
601	264	978	90	90	19501901
605	261	966	90	90	19501907
608	258	942	90	90	19501913
611	255	837	90	90	19501920
614	253	680	90	90	19501926
615	251	519	90	90	19501932
616	250	159	90	90	19501951
3
1
732	537	0	90	90	19575966
114
540	634	142	90	90	19576316
541	632	342	90	90	19576323
543	632	475	90	90	19576329
545	631	616	90	90	19576335
548	631	656	90	90	19576341
552	630	684	90	90	19576348
557	629	720	90	90	19576354
562	628	757	90	90	19576360
569	627	793	90	90	19576366
577	627	825	90	90	19576373
585	626	853	90	90	19576379
595	626	873	90	90	19576385
605	625	894	90	90	19576391
616	625	910	90	90	19576398
627	625	926	90	90	19576404
638	625	942	90	90	19576410
650	626	954	90	90	19576416
662	626	962	90	90	19576423
674	626	970	90	90	19576429
686	626	974	90	90	19576435
698	626	978	90	90	19576441
709	626	982	90	90	19576448
720	626	986	90	90	19576454
730	626	986	90	90	19576460
740	626	986	90	90	19576466
749	626	990	90	90	19576473
757	626	990	90	90	19576479
764	626	990	90	90	19576485
771	626	990	90	90	19576491
776	626	990	90	90	19576498
780	625	990	90	90	19576504
784	625	990	90	90	19576510
787	624	990	90	90	19576516
789	623	994	90	90	19576523
790	622	994	90	90	19576529
791	621	994	90	90	19576535
791	619	994	90	90	19576541
791	618	994	90	90	19576548
791	616	994	90	90	19576554
791	614	994	90	90	19576560
790	611	990	90	90	19576566
789	608	990	90	90	19576573
788	605	990	90	90	19576579
787	601	986	90	90	19576585
786	596	986	90	90	19576591
785	591	986	90	90	19576598
784	585	982	90	90	19576604
783	579	982	90	90	19576610
782	572	978	90	90	19576616
782	564	978	90	90	19576623
781	556	974	90	90	19576629
781	547	974	90	90	19576635
781	538	974	90	90	19576641
781	528	970	90	90	19576648
781	518	970	90	90	19576654
781	508	970	90	90	19576660
782	498	974	90	90	19576666
782	488	974	90	90	19576673
783	477	974	90	90	19576679
784	467	978	90	90	19576685
784	457	978	90	90	19576691
785	447	982	90	90	19576698
785	437	982	90	90	19576704
786	428	982	90	90	19576710
786	420	986	90	90	19576716
786	412	986	90	90	19576723
787	405	986	90	90	19576729
787	398	986	90	90	19576735
786	392	986	90	90	19576741
786	387	986	90	90	19576748
785	383	986	90	90	19576754
785	379	986	90	90	19576760
784	376	990	90	90	19576766
782	373	990	90	90	19576773
781	372	994	90	90	19576779
779	370	994	90	90	19576785
777	370	994	90	90	19576791
774	370	994	90	90	19576798
771	370	994	90	90	19576804
768	370	994	90	90	19576810
764	371	990	90	90	19576816
760	373	990	90	90	19576823
755	374	990	90	90	19576829
749	376	986	90	90	19576835
743	377	986	90	90	19576841
737	379	986	90	90	19576848
729	380	986	90	90	19576854
721	382	986	90	90	19576860
713	383	986	90	90	19576866
704	384	986	90	90	19576873
694	385	986	90	90	19576879
684	386	986	90	90	19576885
673	387	986	90	90	19576891
663	387	986	90	90	19576898
652	388	990	90	90	19576904
641	388	990	90	90	19576910
630	389	990	90	90	19576916
619	389	994	90	90	19576923
609	389	994	90	90	19576929
598	389	994	90	90	19576935
589	389	994	90	90	19576941
580	389	998	90	90	19576948
572	389	998	90	90	19576954
564	388	994	90	90	19576960
557	387	990	90	90	19576966
551	386	986	90	90	19576973
545	385	978	90	90	19576979
540	385	966	90	90	19576985
537	384	946	90	90	19576991
534	384	918	90	90	19576998
532	384	825	90	90	19577004
530	385	585	90	90	19577016
530	387	326	90	90	19577023
531	388	72	90	90	19577035
56
595	430	140	90	90	19577316
596	429	368	90	90	19577329
596	428	592	90	90	19577335
596	427	728	90	90	19577341
594	426	765	90	90	19577348
593	425	785	90	90	19577354
591	423	797	90	90	19577360
589	421	809	90	90	19577366
586	419	817	90	90	19577373
582	416	821	90	90	19577379
579	414	825	90	90	19577385
575	411	825	90	90	19577391
570	408	825	90	90	19577398
566	405	825	90	90	19577404
561	403	829	90	90	19577410
557	400	833	90	90	19577416
552	398	833	90	90	19577423
548	396	837	90	90	19577429
544	393	841	90	90	19577435
540	392	845	90	90	19577441
536	390	853	90	90	19577448
533	388	857	90	90	19577454
531	386	861	90	90	19577460
529	385	869	90	90	19577466
527	384	878	90	90	19577473
526	383	882	90	90	19577479
525	383	894	90	90	19577498
524	382	906	90	90	19577516
525	381	914	90	90	19577529
527	380	918	90	90	19577535
528	380	922	90	90	19577541
530	379	926	90	90	19577548
532	378	934	90	90	19577554
535	377	938	90	90	19577560
538	376	942	90	90	19577566
541	374	946	90	90	19577573
545	373	950	90	90	19577579
549	371	958	90	90	19577585
554	369	962	90	90	19577591
558	366	966	90	90	19577598
563	363	974	90	90	19577604
568	360	978	90	90	19577610
572	357	982	90	90	19577616
577	354	990	90	90	19577623
582	351	994	90	90	19577629
587	348	994	90	90	19577635
592	344	994	90	90	19577641
596	341	990	90	90	19577648
600	339	978	90	90	19577654
604	336	954	90	90	19577660
608	334	878	90	90	19577666
612	333	720	90	90	19577673
614	332	555	90	90	19577679
616	332	374	90	90	19577685
617	332	177	90	90	19577691
618	334	0	90	90	19577704
3
1
707	526	0	90	90	19650003
117
527	635	40	90	90	19650291
523	634	181	90	90	19650297
522	634	463	90	90	19650316
523	634	724	90	90	19650322
525	633	728	90	90	19650328
528	633	733	90	90	19650335
532	633	745	90	90	19650341
536	633	757	90	90	19650347
541	632	773	90	90	19650353
547	632	785	90	90	19650360
554	632	801	90	90	19650366
562	631	813	90	90	19650372
571	631	829	90	90	19650378
580	631	841	90	90	19650385
590	631	853	90	90	19650391
601	630	865	90	90	19650397
613	630	873	90	90	19650403
624	629	882	90	90	19650410
636	629	890	90	90	19650416
649	628	898	90	90	19650422
661	628	906	90	90	19650428
673	627	914	90	90	19650435
685	627	922	90	90	19650441
697	627	926	90	90	19650447
709	627	930	90	90	19650453
720	626	934	90	90	19650460
730	626	938	90	90	19650466
740	625	938	90	90	19650472
748	625	942	90	90	19650478
757	624	942	90	90	19650485
764	622	942	90	90	19650491
771	621	942	90	90	19650497
777	620	942	90	90	19650503
782	618	942	90	90	19650510
786	616	942	90	90	19650516
790	615	942	90	90	19650522
793	613	942	90	90	19650528
796	611	946	90	90	19650535
798	609	946	90	90	19650541
799	607	946	90	90	19650547
801	604	946	90	90	19650553
802	601	946	90	90	19650560
802	598	950	90	90	19650566
803	594	950	90	90	19650572
803	590	946	90	90	19650578
802	585	946	90	90	19650585
802	579	942	90	90	19650591
801	573	942	90	90	19650597
800	566	938	90	90	19650603
799	559	938	90	90	19650610
798	551	938	90	90	19650616
797	542	934	90	90	19650622
796	533	934	90	90	19650628
795	524	930	90	90	19650635
794	514	930	90	90	19650641
792	503	930	90	90	19650647
791	492	930	90	90	19650653
790	481	934	90	90	19650660
788	469	934	90	90	19650666
787	458	938	90	90	19650672
786	446	942	90	90	19650678
785	435	946	90	90	19650685
784	424	950	90	90	19650691
783	414	954	90	90	19650697
782	403	958	90	90	19650703
781	394	962	90	90	19650710
780	385	962	90	90	19650716
778	377	966	90	90	19650722
777	369	970	90	90	19650728
775	362	970	90	90	19650735
773	356	974	90	90	19650741
772	351	974	90	90	19650747
770	346	978	90	90	19650753
768	342	978	90	90	19650760
766	339	978	90	90	19650766
764	336	978	90	90	19650772
762	334	978	90	90	19650778
759	332	978	90	90	19650785
756	331	974	90	90	19650791
752	330	974	90	90	19650797
748	330	974	90	90	19650803
744	330	974	90	90	19650810
738	330	970	90	90	19650816
733	331	970	90	90	19650822
726	332	970	90	90	19650828
720	333	970	90	90	19650835
712	334	970	90	90	19650841
704	335	970	90	90	19650847
696	336	970	90	90	19650853
687	337	970	90	90	19650860
677	338	970	90	90	19650866
667	339	970	90	90	19650872
657	340	970	90	90	19650878
646	341	970	90	90	19650885
635	341	974	90	90	19650891
624	341	974	90	90	19650897
612	341	974	90	90	19650903
600	341	974	90	90	19650910
589	341	974	90	90	19650916
577	341	974	90	90	19650922
566	340	978	90	90	19650928
555	340	978	90	90	19650935
544	339	978	90	90	19650941
534	339	978	90	90	19650947
524	338	982	90	90	19650953
515	337	982	90	90	19650960
507	337	982	90	90	19650966
499	336	982	90	90	19650972
493	336	978	90	90	19650978
487	336	974	90	90	19650985
483	335	966	90	90	19650991
480	335	946	90	90	19650997
477	335	902	90	90	19651003
476	336	668	90	90	19651016
477	337	414	90	90	19651022
478	338	233	90	90	19651028
481	340	24	90	90	19651041
52
574	378	92	90	90	19651228
571	379	233	90	90	19651235
570	380	374	90	90	19651241
569	380	515	90	90	19651247
567	380	620	90	90	19651253
565	380	656	90	90	19651260
562	380	688	90	90	19651266
560	379	724	90	90	19651272
557	378	749	90	90	19651278
553	377	765	90	90	19651285
549	376	781	90	90	19651291
545	374	789	90	90	19651297
541	372	797	90	90	19651303
536	370	801	90	90	19651310
531	367	805	90	90	19651316
525	364	805	90	90	19651322
519	361	809	90	90	19651328
514	358	809	90	90	19651335
508	355	813	90	90	19651341
503	352	817	90	90	19651347
498	349	821	90	90	19651353
493	346	829	90	90	19651360
489	344	841	90	90	19651366
485	342	853	90	90	19651372
482	341	861	90	90	19651378
480	340	873	90	90	19651385
478	339	882	90	90	19651391
477	338	892	90	90	19651403
476	337	900	90	90	19651416
477	336	906	90	90	19651422
479	335	906	90	90	19651428
481	334	910	90	90	19651435
483	333	914	90	90	19651441
486	331	918	90	90	19651447
489	330	922	90	90	19651453
493	328	926	90	90	19651460
498	327	930	90	90	19651466
502	325	938	90	90	19651472
508	323	942	90	90	19651478
513	322	946	90	90	19651485
518	320	950	90	90	19651491
524	319	954	90	90	19651497
530	317	954	90	90	19651503
535	316	950	90	90	19651510
541	314	942	90	90	19651516
545	313	930	90	90	19651522
549	311	902	90	90	19651528
554	309	821	90	90	19651535
557	307	664	90	90	19651541
559	305	511	90	90	19651547
561	303	334	90	90	19651553
562	301	78	90	90	19651566
3
1
597	596	0	90	90	19722116
108
506	622	64	90	90	19722260
503	623	545	90	90	19722291
504	622	869	90	90	19722298
506	621	878	90	90	19722304
508	621	890	90	90	19722310
512	620	898	90	90	19722316
516	620	910	90	90	19722323
522	619	922	90	90	19722329
529	619	930	90	90	19722335
536	619	938	90	90	19722341
544	618	946	90	90	19722348
553	618	950	90	90	19722354
563	618	954	90	90	19722360
573	618	958	90	90	19722366
585	618	962	90	90	19722373
596	618	966	90	90	19722379
608	618	970	90	90	19722385
620	619	978	90	90	19722391
633	619	982	90	90	19722398
645	619	986	90	90	19722404
657	620	990	90	90	19722410
669	621	994	90	90	19722416
680	621	998	90	90	19722423
691	622	998	90	90	19722429
701	622	1002	90	90	19722435
711	622	1002	90	90	19722441
719	623	1002	90	90	19722448
727	623	1002	90	90	19722454
734	622	1002	90	90	19722460
740	622	1002	90	90	19722466
745	621	1002	90	90	19722473
749	621	1002	90	90	19722479
752	620	1002	90	90	19722485
755	619	1002	90	90	19722491
757	618	1002	90	90	19722498
758	616	1002	90	90	19722504
759	615	1002	90	90	19722510
759	614	1002	90	90	19722516
759	612	1002	90	90	19722523
759	610	1002	90	90	19722529
758	608	1006	90	90	19722535
757	605	1006	90	90	19722541
756	602	1006	90	90	19722548
755	598	1002	90	90	19722554
754	593	1002	90	90	19722560
753	588	1002	90	90	19722566
752	582	1002	90	90	19722573
751	576	998	90	90	19722579
750	568	998	90	90	19722585
749	561	994	90	90	19722591
748	552	994	90	90	19722598
747	544	994	90	90	19722604
747	534	994	90	90	19722610
746	525	994	90	90	19722616
746	515	994	90	90	19722623
745	505	994	90	90	19722629
745	494	998	90	90	19722635
745	483	998	90	90	19722641
744	472	1002	90	90	19722648
744	461	1006	90	90	19722654
744	451	1010	90	90	19722660
744	440	1010	90	90	19722666
743	431	1014	90	90	19722673
743	421	1014	90	90	19722679
743	413	1014	90	90	19722685
743	405	1014	90	90	19722691
742	398	1014	90	90	19722698
742	392	1023	90	90	19722704
741	387	1023	90	90	19722710
740	382	1023	90	90	19722716
739	378	1023	90	90	19722723
738	375	1023	90	90	19722729
736	372	1023	90	90	19722735
733	370	1023	90	90	19722741
730	368	1023	90	90	19722748
727	367	1023	90	90	19722754
723	366	1023	90	90	19722760
718	366	1023	90	90	19722766
712	366	1023	90	90	19722773
706	366	1023	90	90	19722779
699	367	1023	90	90	19722785
691	367	1023	90	90	19722791
683	368	1023	90	90	19722798
674	369	1023	90	90	19722804
664	370	1023	90	90	19722810
654	371	1023	90	90	19722816
643	372	1023	90	90	19722823
631	373	1023	90	90	19722829
619	373	1023	90	90	19722835
607	374	1023	90	90	19722841
595	374	1023	90	90	19722848
582	373	1023	90	90	19722854
570	373	1023	90	90	19722860
559	372	1023	90	90	19722866
547	372	1023	90	90	19722873
537	371	1023	90	90	19722879
527	370	1023	90	90	19722885
518	369	1023	90	90	19722891
509	368	1023	90	90	19722898
502	367	1023	90	90	19722904
495	367	1023	90	90	19722910
490	366	1006	90	90	19722916
486	366	982	90	90	19722923
483	366	902	90	90	19722929
481	366	741	90	90	19722935
480	366	480	90	90	19722948
480	368	205	90	90	19722954
482	369	4	90	90	19722966
52
544	409	153	90	90	19723235
545	409	310	90	90	19723241
546	410	617	90	90	19723260
545	408	809	90	90	19723273
544	407	845	90	90	19723279
542	405	861	90	90	19723285
540	404	873	90	90	19723291
538	402	882	90	90	19723298
535	401	890	90	90	19723304
531	399	894	90	90	19723310
528	397	894	90	90	19723316
523	394	898	90	90	19723323
519	392	898	90	90	19723329
514	389	898	90	90	19723335
509	386	898	90	90	19723341
504	383	898	90	90	19723348
499	380	898	90	90	19723354
494	378	898	90	90	19723360
490	375	902	90	90	19723366
486	373	902	90	90	19723373
482	372	906	90	90	19723379
479	370	906	90	90	19723385
476	369	910	90	90	19723391
474	368	918	90	90	19723398
472	368	922	90	90	19723404
471	367	932	90	90	19723416
470	367	942	90	90	19723435
471	366	950	90	90	19723441
472	365	954	90	90	19723448
474	364	958	90	90	19723454
476	362	962	90	90	19723460
478	361	966	90	90	19723466
481	359	970	90	90	19723473
485	357	970	90	90	19723479
489	355	974	90	90	19723485
493	353	978	90	90	19723491
498	350	982	90	90	19723498
504	348	986	90	90	19723504
509	346	990	90	90	19723510
514	343	994	90	90	19723516
519	341	998	90	90	19723523
524	339	1002	90	90	19723529
529	336	1006	90	90	19723535
534	333	1006	90	90	19723541
538	331	1002	90	90	19723548
542	328	998	90	90	19723554
545	326	982	90	90	19723560
548	323	958	90	90	19723566
550	321	869	90	90	19723573
552	319	708	90	90	19723579
553	319	456	90	90	19723591
554	319	86	90	90	19723604
3
1
318	435	0	90	90	19793091
105
511	613	203	90	90	19793723
512	614	499	90	90	19793729
515	614	636	90	90	19793736
518	614	769	90	90	19793742
522	614	781	90	90	19793748
527	615	797	90	90	19793754
533	615	813	90	90	19793761
541	615	829	90	90	19793767
549	616	845	90	90	19793773
557	616	861	90	90	19793779
567	617	878	90	90	19793786
577	618	890	90	90	19793792
588	618	902	90	90	19793798
599	618	914	90	90	19793804
610	619	926	90	90	19793811
621	619	934	90	90	19793817
633	620	946	90	90	19793823
644	620	954	90	90	19793829
656	620	962	90	90	19793836
667	621	966	90	90	19793842
677	621	970	90	90	19793848
687	621	974	90	90	19793854
696	621	974	90	90	19793861
705	620	974	90	90	19793867
712	620	974	90	90	19793873
719	619	974	90	90	19793879
725	618	974	90	90	19793886
730	617	974	90	90	19793892
734	615	974	90	90	19793898
738	613	974	90	90	19793904
740	612	974	90	90	19793911
742	610	974	90	90	19793917
744	607	978	90	90	19793923
746	605	978	90	90	19793929
747	602	982	90	90	19793936
747	599	982	90	90	19793942
748	596	986	90	90	19793948
748	592	986	90	90	19793954
748	587	986	90	90	19793961
748	582	990	90	90	19793967
748	577	990	90	90	19793973
747	571	990	90	90	19793979
747	564	990	90	90	19793986
747	557	990	90	90	19793992
747	549	986	90	90	19793998
746	541	986	90	90	19794004
746	532	986	90	90	19794011
746	522	986	90	90	19794017
746	512	986	90	90	19794023
746	502	990	90	90	19794029
746	491	990	90	90	19794036
746	480	990	90	90	19794042
746	468	994	90	90	19794048
746	457	994	90	90	19794054
746	446	998	90	90	19794061
747	435	1002	90	90	19794067
747	424	1006	90	90	19794073
747	413	1010	90	90	19794079
748	403	1010	90	90	19794086
748	393	1014	90	90	19794092
748	384	1023	90	90	19794098
748	376	1023	90	90	19794104
748	368	1023	90	90	19794111
749	361	1023	90	90	19794117
748	355	1023	90	90	19794123
748	350	1023	90	90	19794129
748	345	1023	90	90	19794136
747	342	1023	90	90	19794142
746	339	1023	90	90	19794148
745	337	1023	90	90	19794154
743	335	1023	90	90	19794161
741	335	1023	90	90	19794167
739	334	1023	90	90	19794173
736	335	1023	90	90	19794179
732	335	1023	90	90	19794186
728	336	1023	90	90	19794192
723	337	1023	90	90	19794198
717	339	1023	90	90	19794204
710	340	1023	90	90	19794211
703	341	1023	90	90	19794217
694	342	1023	90	90	19794223
686	343	1023	90	90	19794229
676	343	1023	90	90	19794236
665	344	1023	90	90	19794242
654	344	1023	90	90	19794248
642	344	1023	90	90	19794254
630	343	1023	90	90	19794261
617	343	1023	90	90	19794267
604	342	1023	90	90	19794273
591	340	1023	90	90	19794279
579	339	1023	90	90	19794286
567	337	1023	90	90	19794292
556	335	1023	90	90	19794298
545	333	1023	90	90	19794304
535	331	1023	90	90	19794311
526	329	1023	90	90	19794317
519	327	1010	90	90	19794323
513	326	994	90	90	19794329
507	325	966	90	90	19794336
503	324	898	90	90	19794342
500	324	741	90	90	19794348
498	324	571	90	90	19794354
496	324	390	90	90	19794361
496	325	205	90	90	19794367
495	326	8	90	90	19794379
53
551	365	92	90	90	19794642
553	366	527	90	90	19794673
551	365	777	90	90	19794679
549	364	801	90	90	19794686
547	363	817	90	90	19794692
544	361	829	90	90	19794698
541	359	837	90	90	19794704
537	357	841	90	90	19794711
533	355	841	90	90	19794717
529	352	845	90	90	19794723
524	349	845	90	90	19794729
519	347	845	90	90	19794736
514	344	849	90	90	19794742
509	341	849	90	90	19794748
505	339	857	90	90	19794754
500	336	861	90	90	19794761
497	334	869	90	90	19794767
493	333	878	90	90	19794773
491	331	886	90	90	19794779
489	330	894	90	90	19794786
487	330	902	90	90	19794792
486	329	914	90	90	19794804
485	329	930	90	90	19794836
486	329	936	90	90	19794848
487	328	942	90	90	19794854
488	328	942	90	90	19794861
489	327	946	90	90	19794867
490	326	950	90	90	19794873
492	325	954	90	90	19794879
494	323	962	90	90	19794886
496	321	970	90	90	19794892
499	319	978	90	90	19794898
502	317	982	90	90	19794904
506	315	990	90	90	19794911
510	312	998	90	90	19794917
514	309	1006	90	90	19794923
519	307	1010	90	90	19794929
524	304	1014	90	90	19794936
530	301	1023	90	90	19794942
535	298	1023	90	90	19794948
540	295	1023	90	90	19794954
545	293	1023	90	90	19794961
550	290	1023	90	90	19794967
554	287	1023	90	90	19794973
558	285	1023	90	90	19794979
561	282	1023	90	90	19794986
564	279	1023	90	90	19794992
566	276	1023	90	90	19794998
568	274	1002	90	90	19795004
569	271	946	90	90	19795011
570	269	789	90	90	19795017
571	268	438	90	90	19795036
569	270	26	90	90	19795048
4
1
656	578	0	90	90	19868767
116
517	636	56	90	90	19868986
515	636	277	90	90	19868999
515	635	491	90	90	19869005
516	635	628	90	90	19869011
519	634	761	90	90	19869017
522	634	773	90	90	19869024
526	633	789	90	90	19869030
531	632	805	90	90	19869036
537	632	825	90	90	19869042
544	631	845	90	90	19869049
552	631	865	90	90	19869055
561	631	886	90	90	19869061
570	630	902	90	90	19869067
581	630	914	90	90	19869074
592	630	926	90	90	19869080
603	631	938	90	90	19869086
615	631	946	90	90	19869092
627	631	954	90	90	19869099
639	631	962	90	90	19869105
650	632	966	90	90	19869111
662	632	974	90	90	19869117
674	632	974	90	90	19869124
685	633	978	90	90	19869130
695	633	978	90	90	19869136
705	633	978	90	90	19869142
715	633	978	90	90	19869149
723	633	978	90	90	19869155
731	632	978	90	90	19869161
738	632	978	90	90	19869167
744	631	978	90	90	19869174
750	630	978	90	90	19869180
754	629	978	90	90	19869186
758	628	978	90	90	19869192
762	627	978	90	90	19869199
764	625	978	90	90	19869205
766	623	978	90	90	19869211
768	621	978	90	90	19869217
769	619	978	90	90	19869224
770	616	978	90	90	19869230
770	613	982	90	90	19869236
770	610	982	90	90	19869242
770	606	982	90	90	19869249
770	602	982	90	90	19869255
769	598	978	90	90	19869261
769	592	978	90	90	19869267
768	587	978	90	90	19869274
767	580	978	90	90	19869280
767	573	978	90	90	19869286
766	566	978	90	90	19869292
766	558	978	90	90	19869299
765	550	978	90	90	19869305
765	541	978	90	90	19869311
765	531	978	90	90	19869317
765	521	978	90	90	19869324
765	511	978	90	90	19869330
764	501	974	90	90	19869336
764	490	974	90	90	19869342
764	479	974	90	90	19869349
764	468	978	90	90	19869355
764	457	978	90	90	19869361
763	446	978	90	90	19869367
763	435	982	90	90	19869374
763	424	986	90	90	19869380
762	414	986	90	90	19869386
762	405	990	90	90	19869392
762	396	994	90	90	19869399
762	388	994	90	90	19869405
761	381	994	90	90	19869411
761	374	998	90	90	19869417
761	368	998	90	90	19869424
761	363	998	90	90	19869430
760	359	998	90	90	19869436
760	355	998	90	90	19869442
759	352	998	90	90	19869449
759	350	998	90	90	19869455
757	348	998	90	90	19869461
756	347	998	90	90	19869467
754	346	998	90	90	19869474
751	346	998	90	90	19869480
749	346	998	90	90	19869486
745	347	998	90	90	19869492
742	347	998	90	90	19869499
737	348	998	90	90	19869505
732	349	998	90	90	19869511
727	351	998	90	90	19869517
721	352	998	90	90	19869524
714	354	998	90	90	19869530
707	355	998	90	90	19869536
699	357	998	90	90	19869542
690	359	998	90	90	19869549
681	360	994	90	90	19869555
671	362	994	90	90	19869561
661	363	994	90	90	19869567
651	365	994	90	90	19869574
640	365	994	90	90	19869580
629	366	994	90	90	19869586
618	366	994	90	90	19869592
607	366	994	90	90	19869599
595	366	994	90	90	19869605
585	366	994	90	90	19869611
574	365	998	90	90	19869617
564	364	998	90	90	19869624
555	363	998	90	90	19869630
546	362	998	90	90	19869636
539	361	998	90	90	19869642
531	361	994	90	90	19869649
525	360	990	90	90	19869655
520	360	986	90	90	19869661
516	360	970	90	90	19869667
512	360	946	90	90	19869674
510	361	886	90	90	19869680
509	362	733	90	90	19869686
508	363	567	90	90	19869692
509	365	394	90	90	19869699
510	367	213	90	90	19869705
512	369	14	90	90	19869717
63
578	409	124	90	90	19869967
579	410	273	90	90	19869974
580	410	560	90	90	19869992
580	408	733	90	90	19869999
580	407	765	90	90	19870005
579	406	793	90	90	19870011
578	404	813	90	90	19870017
576	402	829	90	90	19870024
574	400	837	90	90	19870030
572	398	845	90	90	19870036
569	396	853	90	90	19870042
565	394	857	90	90	19870049
562	392	857	90	90	19870055
558	390	861	90	90	19870061
554	387	861	90	90	19870067
550	385	865	90	90	19870074
545	384	865	90	90	19870080
541	382	869	90	90	19870086
537	380	869	90	90	19870092
533	378	873	90	90	19870099
530	377	873	90	90	19870105
526	375	878	90	90	19870111
523	374	882	90	90	19870117
520	373	886	90	90	19870124
517	372	890	90	90	19870130
515	371	898	90	90	19870136
513	370	902	90	90	19870142
511	369	906	90	90	19870149
509	368	910	90	90	19870155
508	368	910	90	90	19870161
507	367	914	90	90	19870167
506	367	918	90	90	19870174
505	366	918	90	90	19870186
504	366	923	90	90	19870211
503	365	932	90	90	19870261
504	364	946	90	90	19870280
505	363	954	90	90	19870292
506	362	962	90	90	19870299
507	361	966	90	90	19870305
509	359	970	90	90	19870311
511	357	974	90	90	19870317
513	355	982	90	90	19870324
516	352	986	90	90	19870330
519	350	994	90	90	19870336
522	347	998	90	90	19870342
526	344	1002	90	90	19870349
531	341	1006	90	90	19870355
535	337	1010	90	90	19870361
540	334	1014	90	90	19870367
545	331	1023	90	90	19870374
550	328	1023	90	90	19870380
555	325	1023	90	90	19870386
560	322	1023	90	90	19870392
565	319	1023	90	90	19870399
570	316	1023	90	90	19870405
575	313	1023	90	90	19870411
579	310	1002	90	90	19870417
582	307	978	90	90	19870424
586	305	914	90	90	19870430
588	302	757	90	90	19870436
590	300	592	90	90	19870442
591	298	406	90	90	19870449
592	297	84	90	90	19870467
5
287	394	36	90	90	19871208
286	394	205	90	90	19871214
285	394	438	90	90	19871226
284	393	575	90	90	19871239
283	392	208	90	90	19871264
3
1
630	552	0	90	90	19948121
109
505	599	60	90	90	19948415
504	600	225	90	90	19948421
503	600	540	90	90	19948440
504	600	837	90	90	19948446
505	600	861	90	90	19948453
507	600	873	90	90	19948459
510	600	886	90	90	19948465
513	600	902	90	90	19948471
517	600	918	90	90	19948478
522	600	926	90	90	19948484
528	600	938	90	90	19948490
534	600	946	90	90	19948496
542	601	954	90	90	19948503
550	601	962	90	90	19948509
559	602	970	90	90	19948515
569	602	978	90	90	19948521
580	603	986	90	90	19948528
591	604	990	90	90	19948534
602	605	998	90	90	19948540
614	605	1002	90	90	19948546
626	606	1010	90	90	19948553
638	607	1014	90	90	19948559
649	607	1014	90	90	19948565
660	608	1023	90	90	19948571
671	608	1023	90	90	19948578
681	609	1023	90	90	19948584
690	609	1023	90	90	19948590
698	609	1023	90	90	19948596
706	609	1023	90	90	19948603
713	609	1023	90	90	19948609
718	609	1023	90	90	19948615
723	608	1023	90	90	19948621
728	608	1023	90	90	19948628
731	607	1023	90	90	19948634
734	606	1023	90	90	19948640
736	605	1023	90	90	19948646
737	603	1023	90	90	19948653
738	601	1023	90	90	19948659
739	599	1023	90	90	19948665
739	596	1023	90	90	19948671
739	594	1023	90	90	19948678
739	590	1023	90	90	19948684
738	586	1023	90	90	19948690
738	582	1023	90	90	19948696
737	577	1023	90	90	19948703
736	572	1023	90	90	19948709
736	566	1023	90	90	19948715
735	559	1023	90	90	19948721
735	552	1023	90	90	19948728
734	545	1023	90	90	19948734
733	536	1023	90	90	19948740
732	528	1023	90	90	19948746
731	519	1023	90	90	19948753
730	509	1023	90	90	19948759
729	499	1023	90	90	19948765
728	489	1023	90	90	19948771
727	478	1023	90	90	19948778
726	467	1023	90	90	19948784
725	456	1023	90	90	19948790
724	446	1023	90	90	19948796
723	435	1023	90	90	19948803
722	425	1023	90	90	19948809
722	416	1023	90	90	19948815
721	407	1023	90	90	19948821
721	398	1023	90	90	19948828
720	390	1023	90	90	19948834
719	383	1023	90	90	19948840
719	377	1023	90	90	19948846
718	372	1023	90	90	19948853
718	366	1023	90	90	19948859
717	362	1023	90	90	19948865
715	358	1023	90	90	19948871
714	355	1023	90	90	19948878
713	352	1023	90	90	19948884
711	350	1023	90	90	19948890
709	348	1023	90	90	19948896
707	346	1023	90	90	19948903
704	345	1023	90	90	19948909
700	345	1023	90	90	19948915
697	345	1023	90	90	19948921
693	345	1023	90	90	19948928
688	345	1023	90	90	19948934
682	346	1023	90	90	19948940
676	347	1023	90	90	19948946
669	348	1023	90	90	19948953
662	349	1023	90	90	19948959
654	350	1023	90	90	19948965
645	351	1023	90	90	19948971
635	351	1023	90	90	19948978
625	351	1023	90	90	19948984
614	351	1023	90	90	19948990
603	351	1023	90	90	19948996
592	350	1023	90	90	19949003
581	349	1023	90	90	19949009
570	348	1023	90	90	19949015
559	347	1023	90	90	19949021
549	346	1023	90	90	19949028
539	345	1023	90	90	19949034
530	343	1023	90	90	19949040
522	342	1023	90	90	19949046
515	341	1023	90	90	19949053
508	341	1023	90	90	19949059
503	340	1023	90	90	19949065
499	339	1023	90	90	19949071
496	339	1014	90	90	19949078
494	339	978	90	90	19949084
493	339	778	90	90	19949096
493	340	436	90	90	19949109
494	342	74	90	90	19949121
53
563	388	40	90	90	19949346
562	388	205	90	90	19949353
561	387	370	90	90	19949359
560	386	527	90	90	19949365
558	384	668	90	90	19949371
556	382	809	90	90	19949378
553	379	821	90	90	19949384
550	377	833	90	90	19949390
547	373	841	90	90	19949396
543	370	849	90	90	19949403
539	367	849	90	90	19949409
534	363	853	90	90	19949415
530	360	853	90	90	19949421
525	357	857	90	90	19949428
519	353	861	90	90	19949434
515	350	869	90	90	19949440
510	347	878	90	90	19949446
505	345	886	90	90	19949453
501	342	894	90	90	19949459
497	340	906	90	90	19949465
494	339	914	90	90	19949471
491	338	922	90	90	19949478
489	336	934	90	90	19949484
487	336	938	90	90	19949490
486	335	954	90	90	19949521
488	335	966	90	90	19949528
489	335	966	90	90	19949534
491	335	970	90	90	19949540
493	334	974	90	90	19949546
495	333	978	90	90	19949553
499	332	982	90	90	19949559
502	330	986	90	90	19949565
506	328	986	90	90	19949571
511	326	990	90	90	19949578
516	324	994	90	90	19949584
521	322	1002	90	90	19949590
527	320	1006	90	90	19949596
534	317	1010	90	90	19949603
540	315	1023	90	90	19949609
547	313	1023	90	90	19949615
554	310	1023	90	90	19949621
560	308	1023	90	90	19949628
567	306	1023	90	90	19949634
573	303	1023	90	90	19949640
579	300	1023	90	90	19949646
584	298	1023	90	90	19949653
589	295	1023	90	90	19949659
592	293	1023	90	90	19949665
596	291	1006	90	90	19949671
598	289	970	90	90	19949678
601	288	817	90	90	19949684
602	287	469	90	90	19949703
602	288	40	90	90	19949715
4
1
590	527	0	90	90	20018533
99
496	625	24	90	90	20018933
495	625	334	90	90	20018952
496	624	632	90	90	20018958
497	623	765	90	90	20018965
499	623	801	90	90	20018971
502	622	809	90	90	20018977
505	621	825	90	90	20018983
510	620	841	90	90	20018990
515	619	857	90	90	20018996
521	619	873	90	90	20019002
529	618	890	90	90	20019008
537	618	902	90	90	20019015
545	617	914	90	90	20019021
555	617	926	90	90	20019027
565	617	934	90	90	20019033
576	617	942	90	90	20019040
587	617	946	90	90	20019046
598	618	954	90	90	20019052
609	618	958	90	90	20019058
620	618	962	90	90	20019065
631	619	966	90	90	20019071
641	619	966	90	90	20019077
650	619	970	90	90	20019083
659	619	974	90	90	20019090
667	618	974	90	90	20019096
675	617	974	90	90	20019102
681	617	974	90	90	20019108
687	615	974	90	90	20019115
692	614	974	90	90	20019121
696	612	974	90	90	20019127
699	610	974	90	90	20019133
702	608	974	90	90	20019140
704	605	974	90	90	20019146
705	601	978	90	90	20019152
705	597	978	90	90	20019158
705	593	978	90	90	20019165
704	587	978	90	90	20019171
703	581	978	90	90	20019177
701	575	982	90	90	20019183
700	567	982	90	90	20019190
698	559	982	90	90	20019196
696	551	982	90	90	20019202
694	542	986	90	90	20019208
692	532	986	90	90	20019215
690	522	990	90	90	20019221
688	511	994	90	90	20019227
686	500	994	90	90	20019233
685	489	998	90	90	20019240
684	478	1002	90	90	20019246
683	467	1006	90	90	20019252
682	456	1010	90	90	20019258
681	445	1014	90	90	20019265
680	435	1023	90	90	20019271
679	425	1023	90	90	20019277
678	416	1023	90	90	20019283
678	408	1023	90	90	20019290
677	400	1023	90	90	20019296
676	393	1023	90	90	20019302
674	386	1023	90	90	20019308
673	381	1023	90	90	20019315
671	376	1023	90	90	20019321
670	372	1023	90	90	20019327
668	369	1023	90	90	20019333
666	366	1023	90	90	20019340
663	364	1023	90	90	20019346
661	363	1023	90	90	20019352
658	362	1023	90	90	20019358
654	361	1023	90	90	20019365
650	361	1023	90	90	20019371
646	361	1023	90	90	20019377
641	362	1023	90	90	20019383
635	363	1023	90	90	20019390
629	364	1023	90	90	20019396
623	365	1023	90	90	20019402
616	366	1023	90	90	20019408
608	368	1023	90	90	20019415
600	369	1023	90	90	20019421
592	370	1023	90	90	20019427
583	371	1023	90	90	20019433
574	372	1023	90	90	20019440
564	373	1023	90	90	20019446
555	373	1023	90	90	20019452
545	373	1023	90	90	20019458
535	373	1023	90	90	20019465
525	373	1023	90	90	20019471
516	372	1023	90	90	20019477
507	372	1023	90	90	20019483
499	371	1023	90	90	20019490
491	371	1023	90	90	20019496
484	370	1023	90	90	20019502
478	370	1023	90	90	20019508
473	369	1023	90	90	20019515
469	369	1023	90	90	20019521
466	369	1023	90	90	20019527
464	369	872	90	90	20019546
465	370	559	90	90	20019552
466	372	378	90	90	20019558
468	373	181	90	90	20019565
471	375	0	90	90	20019577
59
555	418	24	90	90	20019765
554	419	177	90	90	20019771
552	419	346	90	90	20019777
551	419	511	90	90	20019783
550	418	656	90	90	20019790
548	417	797	90	90	20019796
545	416	821	90	90	20019802
543	414	837	90	90	20019808
539	412	849	90	90	20019815
536	409	857	90	90	20019821
531	406	865	90	90	20019827
527	403	869	90	90	20019833
521	400	873	90	90	20019840
516	396	878	90	90	20019846
511	393	878	90	90	20019852
505	390	882	90	90	20019858
499	387	886	90	90	20019865
493	384	894	90	90	20019871
488	382	902	90	90	20019877
483	379	910	90	90	20019883
478	377	918	90	90	20019890
474	375	926	90	90	20019896
470	373	934	90	90	20019902
467	372	942	90	90	20019908
464	371	950	90	90	20019915
462	370	954	90	90	20019921
460	369	958	90	90	20019927
459	369	964	90	90	20019952
460	368	974	90	90	20019958
461	368	978	90	90	20019965
463	367	982	90	90	20019971
465	367	990	90	90	20019977
468	367	994	90	90	20019983
471	366	1002	90	90	20019990
475	365	1006	90	90	20019996
480	364	1010	90	90	20020002
485	362	1023	90	90	20020008
490	360	1023	90	90	20020015
496	358	1023	90	90	20020021
503	356	1023	90	90	20020027
510	354	1023	90	90	20020033
517	352	1023	90	90	20020040
524	350	1023	90	90	20020046
531	348	1023	90	90	20020052
538	346	1023	90	90	20020058
544	344	1023	90	90	20020065
551	343	1023	90	90	20020071
557	341	1023	90	90	20020077
562	339	1023	90	90	20020083
567	338	1023	90	90	20020090
572	336	1023	90	90	20020096
576	334	1023	90	90	20020102
580	332	1023	90	90	20020108
583	331	1014	90	90	20020115
585	329	974	90	90	20020121
587	328	813	90	90	20020127
588	327	555	90	90	20020140
588	328	273	90	90	20020146
587	330	36	90	90	20020158
7
277	402	88	90	90	20020979
277	400	273	90	90	20020985
277	399	439	90	90	20020991
277	398	601	90	90	20021004
278	397	541	90	90	20021016
279	398	285	90	90	20021023
280	399	52	90	90	20021035
4
1
620	572	0	90	90	20091768
110
485	619	124	90	90	20091968
484	618	257	90	90	20091975
485	617	390	90	90	20091981
487	617	527	90	90	20091987
489	617	648	90	90	20091993
493	616	668	90	90	20092000
497	616	692	90	90	20092006
502	616	720	90	90	20092012
508	617	749	90	90	20092018
515	617	773	90	90	20092025
523	617	797	90	90	20092031
532	617	817	90	90	20092037
541	618	837	90	90	20092043
551	618	849	90	90	20092050
561	618	861	90	90	20092056
572	619	873	90	90	20092062
583	620	886	90	90	20092068
595	620	894	90	90	20092075
606	621	902	90	90	20092081
618	621	910	90	90	20092087
629	622	914	90	90	20092093
640	623	922	90	90	20092100
651	623	926	90	90	20092106
661	624	926	90	90	20092112
671	624	930	90	90	20092118
681	624	930	90	90	20092125
689	624	930	90	90	20092131
697	624	930	90	90	20092137
704	623	930	90	90	20092143
710	622	930	90	90	20092150
715	621	930	90	90	20092156
720	620	930	90	90	20092162
723	619	930	90	90	20092168
727	618	930	90	90	20092175
729	616	930	90	90	20092181
731	614	930	90	90	20092187
733	612	930	90	90	20092193
734	610	934	90	90	20092200
735	607	934	90	90	20092206
735	604	938	90	90	20092212
735	600	942	90	90	20092218
736	597	942	90	90	20092225
736	592	946	90	90	20092231
736	588	946	90	90	20092237
736	582	946	90	90	20092243
736	576	946	90	90	20092250
737	570	950	90	90	20092256
737	563	950	90	90	20092262
738	556	950	90	90	20092268
738	548	950	90	90	20092275
739	540	950	90	90	20092281
739	531	954	90	90	20092287
740	522	954	90	90	20092293
740	513	954	90	90	20092300
740	503	958	90	90	20092306
741	494	962	90	90	20092312
741	484	966	90	90	20092318
741	474	970	90	90	20092325
740	464	978	90	90	20092331
740	454	982	90	90	20092337
740	445	986	90	90	20092343
739	436	990	90	90	20092350
738	428	994	90	90	20092356
738	421	998	90	90	20092362
737	414	998	90	90	20092368
737	408	1002	90	90	20092375
736	403	1002	90	90	20092381
735	398	1002	90	90	20092387
734	394	1002	90	90	20092393
733	391	1002	90	90	20092400
732	388	1002	90	90	20092406
730	386	1002	90	90	20092412
729	384	998	90	90	20092418
726	383	998	90	90	20092425
724	382	998	90	90	20092431
721	381	998	90	90	20092437
717	381	1002	90	90	20092443
713	381	1002	90	90	20092450
708	381	1002	90	90	20092456
703	382	1002	90	90	20092462
697	383	1002	90	90	20092468
691	383	1002	90	90	20092475
683	384	1002	90	90	20092481
675	385	1002	90	90	20092487
666	386	1002	90	90	20092493
656	387	1002	90	90	20092500
646	387	998	90	90	20092506
635	388	998	90	90	20092512
624	388	998	90	90	20092518
612	388	998	90	90	20092525
600	387	998	90	90	20092531
588	386	998	90	90	20092537
575	385	994	90	90	20092543
563	384	994	90	90	20092550
552	382	994	90	90	20092556
540	381	994	90	90	20092562
529	379	994	90	90	20092568
519	377	994	90	90	20092575
509	376	994	90	90	20092581
501	375	994	90	90	20092587
493	374	994	90	90	20092593
487	373	986	90	90	20092600
482	372	978	90	90	20092606
478	372	954	90	90	20092612
475	372	914	90	90	20092618
473	373	761	90	90	20092625
473	374	600	90	90	20092631
473	375	422	90	90	20092637
473	376	245	90	90	20092643
474	378	26	90	90	20092656
55
535	415	4	90	90	20092887
534	415	165	90	90	20092893
533	413	334	90	90	20092900
532	412	487	90	90	20092906
531	411	632	90	90	20092912
529	409	769	90	90	20092918
527	407	789	90	90	20092925
524	405	797	90	90	20092931
521	402	801	90	90	20092937
518	400	805	90	90	20092943
514	397	805	90	90	20092950
509	394	809	90	90	20092956
505	391	813	90	90	20092962
500	388	813	90	90	20092968
495	385	817	90	90	20092975
490	383	825	90	90	20092981
485	381	829	90	90	20092987
480	379	837	90	90	20092993
476	377	841	90	90	20093000
472	376	853	90	90	20093006
469	374	861	90	90	20093012
467	374	869	90	90	20093018
464	373	882	90	90	20093025
463	372	886	90	90	20093031
462	372	896	90	90	20093043
461	371	904	90	90	20093056
462	370	906	90	90	20093062
463	370	910	90	90	20093068
465	369	914	90	90	20093075
467	368	918	90	90	20093081
469	367	922	90	90	20093087
472	366	930	90	90	20093093
475	365	938	90	90	20093100
479	363	942	90	90	20093106
484	361	950	90	90	20093112
489	359	958	90	90	20093118
494	357	966	90	90	20093125
500	355	970	90	90	20093131
506	353	978	90	90	20093137
513	350	982	90	90	20093143
519	348	990	90	90	20093150
526	346	994	90	90	20093156
533	344	998	90	90	20093162
539	343	1002	90	90	20093168
545	341	1006	90	90	20093175
551	340	1010	90	90	20093181
556	339	1010	90	90	20093187
561	338	1006	90	90	20093193
565	336	1002	90	90	20093200
569	335	990	90	90	20093206
571	334	966	90	90	20093212
574	333	902	90	90	20093218
576	332	749	90	90	20093225
577	332	402	90	90	20093243
575	332	14	90	90	20093256
3
281	398	342	90	90	20093568
282	397	782	90	90	20093587
282	396	272	90	90	20093618
