6
1
652	555	0	90	90	19448172
97
681	626	32	90	90	19448479
681	627	257	90	90	19448491
679	628	479	90	90	19448497
678	628	624	90	90	19448504
676	629	753	90	90	19448510
674	629	765	90	90	19448516
671	630	773	90	90	19448522
667	630	777	90	90	19448529
663	630	781	90	90	19448535
659	630	785	90	90	19448541
654	630	785	90	90	19448547
648	630	781	90	90	19448554
642	630	781	90	90	19448560
635	629	777	90	90	19448566
628	629	777	90	90	19448572
621	628	773	90	90	19448579
614	627	773	90	90	19448585
607	626	769	90	90	19448591
600	625	769	90	90	19448597
594	624	773	90	90	19448604
589	623	781	90	90	19448610
584	623	789	90	90	19448616
580	622	797	90	90	19448622
577	621	809	90	90	19448629
574	620	821	90	90	19448635
571	619	833	90	90	19448641
569	618	845	90	90	19448647
568	616	857	90	90	19448654
566	614	865	90	90	19448660
565	612	873	90	90	19448666
564	610	878	90	90	19448672
564	607	882	90	90	19448679
563	604	886	90	90	19448685
563	600	886	90	90	19448691
563	596	890	90	90	19448697
563	591	890	90	90	19448704
563	586	894	90	90	19448710
563	579	894	90	90	19448716
563	573	898	90	90	19448722
563	565	898	90	90	19448729
563	557	898	90	90	19448735
563	548	902	90	90	19448741
563	539	902	90	90	19448747
563	529	902	90	90	19448754
562	518	898	90	90	19448760
562	507	898	90	90	19448766
561	496	898	90	90	19448772
560	484	894	90	90	19448779
559	472	898	90	90	19448785
558	460	898	90	90	19448791
557	448	902	90	90	19448797
556	436	906	90	90	19448804
555	425	910	90	90	19448810
554	414	918	90	90	19448816
553	404	926	90	90	19448822
551	394	930	90	90	19448829
550	385	938	90	90	19448835
549	376	942	90	90	19448841
548	369	946	90	90	19448847
547	362	950	90	90	19448854
546	356	954	90	90	19448860
546	351	954	90	90	19448866
545	347	958	90	90	19448872
545	344	958	90	90	19448879
545	341	958	90	90	19448885
545	340	962	90	90	19448891
545	339	962	90	90	19448904
547	337	966	90	90	19448910
548	337	966	90	90	19448916
549	338	970	90	90	19448922
551	338	974	90	90	19448929
553	338	978	90	90	19448935
556	339	982	90	90	19448941
560	340	986	90	90	19448947
564	340	986	90	90	19448954
569	341	990	90	90	19448960
576	341	990	90	90	19448966
583	342	994	90	90	19448972
590	342	994	90	90	19448979
599	343	994	90	90	19448985
607	343	998	90	90	19448991
616	343	998	90	90	19448997
625	343	998	90	90	19449004
633	343	998	90	90	19449010
642	343	998	90	90	19449016
650	343	998	90	90	19449022
657	342	994	90	90	19449029
664	341	990	90	90	19449035
671	341	982	90	90	19449041
677	340	970	90	90	19449047
682	340	946	90	90	19449054
687	340	906	90	90	19449060
691	340	757	90	90	19449066
695	340	596	90	90	19449072
698	341	422	90	90	19449079
700	343	245	90	90	19449085
702	346	30	90	90	19449097
25
653	540	16	90	90	19449366
652	539	169	90	90	19449372
652	538	326	90	90	19449379
652	537	487	90	90	19449385
652	535	636	90	90	19449391
652	532	777	90	90	19449397
651	528	805	90	90	19449404
651	523	825	90	90	19449410
651	517	849	90	90	19449416
650	511	869	90	90	19449422
650	503	886	90	90	19449429
649	495	898	90	90	19449435
647	487	910	90	90	19449441
646	479	918	90	90	19449447
645	471	926	90	90	19449454
644	463	930	90	90	19449460
642	456	934	90	90	19449466
641	450	934	90	90	19449472
640	444	930	90	90	19449479
640	440	918	90	90	19449485
639	437	898	90	90	19449491
639	434	849	90	90	19449497
639	433	556	90	90	19449516
640	435	229	90	90	19449522
640	437	28	90	90	19449535
33
643	468	136	90	90	19449629
642	469	289	90	90	19449635
641	469	527	90	90	19449647
642	469	753	90	90	19449654
644	470	813	90	90	19449660
646	470	845	90	90	19449666
650	470	873	90	90	19449672
654	470	898	90	90	19449679
660	470	922	90	90	19449685
666	470	938	90	90	19449691
674	471	950	90	90	19449697
682	471	962	90	90	19449704
691	471	974	90	90	19449710
701	471	982	90	90	19449716
711	471	994	90	90	19449722
721	471	1006	90	90	19449729
732	471	1014	90	90	19449735
743	471	1023	90	90	19449741
753	471	1023	90	90	19449747
764	471	1023	90	90	19449754
774	470	1023	90	90	19449760
784	470	1023	90	90	19449766
793	470	1023	90	90	19449772
801	469	1023	90	90	19449779
809	469	1023	90	90	19449785
815	469	1023	90	90	19449791
821	468	1014	90	90	19449797
825	468	986	90	90	19449804
829	468	914	90	90	19449810
830	469	668	90	90	19449822
830	470	394	90	90	19449829
827	471	209	90	90	19449835
823	473	8	90	90	19449847
34
565	477	108	90	90	19450166
563	477	261	90	90	19450172
561	477	418	90	90	19450179
560	478	575	90	90	19450185
557	478	724	90	90	19450191
555	478	785	90	90	19450197
552	479	829	90	90	19450204
549	479	865	90	90	19450210
545	479	898	90	90	19450216
541	480	918	90	90	19450222
536	480	934	90	90	19450229
530	480	950	90	90	19450235
524	480	958	90	90	19450241
517	480	966	90	90	19450247
509	479	970	90	90	19450254
501	479	974	90	90	19450260
493	478	978	90	90	19450266
484	477	982	90	90	19450272
475	477	982	90	90	19450279
466	476	982	90	90	19450285
457	475	986	90	90	19450291
448	474	986	90	90	19450297
440	473	990	90	90	19450304
432	472	994	90	90	19450310
424	471	994	90	90	19450316
418	471	998	90	90	19450322
412	470	998	90	90	19450329
407	470	994	90	90	19450335
404	470	982	90	90	19450341
401	470	962	90	90	19450347
399	470	922	90	90	19450354
398	470	688	90	90	19450366
397	472	339	90	90	19450379
397	473	30	90	90	19450391
6
271	391	80	90	90	19450647
272	391	343	90	90	19450660
273	390	638	90	90	19450672
274	390	619	90	90	19450685
275	390	295	90	90	19450697
277	390	14	90	90	19450710
6
1
726	552	0	90	90	19521718
96
679	643	98	90	90	19521962
679	644	380	90	90	19521975
677	644	588	90	90	19521981
676	645	704	90	90	19521987
674	645	704	90	90	19521993
672	646	704	90	90	19522000
669	646	708	90	90	19522006
666	647	712	90	90	19522012
661	647	712	90	90	19522018
657	647	720	90	90	19522025
651	647	720	90	90	19522031
645	647	724	90	90	19522037
639	647	728	90	90	19522043
633	647	733	90	90	19522050
626	647	737	90	90	19522056
619	647	745	90	90	19522062
612	647	753	90	90	19522068
606	647	761	90	90	19522075
600	646	769	90	90	19522081
594	646	781	90	90	19522087
589	645	789	90	90	19522093
584	643	801	90	90	19522100
580	642	813	90	90	19522106
576	640	829	90	90	19522112
573	639	841	90	90	19522118
570	636	853	90	90	19522125
568	634	865	90	90	19522131
566	631	878	90	90	19522137
564	628	890	90	90	19522143
562	624	902	90	90	19522150
561	620	910	90	90	19522156
560	615	914	90	90	19522162
559	610	918	90	90	19522168
559	604	922	90	90	19522175
558	597	922	90	90	19522181
558	590	922	90	90	19522187
558	582	926	90	90	19522193
557	573	926	90	90	19522200
557	563	926	90	90	19522206
557	553	926	90	90	19522212
556	541	926	90	90	19522218
556	529	922	90	90	19522225
555	517	922	90	90	19522231
554	504	922	90	90	19522237
553	490	922	90	90	19522243
552	477	926	90	90	19522250
552	463	926	90	90	19522256
551	449	930	90	90	19522262
550	436	934	90	90	19522268
549	422	938	90	90	19522275
549	410	942	90	90	19522281
548	398	946	90	90	19522287
547	386	950	90	90	19522293
547	375	954	90	90	19522300
546	365	958	90	90	19522306
546	355	962	90	90	19522312
545	346	962	90	90	19522318
545	338	966	90	90	19522325
544	330	966	90	90	19522331
544	324	970	90	90	19522337
544	318	970	90	90	19522343
543	313	970	90	90	19522350
543	309	974	90	90	19522356
544	306	974	90	90	19522362
544	303	978	90	90	19522368
545	301	982	90	90	19522375
546	300	986	90	90	19522381
547	299	990	90	90	19522387
550	299	994	90	90	19522393
552	299	998	90	90	19522400
556	299	1002	90	90	19522406
560	300	1006	90	90	19522412
564	300	1010	90	90	19522418
570	301	1014	90	90	19522425
577	303	1014	90	90	19522431
584	304	1023	90	90	19522437
592	305	1023	90	90	19522443
601	307	1023	90	90	19522450
610	308	1023	90	90	19522456
620	309	1023	90	90	19522462
630	310	1023	90	90	19522468
639	311	1023	90	90	19522475
649	311	1023	90	90	19522481
658	312	1023	90	90	19522487
666	312	1023	90	90	19522493
674	312	1023	90	90	19522500
681	312	1023	90	90	19522506
687	312	1006	90	90	19522512
693	311	994	90	90	19522518
697	311	966	90	90	19522525
701	311	878	90	90	19522531
704	312	720	90	90	19522537
707	313	551	90	90	19522543
709	315	370	90	90	19522550
711	318	177	90	90	19522556
712	322	0	90	90	19522568
30
640	544	40	90	90	19522800
639	545	241	90	90	19522812
638	543	455	90	90	19522818
638	541	600	90	90	19522825
637	539	656	90	90	19522831
637	535	696	90	90	19522837
637	531	749	90	90	19522843
637	525	793	90	90	19522850
636	518	833	90	90	19522856
636	510	865	90	90	19522862
636	501	894	90	90	19522868
635	491	914	90	90	19522875
635	481	934	90	90	19522881
634	470	946	90	90	19522887
634	460	958	90	90	19522893
633	450	966	90	90	19522900
633	440	970	90	90	19522906
632	431	974	90	90	19522912
631	423	978	90	90	19522918
631	415	978	90	90	19522925
630	409	974	90	90	19522931
630	403	970	90	90	19522937
629	398	962	90	90	19522943
629	394	946	90	90	19522950
628	392	922	90	90	19522956
628	390	890	90	90	19522962
628	389	739	90	90	19522981
628	391	455	90	90	19522987
628	393	294	90	90	19522993
628	396	68	90	90	19523006
36
632	457	24	90	90	19523093
632	461	169	90	90	19523100
632	462	326	90	90	19523106
632	463	479	90	90	19523112
633	464	632	90	90	19523118
634	465	777	90	90	19523125
636	465	809	90	90	19523131
639	466	837	90	90	19523137
643	467	861	90	90	19523143
647	467	886	90	90	19523150
653	467	906	90	90	19523156
660	468	926	90	90	19523162
667	468	942	90	90	19523168
675	469	954	90	90	19523175
684	469	966	90	90	19523181
694	470	974	90	90	19523187
704	470	986	90	90	19523193
715	471	994	90	90	19523200
725	471	1002	90	90	19523206
736	472	1010	90	90	19523212
748	472	1014	90	90	19523218
759	473	1023	90	90	19523225
770	473	1023	90	90	19523231
780	473	1023	90	90	19523237
790	473	1023	90	90	19523243
799	473	1023	90	90	19523250
808	473	1023	90	90	19523256
816	472	1023	90	90	19523262
822	472	1010	90	90	19523268
828	472	990	90	90	19523275
832	472	954	90	90	19523281
836	472	813	90	90	19523287
838	472	644	90	90	19523293
839	473	467	90	90	19523300
838	474	285	90	90	19523306
836	475	48	90	90	19523318
30
558	466	12	90	90	19523656
556	466	173	90	90	19523662
554	466	342	90	90	19523668
552	466	511	90	90	19523675
549	467	660	90	90	19523681
546	467	813	90	90	19523687
543	468	857	90	90	19523693
538	468	886	90	90	19523700
533	469	910	90	90	19523706
527	469	926	90	90	19523712
521	469	942	90	90	19523718
514	468	950	90	90	19523725
506	468	958	90	90	19523731
497	467	962	90	90	19523737
489	466	966	90	90	19523743
479	465	970	90	90	19523750
470	464	974	90	90	19523756
461	463	974	90	90	19523762
452	461	978	90	90	19523768
443	460	978	90	90	19523775
435	459	978	90	90	19523781
427	457	978	90	90	19523787
420	456	974	90	90	19523793
414	455	966	90	90	19523800
408	454	942	90	90	19523806
404	454	813	90	90	19523812
401	453	656	90	90	19523818
398	453	487	90	90	19523825
396	453	306	90	90	19523831
395	454	62	90	90	19523843
1
283	389	226	90	90	19524125
6
1
650	557	0	90	90	19598408
93
696	638	40	90	90	19598727
694	640	189	90	90	19598733
693	640	338	90	90	19598740
692	641	479	90	90	19598746
690	641	628	90	90	19598752
688	642	757	90	90	19598758
685	642	777	90	90	19598765
681	643	789	90	90	19598771
677	643	805	90	90	19598777
672	643	813	90	90	19598783
667	644	821	90	90	19598790
662	644	821	90	90	19598796
656	645	821	90	90	19598802
649	646	825	90	90	19598808
642	646	825	90	90	19598815
636	647	825	90	90	19598821
629	648	825	90	90	19598827
622	648	829	90	90	19598833
616	648	829	90	90	19598840
610	648	837	90	90	19598846
604	648	845	90	90	19598852
599	647	853	90	90	19598858
595	647	861	90	90	19598865
591	645	869	90	90	19598871
588	644	878	90	90	19598877
585	642	890	90	90	19598883
582	640	898	90	90	19598890
580	637	910	90	90	19598896
578	634	914	90	90	19598902
577	631	922	90	90	19598908
576	627	926	90	90	19598915
575	622	930	90	90	19598921
574	617	934	90	90	19598927
574	612	934	90	90	19598933
573	606	938	90	90	19598940
573	599	938	90	90	19598946
573	592	938	90	90	19598952
573	584	938	90	90	19598958
573	575	938	90	90	19598965
573	566	938	90	90	19598971
573	556	934	90	90	19598977
572	545	934	90	90	19598983
572	532	930	90	90	19598990
571	519	930	90	90	19598996
570	507	926	90	90	19599002
569	493	926	90	90	19599008
567	480	926	90	90	19599015
565	466	926	90	90	19599021
563	452	930	90	90	19599027
561	438	934	90	90	19599033
559	425	938	90	90	19599040
557	412	946	90	90	19599046
555	399	950	90	90	19599052
553	387	954	90	90	19599058
552	376	962	90	90	19599065
551	365	966	90	90	19599071
549	355	970	90	90	19599077
549	346	974	90	90	19599083
548	339	974	90	90	19599090
547	332	978	90	90	19599096
547	326	978	90	90	19599102
547	321	978	90	90	19599108
548	316	982	90	90	19599115
548	313	982	90	90	19599121
550	310	982	90	90	19599127
551	308	986	90	90	19599133
553	307	986	90	90	19599140
556	305	990	90	90	19599146
559	305	994	90	90	19599152
563	305	998	90	90	19599158
568	305	1002	90	90	19599165
574	305	1006	90	90	19599171
580	306	1010	90	90	19599177
587	307	1014	90	90	19599183
595	307	1014	90	90	19599190
604	308	1023	90	90	19599196
613	309	1023	90	90	19599202
622	310	1023	90	90	19599208
631	311	1023	90	90	19599215
641	311	1023	90	90	19599221
650	312	1023	90	90	19599227
659	312	1023	90	90	19599233
668	311	1023	90	90	19599240
675	311	1023	90	90	19599246
682	310	1014	90	90	19599252
688	310	1006	90	90	19599258
692	309	986	90	90	19599265
696	309	942	90	90	19599271
699	309	789	90	90	19599277
701	310	624	90	90	19599283
703	311	447	90	90	19599290
704	313	257	90	90	19599296
704	317	30	90	90	19599308
24
656	546	120	90	90	19599583
654	544	273	90	90	19599590
654	542	414	90	90	19599596
653	540	563	90	90	19599602
652	537	700	90	90	19599608
651	533	737	90	90	19599615
650	528	765	90	90	19599621
649	522	797	90	90	19599627
648	514	829	90	90	19599633
648	506	853	90	90	19599640
647	497	878	90	90	19599646
646	487	898	90	90	19599652
645	476	914	90	90	19599658
644	466	930	90	90	19599665
643	456	938	90	90	19599671
642	447	946	90	90	19599677
641	438	950	90	90	19599683
640	431	950	90	90	19599690
639	425	938	90	90	19599696
639	421	918	90	90	19599702
639	417	869	90	90	19599708
638	416	561	90	90	19599727
639	417	225	90	90	19599733
639	419	24	90	90	19599746
37
644	465	8	90	90	19599846
643	466	161	90	90	19599852
643	467	471	90	90	19599871
644	468	769	90	90	19599877
645	468	801	90	90	19599883
647	469	829	90	90	19599890
650	470	857	90	90	19599896
653	470	882	90	90	19599902
657	470	906	90	90	19599908
662	471	926	90	90	19599915
668	471	942	90	90	19599921
675	471	958	90	90	19599927
683	471	970	90	90	19599933
691	471	978	90	90	19599940
701	471	990	90	90	19599946
710	471	998	90	90	19599952
720	470	1006	90	90	19599958
731	470	1014	90	90	19599965
741	469	1023	90	90	19599971
752	468	1023	90	90	19599977
762	468	1023	90	90	19599983
773	467	1023	90	90	19599990
783	466	1023	90	90	19599996
793	466	1023	90	90	19600002
802	465	1023	90	90	19600008
811	464	1023	90	90	19600015
819	464	1023	90	90	19600021
826	463	1023	90	90	19600027
832	463	1023	90	90	19600033
838	462	1023	90	90	19600040
842	462	1023	90	90	19600046
845	462	982	90	90	19600052
848	462	845	90	90	19600058
849	463	680	90	90	19600065
849	464	503	90	90	19600071
848	465	310	90	90	19600077
845	467	60	90	90	19600090
31
570	470	102	90	90	19600415
569	471	410	90	90	19600427
568	472	616	90	90	19600433
566	472	704	90	90	19600440
564	473	781	90	90	19600446
562	473	841	90	90	19600452
559	473	882	90	90	19600458
556	474	910	90	90	19600465
552	474	930	90	90	19600471
548	473	946	90	90	19600477
543	473	954	90	90	19600483
537	472	962	90	90	19600490
530	471	966	90	90	19600496
523	470	970	90	90	19600502
516	468	974	90	90	19600508
508	467	978	90	90	19600515
499	465	978	90	90	19600521
491	464	982	90	90	19600527
483	462	986	90	90	19600533
475	461	990	90	90	19600540
468	460	990	90	90	19600546
462	459	994	90	90	19600552
456	458	998	90	90	19600558
450	457	998	90	90	19600565
445	457	998	90	90	19600571
441	456	994	90	90	19600577
438	456	990	90	90	19600583
436	456	978	90	90	19600590
434	455	946	90	90	19600596
433	455	630	90	90	19600615
432	456	123	90	90	19600633
12
281	399	32	90	90	19600908
281	400	189	90	90	19600915
281	400	350	90	90	19600921
280	401	511	90	90	19600927
280	401	656	90	90	19600933
279	400	797	90	90	19600940
279	400	825	90	90	19600946
278	398	829	90	90	19600952
278	397	753	90	90	19600958
278	397	616	90	90	19600965
279	396	467	90	90	19600971
280	397	140	90	90	19600983
6
1
673	579	0	90	90	19670592
93
688	657	140	90	90	19670911
685	657	277	90	90	19670917
683	657	406	90	90	19670924
680	657	539	90	90	19670930
677	657	656	90	90	19670936
673	657	672	90	90	19670942
668	657	672	90	90	19670949
663	657	668	90	90	19670955
658	657	668	90	90	19670961
652	656	668	90	90	19670967
646	656	664	90	90	19670974
640	655	664	90	90	19670980
635	655	664	90	90	19670986
629	654	668	90	90	19670992
623	654	676	90	90	19670999
618	653	684	90	90	19671005
614	652	696	90	90	19671011
610	651	712	90	90	19671017
606	651	737	90	90	19671024
604	650	753	90	90	19671030
601	649	773	90	90	19671036
599	648	793	90	90	19671042
598	647	809	90	90	19671049
597	645	825	90	90	19671055
596	643	833	90	90	19671061
595	641	841	90	90	19671067
594	638	849	90	90	19671074
594	634	853	90	90	19671080
593	630	857	90	90	19671086
593	625	857	90	90	19671092
592	619	857	90	90	19671099
591	613	857	90	90	19671105
591	606	861	90	90	19671111
590	598	861	90	90	19671117
589	589	861	90	90	19671124
588	580	861	90	90	19671130
587	570	861	90	90	19671136
586	560	861	90	90	19671142
585	549	865	90	90	19671149
585	537	865	90	90	19671155
584	526	869	90	90	19671161
583	514	873	90	90	19671167
583	502	873	90	90	19671174
582	490	878	90	90	19671180
581	478	882	90	90	19671186
581	466	886	90	90	19671192
580	454	890	90	90	19671199
579	443	894	90	90	19671205
578	432	898	90	90	19671211
578	421	902	90	90	19671217
577	411	906	90	90	19671224
576	402	910	90	90	19671230
575	393	914	90	90	19671236
575	385	918	90	90	19671242
574	378	922	90	90	19671249
574	371	926	90	90	19671255
573	366	926	90	90	19671261
573	361	930	90	90	19671267
574	357	930	90	90	19671274
574	353	934	90	90	19671280
575	351	938	90	90	19671286
576	348	942	90	90	19671292
577	347	946	90	90	19671299
579	345	954	90	90	19671305
582	344	958	90	90	19671311
585	344	962	90	90	19671317
588	343	966	90	90	19671324
592	343	974	90	90	19671330
597	343	978	90	90	19671336
603	343	978	90	90	19671342
610	344	982	90	90	19671349
617	344	982	90	90	19671355
625	345	986	90	90	19671361
633	346	986	90	90	19671367
643	347	990	90	90	19671374
652	347	990	90	90	19671380
662	348	994	90	90	19671386
671	348	994	90	90	19671392
681	349	998	90	90	19671399
690	349	998	90	90	19671405
699	349	998	90	90	19671411
708	348	998	90	90	19671417
715	348	998	90	90	19671424
722	347	998	90	90	19671430
727	346	994	90	90	19671436
732	346	986	90	90	19671442
736	345	970	90	90	19671449
739	345	938	90	90	19671455
742	345	829	90	90	19671461
744	346	672	90	90	19671467
745	347	511	90	90	19671474
745	350	326	90	90	19671480
745	353	72	90	90	19671492
26
676	556	48	90	90	19671736
675	556	181	90	90	19671742
673	555	326	90	90	19671749
672	553	467	90	90	19671755
672	551	612	90	90	19671761
671	547	676	90	90	19671767
670	543	720	90	90	19671774
669	538	761	90	90	19671780
668	532	801	90	90	19671786
668	525	829	90	90	19671792
667	516	853	90	90	19671799
666	508	873	90	90	19671805
666	499	890	90	90	19671811
665	490	902	90	90	19671817
664	481	910	90	90	19671824
663	472	918	90	90	19671830
662	464	922	90	90	19671836
662	457	922	90	90	19671842
661	451	914	90	90	19671849
660	445	902	90	90	19671855
660	440	878	90	90	19671861
659	436	837	90	90	19671867
659	433	753	90	90	19671874
658	432	600	90	90	19671880
658	431	358	90	90	19671892
659	432	54	90	90	19671905
34
665	485	60	90	90	19672017
664	487	277	90	90	19672030
664	488	569	90	90	19672042
666	489	708	90	90	19672049
668	489	749	90	90	19672055
671	488	781	90	90	19672061
675	488	817	90	90	19672067
680	488	845	90	90	19672074
685	487	873	90	90	19672080
692	487	898	90	90	19672086
700	487	918	90	90	19672092
708	488	934	90	90	19672099
717	488	950	90	90	19672105
727	489	966	90	90	19672111
737	490	978	90	90	19672117
748	490	990	90	90	19672124
759	491	998	90	90	19672130
771	492	1006	90	90	19672136
782	492	1010	90	90	19672142
794	492	1023	90	90	19672149
805	492	1023	90	90	19672155
815	492	1023	90	90	19672161
825	492	1023	90	90	19672167
834	491	1023	90	90	19672174
842	490	1023	90	90	19672180
849	490	1014	90	90	19672186
855	489	1002	90	90	19672192
859	488	978	90	90	19672199
863	488	930	90	90	19672205
866	488	773	90	90	19672211
867	489	608	90	90	19672217
867	490	426	90	90	19672224
866	491	245	90	90	19672230
863	492	26	90	90	19672242
30
588	489	153	90	90	19672592
586	490	318	90	90	19672599
584	491	479	90	90	19672605
582	491	644	90	90	19672611
579	492	793	90	90	19672617
575	492	849	90	90	19672624
571	492	878	90	90	19672630
566	492	902	90	90	19672636
560	492	918	90	90	19672642
554	491	930	90	90	19672649
547	491	938	90	90	19672655
539	490	946	90	90	19672661
531	489	950	90	90	19672667
522	488	954	90	90	19672674
514	487	958	90	90	19672680
505	486	962	90	90	19672686
497	485	962	90	90	19672692
488	485	962	90	90	19672699
480	484	966	90	90	19672705
473	483	966	90	90	19672711
466	482	966	90	90	19672717
459	482	966	90	90	19672724
454	481	962	90	90	19672730
449	481	954	90	90	19672736
446	481	942	90	90	19672742
443	480	918	90	90	19672749
441	480	849	90	90	19672755
439	480	696	90	90	19672761
438	480	456	90	90	19672774
437	481	65	90	90	19672792
7
280	400	56	90	90	19673055
278	399	225	90	90	19673061
277	398	466	90	90	19673074
277	397	731	90	90	19673092
277	396	480	90	90	19673105
279	396	245	90	90	19673111
280	397	36	90	90	19673124
6
1
693	580	0	90	90	19742996
93
674	638	36	90	90	19743234
675	639	189	90	90	19743240
675	640	414	90	90	19743253
674	642	624	90	90	19743259
672	643	753	90	90	19743265
669	644	773	90	90	19743271
666	645	773	90	90	19743278
663	646	777	90	90	19743284
658	647	781	90	90	19743290
653	648	785	90	90	19743296
648	648	789	90	90	19743303
641	648	789	90	90	19743309
634	648	793	90	90	19743315
626	648	793	90	90	19743321
618	648	793	90	90	19743328
610	647	793	90	90	19743334
602	647	793	90	90	19743340
594	646	797	90	90	19743346
587	644	801	90	90	19743353
580	643	809	90	90	19743359
574	642	813	90	90	19743365
569	640	821	90	90	19743371
564	638	829	90	90	19743378
560	636	837	90	90	19743384
556	634	849	90	90	19743390
553	632	857	90	90	19743396
551	630	865	90	90	19743403
549	627	873	90	90	19743409
548	623	882	90	90	19743415
547	619	894	90	90	19743421
546	615	898	90	90	19743428
546	610	906	90	90	19743434
545	604	910	90	90	19743440
545	597	914	90	90	19743446
545	590	918	90	90	19743453
545	582	918	90	90	19743459
544	573	918	90	90	19743465
544	563	918	90	90	19743471
543	552	918	90	90	19743478
542	541	914	90	90	19743484
542	529	914	90	90	19743490
540	516	910	90	90	19743496
539	503	910	90	90	19743503
538	490	910	90	90	19743509
536	477	914	90	90	19743515
535	464	914	90	90	19743521
533	451	922	90	90	19743528
532	438	926	90	90	19743534
530	426	934	90	90	19743540
529	414	942	90	90	19743546
528	403	950	90	90	19743553
527	393	954	90	90	19743559
526	383	962	90	90	19743565
525	375	966	90	90	19743571
525	367	966	90	90	19743578
524	361	970	90	90	19743584
524	355	974	90	90	19743590
525	350	974	90	90	19743596
526	346	974	90	90	19743603
527	343	978	90	90	19743609
528	341	978	90	90	19743615
531	339	978	90	90	19743621
533	338	982	90	90	19743628
537	338	982	90	90	19743634
541	337	986	90	90	19743640
545	337	986	90	90	19743646
551	338	990	90	90	19743653
557	338	994	90	90	19743659
564	339	994	90	90	19743665
571	340	998	90	90	19743671
580	341	998	90	90	19743678
589	342	1002	90	90	19743684
599	343	1002	90	90	19743690
609	344	1002	90	90	19743696
620	344	1002	90	90	19743703
631	345	1002	90	90	19743709
642	345	1006	90	90	19743715
652	345	1006	90	90	19743721
663	345	1010	90	90	19743728
673	344	1010	90	90	19743734
682	343	1014	90	90	19743740
691	342	1014	90	90	19743746
698	341	1023	90	90	19743753
706	340	1023	90	90	19743759
713	339	1010	90	90	19743765
719	339	1002	90	90	19743771
724	338	978	90	90	19743778
729	338	934	90	90	19743784
733	339	777	90	90	19743790
736	340	612	90	90	19743796
738	342	439	90	90	19743803
740	344	249	90	90	19743809
740	348	28	90	90	19743821
24
636	560	132	90	90	19744059
635	557	281	90	90	19744065
635	555	439	90	90	19744071
634	552	588	90	90	19744078
634	548	733	90	90	19744084
633	543	793	90	90	19744090
632	537	817	90	90	19744096
631	530	837	90	90	19744103
631	521	861	90	90	19744109
630	512	886	90	90	19744115
628	503	906	90	90	19744121
627	494	922	90	90	19744128
626	484	930	90	90	19744134
625	475	942	90	90	19744140
624	467	950	90	90	19744146
622	459	954	90	90	19744153
621	452	950	90	90	19744159
620	446	946	90	90	19744165
619	442	930	90	90	19744171
619	438	902	90	90	19744178
619	436	857	90	90	19744184
619	434	610	90	90	19744203
620	436	281	90	90	19744209
621	438	54	90	90	19744221
32
626	491	136	90	90	19744315
625	494	357	90	90	19744328
624	495	696	90	90	19744346
626	495	797	90	90	19744353
628	495	825	90	90	19744359
632	495	849	90	90	19744365
636	494	873	90	90	19744371
642	494	894	90	90	19744378
649	494	914	90	90	19744384
656	494	930	90	90	19744390
664	495	946	90	90	19744396
673	495	958	90	90	19744403
682	495	970	90	90	19744409
692	495	982	90	90	19744415
702	495	990	90	90	19744421
712	495	998	90	90	19744428
722	495	1006	90	90	19744434
731	495	1010	90	90	19744440
741	495	1014	90	90	19744446
750	495	1014	90	90	19744453
759	494	1014	90	90	19744459
767	494	1014	90	90	19744465
775	494	1010	90	90	19744471
782	494	1006	90	90	19744478
788	493	990	90	90	19744484
794	493	966	90	90	19744490
798	493	914	90	90	19744496
802	493	753	90	90	19744503
804	493	588	90	90	19744509
806	494	402	90	90	19744515
806	495	217	90	90	19744521
805	496	14	90	90	19744534
31
553	493	32	90	90	19744846
551	494	193	90	90	19744853
549	495	362	90	90	19744859
546	495	527	90	90	19744865
543	496	676	90	90	19744871
539	497	825	90	90	19744878
534	497	849	90	90	19744884
528	498	869	90	90	19744890
522	499	890	90	90	19744896
515	499	906	90	90	19744903
507	499	918	90	90	19744909
499	500	930	90	90	19744915
490	500	938	90	90	19744921
480	499	950	90	90	19744928
471	499	958	90	90	19744934
461	499	962	90	90	19744940
451	498	970	90	90	19744946
442	497	978	90	90	19744953
433	496	982	90	90	19744959
424	495	986	90	90	19744965
416	494	990	90	90	19744971
409	493	994	90	90	19744978
402	492	994	90	90	19744984
396	491	986	90	90	19744990
391	490	970	90	90	19744996
387	489	934	90	90	19745003
384	489	789	90	90	19745009
381	489	628	90	90	19745015
379	489	455	90	90	19745021
378	490	273	90	90	19745028
377	491	40	90	90	19745040
5
268	400	92	90	90	19745253
266	399	362	90	90	19745265
265	399	596	90	90	19745284
264	400	345	90	90	19745296
265	402	38	90	90	19745309
6
1
691	640	0	90	90	19817894
99
665	643	48	90	90	19818194
666	644	197	90	90	19818201
665	646	350	90	90	19818207
664	646	503	90	90	19818213
663	647	644	90	90	19818219
661	648	769	90	90	19818226
658	649	797	90	90	19818232
655	649	817	90	90	19818238
652	650	833	90	90	19818244
647	650	841	90	90	19818251
643	650	845	90	90	19818257
637	650	845	90	90	19818263
631	651	845	90	90	19818269
625	650	845	90	90	19818276
619	650	841	90	90	19818282
612	649	837	90	90	19818288
605	648	833	90	90	19818294
598	647	833	90	90	19818301
592	646	829	90	90	19818307
587	644	829	90	90	19818313
581	643	829	90	90	19818319
577	641	833	90	90	19818326
573	640	833	90	90	19818332
569	639	837	90	90	19818338
567	637	841	90	90	19818344
565	636	849	90	90	19818351
563	635	857	90	90	19818357
562	634	865	90	90	19818363
561	633	873	90	90	19818369
561	631	882	90	90	19818376
562	630	890	90	90	19818382
562	628	894	90	90	19818388
563	625	898	90	90	19818394
563	622	902	90	90	19818401
564	618	902	90	90	19818407
565	613	902	90	90	19818413
566	607	906	90	90	19818419
566	601	906	90	90	19818426
567	593	906	90	90	19818432
567	586	910	90	90	19818438
567	577	910	90	90	19818444
566	567	914	90	90	19818451
566	555	918	90	90	19818457
565	544	922	90	90	19818463
564	532	926	90	90	19818469
563	519	926	90	90	19818476
562	506	930	90	90	19818482
560	493	930	90	90	19818488
559	479	934	90	90	19818494
558	466	934	90	90	19818501
557	454	934	90	90	19818507
556	440	938	90	90	19818513
555	426	938	90	90	19818519
554	413	946	90	90	19818526
553	401	950	90	90	19818532
552	388	954	90	90	19818538
552	377	962	90	90	19818544
551	365	970	90	90	19818551
550	355	978	90	90	19818557
549	345	982	90	90	19818563
549	337	990	90	90	19818569
548	329	994	90	90	19818576
548	322	998	90	90	19818582
547	316	1002	90	90	19818588
547	311	1006	90	90	19818594
547	307	1006	90	90	19818601
548	303	1006	90	90	19818607
548	301	1010	90	90	19818613
549	299	1010	90	90	19818619
550	297	1010	90	90	19818626
551	296	1014	90	90	19818632
552	296	1023	90	90	19818638
555	295	1023	90	90	19818644
557	295	1023	90	90	19818651
561	295	1023	90	90	19818657
565	295	1023	90	90	19818663
569	295	1023	90	90	19818669
575	296	1023	90	90	19818676
581	296	1023	90	90	19818682
588	297	1023	90	90	19818688
596	298	1023	90	90	19818694
604	299	1023	90	90	19818701
612	299	1023	90	90	19818707
621	300	1023	90	90	19818713
630	301	1023	90	90	19818719
638	301	1023	90	90	19818726
646	301	1023	90	90	19818732
654	301	1023	90	90	19818738
661	301	1023	90	90	19818744
667	300	1023	90	90	19818751
672	299	1023	90	90	19818757
677	298	1023	90	90	19818763
681	297	1002	90	90	19818769
685	297	958	90	90	19818776
688	297	801	90	90	19818782
691	298	636	90	90	19818788
693	299	459	90	90	19818794
695	302	273	90	90	19818801
697	305	36	90	90	19818813
26
657	537	108	90	90	19819044
657	536	253	90	90	19819051
656	535	394	90	90	19819057
656	532	547	90	90	19819063
656	529	636	90	90	19819069
656	525	688	90	90	19819076
655	519	749	90	90	19819082
655	513	801	90	90	19819088
655	505	841	90	90	19819094
654	497	878	90	90	19819101
654	488	902	90	90	19819107
654	479	922	90	90	19819113
653	469	938	90	90	19819119
653	460	950	90	90	19819126
652	451	958	90	90	19819132
651	443	966	90	90	19819138
651	435	966	90	90	19819144
650	428	966	90	90	19819151
650	422	962	90	90	19819157
650	416	950	90	90	19819163
649	412	926	90	90	19819169
649	409	890	90	90	19819176
650	407	801	90	90	19819182
650	406	563	90	90	19819194
650	407	310	90	90	19819201
651	408	70	90	90	19819213
33
649	458	108	90	90	19819313
647	460	331	90	90	19819326
646	461	629	90	90	19819338
648	461	773	90	90	19819344
650	461	805	90	90	19819351
653	462	837	90	90	19819357
658	462	865	90	90	19819363
663	463	894	90	90	19819369
670	463	922	90	90	19819376
677	464	946	90	90	19819382
686	465	966	90	90	19819388
695	465	982	90	90	19819394
705	466	998	90	90	19819401
715	467	1010	90	90	19819407
726	467	1023	90	90	19819413
737	467	1023	90	90	19819419
748	467	1023	90	90	19819426
760	467	1023	90	90	19819432
771	467	1023	90	90	19819438
782	467	1023	90	90	19819444
793	467	1023	90	90	19819451
803	467	1023	90	90	19819457
813	467	1023	90	90	19819463
822	467	1023	90	90	19819469
829	467	1023	90	90	19819476
836	467	1023	90	90	19819482
842	467	1023	90	90	19819488
847	467	1023	90	90	19819494
850	467	1006	90	90	19819501
852	467	783	90	90	19819519
851	468	426	90	90	19819526
848	469	241	90	90	19819532
843	470	20	90	90	19819544
32
570	464	40	90	90	19819851
567	464	197	90	90	19819857
565	464	366	90	90	19819863
562	465	527	90	90	19819869
559	465	680	90	90	19819876
556	466	793	90	90	19819882
552	466	849	90	90	19819888
548	467	890	90	90	19819894
543	467	926	90	90	19819901
537	467	950	90	90	19819907
530	467	970	90	90	19819913
523	466	986	90	90	19819919
514	466	994	90	90	19819926
506	465	1002	90	90	19819932
496	463	1006	90	90	19819938
487	462	1010	90	90	19819944
477	461	1014	90	90	19819951
467	459	1023	90	90	19819957
458	458	1023	90	90	19819963
448	456	1023	90	90	19819969
440	455	1023	90	90	19819976
432	454	1023	90	90	19819982
425	453	1023	90	90	19819988
419	452	1023	90	90	19819994
413	451	1023	90	90	19820001
408	450	1014	90	90	19820007
405	450	990	90	90	19820013
402	449	918	90	90	19820019
400	449	757	90	90	19820026
398	449	596	90	90	19820032
397	450	319	90	90	19820044
396	451	16	90	90	19820057
3
282	392	76	90	90	19820288
281	392	591	90	90	19820338
282	391	123	90	90	19820357
6
1
637	614	0	90	90	19892912
93
664	623	108	90	90	19893012
665	625	257	90	90	19893019
666	626	402	90	90	19893025
665	627	555	90	90	19893031
665	628	688	90	90	19893037
664	629	753	90	90	19893044
663	631	769	90	90	19893050
662	632	781	90	90	19893056
660	633	789	90	90	19893062
657	634	789	90	90	19893069
653	635	785	90	90	19893075
649	636	781	90	90	19893081
643	636	773	90	90	19893087
637	637	769	90	90	19893094
630	637	765	90	90	19893100
623	637	765	90	90	19893106
616	636	765	90	90	19893112
608	636	765	90	90	19893119
601	635	769	90	90	19893125
594	635	773	90	90	19893131
587	634	777	90	90	19893137
580	633	777	90	90	19893144
574	632	781	90	90	19893150
569	632	785	90	90	19893156
564	631	789	90	90	19893162
559	630	789	90	90	19893169
555	629	793	90	90	19893175
552	628	797	90	90	19893181
549	627	805	90	90	19893187
547	627	813	90	90	19893194
546	626	821	90	90	19893200
544	624	833	90	90	19893206
543	623	841	90	90	19893212
543	621	853	90	90	19893219
542	619	861	90	90	19893225
542	616	869	90	90	19893231
541	613	878	90	90	19893237
541	609	882	90	90	19893244
540	604	886	90	90	19893250
540	598	890	90	90	19893256
539	591	890	90	90	19893262
538	583	894	90	90	19893269
537	575	894	90	90	19893275
536	565	894	90	90	19893281
535	554	894	90	90	19893287
534	543	894	90	90	19893294
532	531	894	90	90	19893300
531	519	894	90	90	19893306
530	506	894	90	90	19893312
529	493	894	90	90	19893319
527	480	894	90	90	19893325
526	467	894	90	90	19893331
525	454	898	90	90	19893337
524	441	902	90	90	19893344
523	429	906	90	90	19893350
523	417	914	90	90	19893356
522	406	922	90	90	19893362
521	396	930	90	90	19893369
521	386	938	90	90	19893375
520	377	942	90	90	19893381
520	370	950	90	90	19893387
520	363	954	90	90	19893394
520	357	962	90	90	19893400
521	353	966	90	90	19893406
521	349	966	90	90	19893412
522	345	970	90	90	19893419
523	343	970	90	90	19893425
525	340	974	90	90	19893431
527	339	974	90	90	19893437
529	337	978	90	90	19893444
532	336	978	90	90	19893450
535	335	982	90	90	19893456
539	335	982	90	90	19893462
544	334	986	90	90	19893469
549	334	990	90	90	19893475
556	334	994	90	90	19893481
563	334	998	90	90	19893487
570	335	1002	90	90	19893494
579	335	1002	90	90	19893500
587	336	1006	90	90	19893506
597	336	1010	90	90	19893512
606	337	1010	90	90	19893519
615	338	1010	90	90	19893525
624	338	1010	90	90	19893531
633	338	1006	90	90	19893537
640	337	998	90	90	19893544
647	336	978	90	90	19893550
653	335	934	90	90	19893556
659	335	781	90	90	19893562
663	335	620	90	90	19893569
666	335	443	90	90	19893575
669	336	253	90	90	19893581
671	338	30	90	90	19893594
25
625	556	16	90	90	19893831
624	556	169	90	90	19893837
624	555	322	90	90	19893844
624	554	463	90	90	19893850
624	551	608	90	90	19893856
624	548	741	90	90	19893862
624	543	761	90	90	19893869
624	537	773	90	90	19893875
625	530	789	90	90	19893881
625	521	809	90	90	19893887
625	512	829	90	90	19893894
626	501	849	90	90	19893900
626	491	869	90	90	19893906
625	480	886	90	90	19893912
625	470	898	90	90	19893919
625	460	910	90	90	19893925
624	451	918	90	90	19893931
624	443	922	90	90	19893937
623	435	922	90	90	19893944
623	430	914	90	90	19893950
623	425	894	90	90	19893956
622	421	833	90	90	19893962
622	419	525	90	90	19893981
621	420	189	90	90	19893987
621	422	8	90	90	19894000
31
622	476	104	90	90	19894087
621	479	257	90	90	19894094
621	480	484	90	90	19894106
623	481	704	90	90	19894112
625	481	785	90	90	19894119
628	481	809	90	90	19894125
632	481	837	90	90	19894131
637	481	861	90	90	19894137
642	481	886	90	90	19894144
649	481	910	90	90	19894150
657	480	930	90	90	19894156
665	480	946	90	90	19894162
675	480	958	90	90	19894169
684	479	970	90	90	19894175
694	479	982	90	90	19894181
704	478	994	90	90	19894187
713	478	1002	90	90	19894194
723	477	1010	90	90	19894200
732	477	1023	90	90	19894206
741	476	1023	90	90	19894212
749	476	1023	90	90	19894219
757	476	1023	90	90	19894225
765	476	1010	90	90	19894231
771	476	994	90	90	19894237
777	477	970	90	90	19894244
782	477	914	90	90	19894250
786	478	757	90	90	19894256
788	478	592	90	90	19894262
789	479	406	90	90	19894269
789	481	225	90	90	19894275
787	482	16	90	90	19894287
33
540	480	64	90	90	19894550
538	481	217	90	90	19894556
538	482	374	90	90	19894562
536	482	531	90	90	19894569
535	483	676	90	90	19894575
533	483	773	90	90	19894581
530	484	821	90	90	19894587
526	484	857	90	90	19894594
522	485	886	90	90	19894600
517	485	906	90	90	19894606
512	485	926	90	90	19894612
505	485	938	90	90	19894619
498	485	950	90	90	19894625
491	485	958	90	90	19894631
482	484	970	90	90	19894637
473	484	974	90	90	19894644
464	484	982	90	90	19894650
455	483	986	90	90	19894656
445	483	994	90	90	19894662
436	483	998	90	90	19894669
427	483	998	90	90	19894675
418	483	1002	90	90	19894681
409	482	1006	90	90	19894687
401	482	1006	90	90	19894694
394	482	1006	90	90	19894700
388	481	1002	90	90	19894706
382	481	994	90	90	19894712
378	480	978	90	90	19894719
374	480	930	90	90	19894725
371	480	777	90	90	19894731
369	479	616	90	90	19894737
368	479	439	90	90	19894744
366	480	104	90	90	19894762
6
277	394	64	90	90	19894975
274	394	233	90	90	19894981
273	393	394	90	90	19894987
272	393	617	90	90	19895000
271	393	560	90	90	19895019
272	394	111	90	90	19895037
6
1
615	562	0	90	90	19969292
100
639	636	148	90	90	19969655
637	635	354	90	90	19969661
636	635	487	90	90	19969667
634	635	616	90	90	19969674
632	635	664	90	90	19969680
630	635	680	90	90	19969686
627	635	692	90	90	19969692
624	635	704	90	90	19969699
620	635	712	90	90	19969705
616	635	720	90	90	19969711
611	635	720	90	90	19969717
606	635	720	90	90	19969724
601	634	720	90	90	19969730
595	634	720	90	90	19969736
589	634	724	90	90	19969742
584	633	724	90	90	19969749
578	633	724	90	90	19969755
573	632	728	90	90	19969761
568	631	728	90	90	19969767
563	631	728	90	90	19969774
559	630	733	90	90	19969780
555	629	737	90	90	19969786
551	627	741	90	90	19969792
547	626	749	90	90	19969799
544	625	757	90	90	19969805
542	623	765	90	90	19969811
540	622	773	90	90	19969817
538	620	781	90	90	19969824
537	618	789	90	90	19969830
535	615	801	90	90	19969836
535	612	809	90	90	19969842
534	609	817	90	90	19969849
533	604	821	90	90	19969855
533	599	829	90	90	19969861
533	593	833	90	90	19969867
532	586	837	90	90	19969874
531	579	841	90	90	19969880
530	570	841	90	90	19969886
529	561	845	90	90	19969892
528	551	845	90	90	19969899
527	541	845	90	90	19969905
526	530	849	90	90	19969911
525	518	849	90	90	19969917
523	507	853	90	90	19969924
522	495	857	90	90	19969930
520	483	861	90	90	19969936
519	471	865	90	90	19969942
517	459	869	90	90	19969949
515	447	873	90	90	19969955
514	435	878	90	90	19969961
512	424	882	90	90	19969967
511	413	886	90	90	19969974
509	402	890	90	90	19969980
508	392	894	90	90	19969986
506	382	898	90	90	19969992
505	373	902	90	90	19969999
504	365	906	90	90	19970005
503	357	914	90	90	19970011
502	351	918	90	90	19970017
502	345	922	90	90	19970024
501	339	930	90	90	19970030
501	335	934	90	90	19970036
501	331	938	90	90	19970042
501	329	942	90	90	19970049
501	326	946	90	90	19970055
502	324	950	90	90	19970061
503	323	950	90	90	19970067
504	322	954	90	90	19970074
506	322	958	90	90	19970080
508	322	958	90	90	19970086
510	322	962	90	90	19970092
513	322	966	90	90	19970099
516	322	970	90	90	19970105
519	323	974	90	90	19970111
523	323	978	90	90	19970117
528	324	982	90	90	19970124
533	325	986	90	90	19970130
538	325	990	90	90	19970136
544	326	990	90	90	19970142
551	327	994	90	90	19970149
558	327	998	90	90	19970155
565	328	1002	90	90	19970161
573	328	1006	90	90	19970167
581	328	1006	90	90	19970174
589	328	1010	90	90	19970180
597	328	1010	90	90	19970186
604	328	1010	90	90	19970192
611	327	1014	90	90	19970199
618	327	1010	90	90	19970205
624	326	1010	90	90	19970211
630	326	1006	90	90	19970217
635	326	998	90	90	19970224
639	325	982	90	90	19970230
642	325	954	90	90	19970236
645	325	898	90	90	19970242
647	325	745	90	90	19970249
648	326	583	90	90	19970255
649	328	402	90	90	19970261
649	331	225	90	90	19970267
648	334	18	90	90	19970280
26
612	549	132	90	90	19970524
610	547	350	90	90	19970530
610	545	503	90	90	19970536
610	541	640	90	90	19970542
609	537	692	90	90	19970549
608	532	733	90	90	19970555
607	526	769	90	90	19970561
607	519	809	90	90	19970567
606	511	837	90	90	19970574
604	503	857	90	90	19970580
603	494	878	90	90	19970586
601	485	890	90	90	19970592
600	476	898	90	90	19970599
598	467	906	90	90	19970605
596	459	910	90	90	19970611
594	451	914	90	90	19970617
592	444	918	90	90	19970624
590	438	914	90	90	19970630
589	432	910	90	90	19970636
588	428	902	90	90	19970642
587	424	882	90	90	19970649
586	422	849	90	90	19970655
586	421	629	90	90	19970674
586	422	310	90	90	19970680
586	424	153	90	90	19970686
587	427	0	90	90	19970699
34
603	478	60	90	90	19970780
603	481	205	90	90	19970786
603	482	428	90	90	19970799
604	483	676	90	90	19970811
606	483	765	90	90	19970817
608	484	809	90	90	19970824
611	484	841	90	90	19970830
615	484	869	90	90	19970836
620	484	894	90	90	19970842
626	484	914	90	90	19970849
633	484	930	90	90	19970855
641	484	942	90	90	19970861
649	484	954	90	90	19970867
658	484	966	90	90	19970874
667	484	974	90	90	19970880
677	485	982	90	90	19970886
687	485	990	90	90	19970892
696	485	994	90	90	19970899
706	486	998	90	90	19970905
716	486	1002	90	90	19970911
725	486	1006	90	90	19970917
734	487	1006	90	90	19970924
742	487	1010	90	90	19970930
750	487	1006	90	90	19970936
758	487	1006	90	90	19970942
765	487	1002	90	90	19970949
771	487	994	90	90	19970955
776	487	982	90	90	19970961
780	486	962	90	90	19970967
783	485	930	90	90	19970974
785	485	841	90	90	19970980
786	484	603	90	90	19970992
785	484	342	90	90	19970999
782	484	78	90	90	19971011
31
523	477	56	90	90	19971317
521	478	197	90	90	19971324
519	479	350	90	90	19971330
517	479	499	90	90	19971336
515	480	640	90	90	19971342
513	480	708	90	90	19971349
510	481	761	90	90	19971355
506	481	801	90	90	19971361
501	481	833	90	90	19971367
496	482	853	90	90	19971374
491	482	873	90	90	19971380
484	481	890	90	90	19971386
477	481	902	90	90	19971392
469	480	914	90	90	19971399
461	479	926	90	90	19971405
452	478	934	90	90	19971411
443	477	942	90	90	19971417
434	476	950	90	90	19971424
425	474	954	90	90	19971430
416	473	962	90	90	19971436
408	471	966	90	90	19971442
400	470	970	90	90	19971449
393	469	970	90	90	19971455
387	468	970	90	90	19971461
382	467	966	90	90	19971467
378	467	954	90	90	19971474
374	466	918	90	90	19971480
372	466	765	90	90	19971486
370	466	608	90	90	19971492
368	466	348	90	90	19971505
367	467	32	90	90	19971517
5
281	396	4	90	90	19971742
281	397	409	90	90	19971767
281	398	577	90	90	19971780
282	399	293	90	90	19971792
282	400	18	90	90	19971805
6
1
645	580	0	90	90	20039963
91
644	622	8	90	90	20040157
644	623	235	90	90	20040170
642	624	459	90	90	20040176
640	624	600	90	90	20040182
637	624	728	90	90	20040188
634	624	761	90	90	20040195
630	624	761	90	90	20040201
625	624	761	90	90	20040207
620	624	761	90	90	20040213
614	623	761	90	90	20040220
607	623	761	90	90	20040226
601	623	761	90	90	20040232
594	623	761	90	90	20040238
587	623	765	90	90	20040245
580	623	765	90	90	20040251
574	623	765	90	90	20040257
568	623	765	90	90	20040263
562	623	765	90	90	20040270
557	623	765	90	90	20040276
551	622	765	90	90	20040282
547	621	769	90	90	20040288
543	620	769	90	90	20040295
539	618	773	90	90	20040301
536	616	781	90	90	20040307
533	614	789	90	90	20040313
531	610	801	90	90	20040320
529	606	809	90	90	20040326
527	602	821	90	90	20040332
526	597	829	90	90	20040338
525	591	837	90	90	20040345
524	585	845	90	90	20040351
524	577	849	90	90	20040357
524	570	849	90	90	20040363
523	562	853	90	90	20040370
523	553	857	90	90	20040376
523	544	861	90	90	20040382
523	534	861	90	90	20040388
522	524	865	90	90	20040395
522	513	865	90	90	20040401
522	502	869	90	90	20040407
521	491	869	90	90	20040413
521	480	873	90	90	20040420
520	468	873	90	90	20040426
519	457	878	90	90	20040432
517	446	878	90	90	20040438
516	434	882	90	90	20040445
514	424	886	90	90	20040451
513	413	890	90	90	20040457
511	403	894	90	90	20040463
510	394	902	90	90	20040470
508	385	906	90	90	20040476
507	377	914	90	90	20040482
506	370	918	90	90	20040488
506	364	922	90	90	20040495
505	358	930	90	90	20040501
505	353	938	90	90	20040507
505	349	942	90	90	20040513
506	346	946	90	90	20040520
507	343	950	90	90	20040526
508	341	954	90	90	20040532
510	340	954	90	90	20040538
512	339	958	90	90	20040545
514	339	958	90	90	20040551
516	338	962	90	90	20040557
518	339	962	90	90	20040563
521	339	962	90	90	20040570
524	339	962	90	90	20040576
527	340	966	90	90	20040582
531	340	966	90	90	20040588
535	341	966	90	90	20040595
539	342	970	90	90	20040601
544	342	966	90	90	20040607
550	343	966	90	90	20040613
557	343	966	90	90	20040620
563	344	966	90	90	20040626
570	344	966	90	90	20040632
578	345	966	90	90	20040638
585	345	966	90	90	20040645
593	346	966	90	90	20040651
600	346	966	90	90	20040657
607	346	966	90	90	20040663
613	346	966	90	90	20040670
619	345	966	90	90	20040676
625	345	962	90	90	20040682
629	344	954	90	90	20040688
633	343	934	90	90	20040695
637	343	878	90	90	20040701
639	342	728	90	90	20040707
641	342	567	90	90	20040713
642	342	303	90	90	20040726
643	344	14	90	90	20040738
23
597	539	88	90	90	20040988
597	536	233	90	90	20040995
597	533	382	90	90	20041001
596	530	531	90	90	20041007
596	525	668	90	90	20041013
596	520	733	90	90	20041020
595	514	765	90	90	20041026
595	507	801	90	90	20041032
594	499	829	90	90	20041038
594	491	853	90	90	20041045
593	482	873	90	90	20041051
592	473	890	90	90	20041057
591	465	902	90	90	20041063
590	456	910	90	90	20041070
590	449	914	90	90	20041076
589	442	918	90	90	20041082
588	436	914	90	90	20041088
587	431	906	90	90	20041095
587	426	886	90	90	20041101
587	423	845	90	90	20041107
587	421	749	90	90	20041113
586	420	438	90	90	20041132
587	422	52	90	90	20041145
35
588	469	8	90	90	20041232
588	473	149	90	90	20041238
588	474	294	90	90	20041245
588	475	517	90	90	20041257
589	476	664	90	90	20041263
591	477	724	90	90	20041270
593	477	777	90	90	20041276
597	476	817	90	90	20041282
601	476	845	90	90	20041288
606	475	869	90	90	20041295
612	475	890	90	90	20041301
618	474	902	90	90	20041307
625	474	918	90	90	20041313
633	473	926	90	90	20041320
642	473	938	90	90	20041326
651	473	950	90	90	20041332
660	473	958	90	90	20041338
670	474	970	90	90	20041345
680	474	982	90	90	20041351
691	474	990	90	90	20041357
701	475	998	90	90	20041363
712	475	1002	90	90	20041370
722	475	1006	90	90	20041376
732	475	1010	90	90	20041382
741	475	1014	90	90	20041388
750	475	1014	90	90	20041395
758	474	1010	90	90	20041401
766	474	1006	90	90	20041407
772	474	990	90	90	20041413
777	473	966	90	90	20041420
782	473	910	90	90	20041426
785	473	749	90	90	20041432
787	473	492	90	90	20041445
786	474	217	90	90	20041451
782	475	14	90	90	20041463
30
533	473	219	90	90	20041726
533	474	529	90	90	20041738
530	475	749	90	90	20041745
528	476	789	90	90	20041751
525	476	813	90	90	20041757
522	477	841	90	90	20041763
517	478	861	90	90	20041770
512	478	873	90	90	20041776
506	478	886	90	90	20041782
499	478	898	90	90	20041788
491	477	906	90	90	20041795
482	477	910	90	90	20041801
473	476	918	90	90	20041807
463	474	922	90	90	20041813
453	473	930	90	90	20041820
443	471	938	90	90	20041826
433	470	946	90	90	20041832
424	468	950	90	90	20041838
414	467	958	90	90	20041845
406	465	962	90	90	20041851
397	464	966	90	90	20041857
390	463	966	90	90	20041863
384	462	958	90	90	20041870
378	461	946	90	90	20041876
374	461	918	90	90	20041882
370	460	801	90	90	20041888
367	460	648	90	90	20041895
365	460	479	90	90	20041901
363	460	302	90	90	20041907
362	460	62	90	90	20041920
4
276	390	56	90	90	20042132
275	390	379	90	90	20042151
274	390	461	90	90	20042176
273	391	52	90	90	20042188
6
1
662	607	0	90	90	20113272
96
671	639	92	90	90	20113441
668	640	233	90	90	20113447
667	641	374	90	90	20113453
664	641	511	90	90	20113459
662	642	636	90	90	20113466
658	643	688	90	90	20113472
654	643	704	90	90	20113478
650	644	720	90	90	20113484
645	644	733	90	90	20113491
639	644	737	90	90	20113497
633	644	737	90	90	20113503
626	644	737	90	90	20113509
619	644	733	90	90	20113516
611	643	733	90	90	20113522
604	643	728	90	90	20113528
596	642	728	90	90	20113534
589	641	724	90	90	20113541
582	640	724	90	90	20113547
575	640	724	90	90	20113553
569	639	728	90	90	20113559
564	638	733	90	90	20113566
559	637	737	90	90	20113572
554	636	749	90	90	20113578
550	635	757	90	90	20113584
546	634	769	90	90	20113591
544	633	785	90	90	20113597
541	631	797	90	90	20113603
539	630	813	90	90	20113609
538	628	825	90	90	20113616
537	627	837	90	90	20113622
536	624	841	90	90	20113628
536	621	849	90	90	20113634
535	618	853	90	90	20113641
535	614	857	90	90	20113647
536	609	861	90	90	20113653
536	604	861	90	90	20113659
537	599	861	90	90	20113666
537	592	861	90	90	20113672
538	585	861	90	90	20113678
538	577	861	90	90	20113684
539	569	861	90	90	20113691
539	560	861	90	90	20113697
539	551	857	90	90	20113703
540	541	857	90	90	20113709
540	531	857	90	90	20113716
540	521	857	90	90	20113722
539	510	857	90	90	20113728
539	499	861	90	90	20113734
538	488	865	90	90	20113741
537	477	869	90	90	20113747
536	465	878	90	90	20113753
535	454	882	90	90	20113759
534	443	886	90	90	20113766
533	433	890	90	90	20113772
532	422	894	90	90	20113778
531	413	894	90	90	20113784
529	404	894	90	90	20113791
529	395	898	90	90	20113797
528	387	898	90	90	20113803
527	381	902	90	90	20113809
527	375	902	90	90	20113816
526	369	902	90	90	20113822
526	365	906	90	90	20113828
527	361	906	90	90	20113834
527	358	910	90	90	20113841
528	355	910	90	90	20113847
529	353	914	90	90	20113853
530	351	922	90	90	20113859
532	349	926	90	90	20113866
534	348	934	90	90	20113872
537	347	942	90	90	20113878
540	347	950	90	90	20113884
544	346	954	90	90	20113891
549	346	962	90	90	20113897
554	346	966	90	90	20113903
561	347	970	90	90	20113909
568	347	974	90	90	20113916
575	348	974	90	90	20113922
583	348	978	90	90	20113928
592	349	978	90	90	20113934
601	350	982	90	90	20113941
610	350	982	90	90	20113947
619	351	982	90	90	20113953
628	351	986	90	90	20113959
636	351	986	90	90	20113966
644	351	986	90	90	20113972
651	351	990	90	90	20113978
657	351	990	90	90	20113984
663	351	982	90	90	20113991
667	350	974	90	90	20113997
671	350	950	90	90	20114003
675	349	886	90	90	20114009
677	349	733	90	90	20114016
679	349	476	90	90	20114028
679	351	197	90	90	20114034
678	353	4	90	90	20114047
25
631	574	98	90	90	20114291
632	572	334	90	90	20114297
633	570	479	90	90	20114303
633	567	628	90	90	20114309
634	564	765	90	90	20114316
634	559	785	90	90	20114322
635	553	797	90	90	20114328
636	547	817	90	90	20114334
636	539	833	90	90	20114341
636	530	853	90	90	20114347
636	521	869	90	90	20114353
636	512	886	90	90	20114359
635	502	898	90	90	20114366
634	492	914	90	90	20114372
633	482	926	90	90	20114378
632	473	934	90	90	20114384
630	465	942	90	90	20114391
629	457	942	90	90	20114397
628	451	934	90	90	20114403
628	445	914	90	90	20114409
627	440	865	90	90	20114416
626	437	712	90	90	20114422
626	435	559	90	90	20114428
626	434	301	90	90	20114441
626	436	18	90	90	20114453
32
635	495	92	90	90	20114572
636	498	229	90	90	20114578
637	498	442	90	90	20114591
639	499	592	90	90	20114597
640	500	652	90	90	20114603
642	500	704	90	90	20114609
645	500	753	90	90	20114616
649	501	793	90	90	20114622
654	501	825	90	90	20114628
659	502	853	90	90	20114634
666	502	878	90	90	20114641
674	503	902	90	90	20114647
682	504	922	90	90	20114653
692	505	938	90	90	20114659
701	505	954	90	90	20114666
712	506	966	90	90	20114672
722	507	978	90	90	20114678
733	508	990	90	90	20114684
744	509	998	90	90	20114691
754	510	1006	90	90	20114697
764	510	1010	90	90	20114703
774	511	1014	90	90	20114709
783	511	1023	90	90	20114716
792	511	1023	90	90	20114722
800	511	1014	90	90	20114728
806	511	1002	90	90	20114734
812	511	986	90	90	20114741
817	510	946	90	90	20114747
822	510	801	90	90	20114753
824	511	636	90	90	20114759
825	511	368	90	90	20114772
824	513	40	90	90	20114784
33
544	495	40	90	90	20115066
543	495	197	90	90	20115072
541	496	362	90	90	20115078
540	496	523	90	90	20115084
538	497	668	90	90	20115091
536	498	765	90	90	20115097
533	498	813	90	90	20115103
530	499	853	90	90	20115109
526	500	882	90	90	20115116
521	501	906	90	90	20115122
516	501	922	90	90	20115128
509	502	934	90	90	20115134
502	502	942	90	90	20115141
493	501	954	90	90	20115147
484	501	962	90	90	20115153
474	500	966	90	90	20115159
463	499	974	90	90	20115166
452	498	978	90	90	20115172
441	497	986	90	90	20115178
430	496	990	90	90	20115184
419	495	994	90	90	20115191
409	494	998	90	90	20115197
400	493	998	90	90	20115203
392	492	998	90	90	20115209
384	491	994	90	90	20115216
377	490	982	90	90	20115222
372	489	958	90	90	20115228
367	488	902	90	90	20115234
364	488	749	90	90	20115241
361	487	588	90	90	20115247
358	487	406	90	90	20115253
357	487	229	90	90	20115259
355	487	20	90	90	20115272
4
278	396	68	90	90	20115484
277	396	325	90	90	20115497
276	395	579	90	90	20115534
276	396	78	90	90	20115547
