4
1
589	605	0	90	90	6544010
64
552	576	111	90	90	6545622
553	576	318	90	90	6545635
555	576	382	90	90	6545641
556	576	422	90	90	6545647
557	576	467	90	90	6545654
559	576	519	90	90	6545660
560	576	559	90	90	6545666
562	576	596	90	90	6545672
565	576	620	90	90	6545679
567	576	640	90	90	6545685
570	576	656	90	90	6545691
573	576	668	90	90	6545697
576	576	684	90	90	6545704
580	576	696	90	90	6545710
584	576	708	90	90	6545716
587	576	720	90	90	6545722
591	576	733	90	90	6545729
595	576	741	90	90	6545735
599	576	753	90	90	6545741
603	576	761	90	90	6545747
608	576	765	90	90	6545754
612	576	773	90	90	6545760
616	576	777	90	90	6545766
620	576	781	90	90	6545772
625	576	785	90	90	6545779
629	575	789	90	90	6545785
633	575	789	90	90	6545791
637	575	793	90	90	6545797
641	575	797	90	90	6545804
644	575	797	90	90	6545810
648	575	801	90	90	6545816
651	575	805	90	90	6545822
654	575	809	90	90	6545829
657	575	813	90	90	6545835
660	575	817	90	90	6545841
663	575	817	90	90	6545847
666	575	821	90	90	6545854
668	575	821	90	90	6545860
670	575	825	90	90	6545866
672	575	825	90	90	6545872
674	575	825	90	90	6545879
676	575	829	90	90	6545885
677	575	829	90	90	6545891
678	575	829	90	90	6545897
679	575	829	90	90	6545910
680	575	830	90	90	6545935
681	574	833	90	90	6545947
680	573	833	90	90	6545954
680	572	837	90	90	6545960
679	571	837	90	90	6545966
678	570	841	90	90	6545972
677	568	841	90	90	6545979
676	566	841	90	90	6545985
674	564	845	90	90	6545991
673	562	845	90	90	6545997
672	561	849	90	90	6546004
670	559	849	90	90	6546010
669	558	849	90	90	6546016
668	557	849	90	90	6546022
667	556	825	90	90	6546035
666	555	607	90	90	6546047
664	554	378	90	90	6546054
663	554	217	90	90	6546060
662	555	26	90	90	6546072
174
544	565	110	90	90	6546560
545	565	320	90	90	6546579
546	564	463	90	90	6546591
547	562	539	90	90	6546597
548	561	575	90	90	6546604
548	560	608	90	90	6546610
549	559	636	90	90	6546616
550	558	656	90	90	6546622
551	557	672	90	90	6546629
553	555	688	90	90	6546635
554	554	700	90	90	6546641
556	552	720	90	90	6546647
558	551	733	90	90	6546654
560	549	745	90	90	6546660
563	547	757	90	90	6546666
565	546	769	90	90	6546672
568	544	781	90	90	6546679
571	542	789	90	90	6546685
574	541	797	90	90	6546691
576	539	805	90	90	6546697
579	537	809	90	90	6546704
582	536	817	90	90	6546710
585	534	821	90	90	6546716
588	533	825	90	90	6546722
590	531	825	90	90	6546729
593	530	829	90	90	6546735
596	528	833	90	90	6546741
598	527	833	90	90	6546747
600	526	833	90	90	6546754
602	524	837	90	90	6546760
604	523	837	90	90	6546766
605	522	837	90	90	6546772
606	521	837	90	90	6546779
607	520	837	90	90	6546791
609	519	837	90	90	6546804
610	518	837	90	90	6546816
610	516	837	90	90	6546829
609	515	837	90	90	6546835
609	514	841	90	90	6546841
608	513	841	90	90	6546847
607	512	841	90	90	6546854
607	511	841	90	90	6546860
606	509	841	90	90	6546866
605	508	841	90	90	6546872
604	507	841	90	90	6546879
603	506	841	90	90	6546885
601	504	841	90	90	6546891
600	502	841	90	90	6546897
598	501	841	90	90	6546904
596	499	841	90	90	6546910
594	497	841	90	90	6546916
592	495	841	90	90	6546922
590	492	841	90	90	6546929
587	490	841	90	90	6546935
585	487	845	90	90	6546941
582	485	845	90	90	6546947
580	482	849	90	90	6546954
578	480	853	90	90	6546960
575	477	857	90	90	6546966
573	475	857	90	90	6546972
571	473	861	90	90	6546979
568	471	861	90	90	6546985
566	468	861	90	90	6546991
564	466	865	90	90	6546997
562	464	865	90	90	6547004
560	462	865	90	90	6547010
558	459	865	90	90	6547016
556	457	869	90	90	6547022
554	455	869	90	90	6547029
553	454	873	90	90	6547035
551	452	873	90	90	6547041
550	450	878	90	90	6547047
548	449	878	90	90	6547054
547	447	878	90	90	6547060
546	446	882	90	90	6547066
544	445	882	90	90	6547072
543	444	882	90	90	6547079
542	442	886	90	90	6547085
541	441	886	90	90	6547091
540	440	886	90	90	6547097
539	440	890	90	90	6547110
538	438	894	90	90	6547122
538	437	898	90	90	6547135
538	436	900	90	90	6547147
538	435	904	90	90	6547160
538	434	906	90	90	6547172
539	433	912	90	90	6547185
540	432	914	90	90	6547191
541	432	918	90	90	6547197
542	432	922	90	90	6547204
543	432	922	90	90	6547210
545	432	926	90	90	6547216
546	433	930	90	90	6547222
547	433	934	90	90	6547229
549	433	938	90	90	6547235
551	434	942	90	90	6547241
553	434	942	90	90	6547247
555	434	946	90	90	6547254
557	435	950	90	90	6547260
559	435	950	90	90	6547266
562	435	954	90	90	6547272
565	436	954	90	90	6547279
568	436	958	90	90	6547285
570	436	958	90	90	6547291
573	436	958	90	90	6547297
575	436	962	90	90	6547304
578	437	962	90	90	6547310
580	437	962	90	90	6547316
583	437	966	90	90	6547322
585	437	966	90	90	6547329
587	436	966	90	90	6547335
590	436	966	90	90	6547341
593	436	966	90	90	6547347
595	436	970	90	90	6547354
598	435	970	90	90	6547360
600	435	970	90	90	6547366
603	435	974	90	90	6547372
605	434	974	90	90	6547379
608	434	974	90	90	6547385
610	433	978	90	90	6547391
613	433	978	90	90	6547397
616	432	978	90	90	6547404
618	432	982	90	90	6547410
621	431	982	90	90	6547416
623	431	982	90	90	6547422
626	430	982	90	90	6547429
628	430	982	90	90	6547435
631	429	986	90	90	6547441
633	429	986	90	90	6547447
635	429	986	90	90	6547454
638	428	986	90	90	6547460
640	428	986	90	90	6547466
642	428	986	90	90	6547472
644	428	986	90	90	6547479
646	428	986	90	90	6547485
648	427	990	90	90	6547491
650	427	990	90	90	6547497
652	427	990	90	90	6547504
653	427	990	90	90	6547510
655	427	990	90	90	6547516
656	426	990	90	90	6547522
657	426	990	90	90	6547529
658	426	990	90	90	6547541
659	427	994	90	90	6547554
660	427	998	90	90	6547572
661	428	1002	90	90	6547585
661	429	1006	90	90	6547597
661	431	1006	90	90	6547604
661	432	1006	90	90	6547610
661	433	1006	90	90	6547616
661	435	1010	90	90	6547622
662	436	1010	90	90	6547629
662	438	1010	90	90	6547635
662	440	1010	90	90	6547641
662	442	1010	90	90	6547647
662	444	1010	90	90	6547654
662	446	1006	90	90	6547660
662	447	1006	90	90	6547666
663	449	1006	90	90	6547672
663	451	1006	90	90	6547679
663	453	1006	90	90	6547685
663	454	1002	90	90	6547691
663	456	1002	90	90	6547697
663	458	1002	90	90	6547704
663	459	1002	90	90	6547710
663	461	1002	90	90	6547716
663	462	1006	90	90	6547722
663	463	1006	90	90	6547729
663	464	1006	90	90	6547735
664	465	1006	90	90	6547747
664	467	1006	90	90	6547766
664	468	967	90	90	6547810
663	467	559	90	90	6547822
662	467	121	90	90	6547841
11
265	397	36	90	90	6550637
264	397	96	90	90	6550643
264	397	157	90	90	6550649
264	397	181	90	90	6550655
264	397	197	90	90	6550662
264	397	209	90	90	6550668
264	397	205	90	90	6550674
264	397	149	90	90	6550680
264	397	88	90	90	6550687
264	397	16	90	90	6550693
264	397	0	90	90	6550699
4
1
567	570	0	90	90	6773490
74
561	572	302	90	90	6773890
560	573	561	90	90	6773902
561	573	616	90	90	6773909
562	573	644	90	90	6773915
563	573	668	90	90	6773921
564	572	692	90	90	6773927
566	572	712	90	90	6773934
568	572	737	90	90	6773940
570	572	753	90	90	6773946
572	572	769	90	90	6773952
575	572	781	90	90	6773959
577	572	793	90	90	6773965
580	572	805	90	90	6773971
583	572	813	90	90	6773977
586	572	821	90	90	6773984
590	572	829	90	90	6773990
593	572	837	90	90	6773996
596	572	841	90	90	6774002
600	572	845	90	90	6774009
604	572	849	90	90	6774015
607	572	853	90	90	6774021
611	572	857	90	90	6774027
615	572	861	90	90	6774034
618	572	861	90	90	6774040
622	571	865	90	90	6774046
626	571	865	90	90	6774052
629	571	869	90	90	6774059
633	570	873	90	90	6774065
636	570	873	90	90	6774071
639	570	878	90	90	6774077
643	570	882	90	90	6774084
646	569	882	90	90	6774090
649	569	886	90	90	6774096
652	569	890	90	90	6774102
656	569	890	90	90	6774109
659	569	890	90	90	6774115
662	569	894	90	90	6774121
665	569	894	90	90	6774127
668	568	894	90	90	6774134
671	568	894	90	90	6774140
674	568	894	90	90	6774146
677	568	894	90	90	6774152
679	568	898	90	90	6774159
682	568	898	90	90	6774165
684	569	898	90	90	6774171
686	569	898	90	90	6774177
688	569	898	90	90	6774184
690	569	898	90	90	6774190
691	569	898	90	90	6774196
693	569	898	90	90	6774202
694	569	898	90	90	6774215
695	568	899	90	90	6774259
694	567	902	90	90	6774271
693	565	906	90	90	6774277
692	565	906	90	90	6774284
691	564	906	90	90	6774290
689	563	906	90	90	6774296
688	561	906	90	90	6774302
687	560	906	90	90	6774309
685	559	910	90	90	6774315
684	557	910	90	90	6774321
682	555	914	90	90	6774327
681	554	914	90	90	6774334
679	552	918	90	90	6774340
678	550	918	90	90	6774346
676	548	922	90	90	6774352
675	547	922	90	90	6774359
673	545	926	90	90	6774365
672	544	926	90	90	6774371
671	542	926	90	90	6774377
670	541	930	90	90	6774390
669	540	854	90	90	6774415
668	539	484	90	90	6774427
667	540	92	90	90	6774446
256
555	563	375	90	90	6775127
556	562	646	90	90	6775140
556	560	684	90	90	6775146
556	559	704	90	90	6775152
557	559	724	90	90	6775159
557	558	741	90	90	6775165
557	557	757	90	90	6775171
558	556	769	90	90	6775177
558	554	781	90	90	6775184
559	553	793	90	90	6775190
560	552	801	90	90	6775196
561	551	813	90	90	6775202
562	550	821	90	90	6775209
563	549	829	90	90	6775215
564	548	837	90	90	6775221
566	546	845	90	90	6775227
567	545	853	90	90	6775234
569	544	857	90	90	6775240
570	542	865	90	90	6775246
572	541	869	90	90	6775252
573	539	869	90	90	6775259
574	538	873	90	90	6775265
575	536	878	90	90	6775271
577	535	882	90	90	6775277
578	533	886	90	90	6775284
580	532	886	90	90	6775290
581	531	890	90	90	6775296
583	529	894	90	90	6775302
584	528	898	90	90	6775309
586	527	898	90	90	6775315
588	525	902	90	90	6775321
590	524	902	90	90	6775327
592	523	906	90	90	6775334
593	521	906	90	90	6775340
595	520	906	90	90	6775346
597	518	906	90	90	6775352
599	516	906	90	90	6775359
600	515	906	90	90	6775365
602	513	906	90	90	6775371
604	512	906	90	90	6775377
605	510	906	90	90	6775384
607	509	906	90	90	6775390
608	508	906	90	90	6775396
610	506	906	90	90	6775402
611	505	906	90	90	6775409
613	504	906	90	90	6775415
614	503	906	90	90	6775421
616	502	906	90	90	6775427
617	501	906	90	90	6775434
619	500	906	90	90	6775440
620	499	906	90	90	6775446
622	498	906	90	90	6775452
623	497	906	90	90	6775459
625	496	906	90	90	6775465
626	494	906	90	90	6775471
627	493	906	90	90	6775477
628	492	906	90	90	6775484
629	491	906	90	90	6775490
629	490	906	90	90	6775496
630	489	906	90	90	6775502
631	488	906	90	90	6775509
632	487	906	90	90	6775515
632	486	906	90	90	6775527
633	485	910	90	90	6775540
633	484	911	90	90	6775559
633	483	916	90	90	6775577
632	482	918	90	90	6775590
631	482	920	90	90	6775602
630	481	918	90	90	6775615
628	480	918	90	90	6775621
628	479	922	90	90	6775627
626	478	922	90	90	6775634
625	478	922	90	90	6775640
624	477	922	90	90	6775646
622	476	922	90	90	6775652
621	475	926	90	90	6775659
619	474	926	90	90	6775665
617	473	926	90	90	6775671
615	472	926	90	90	6775677
614	471	926	90	90	6775684
612	469	926	90	90	6775690
610	468	926	90	90	6775696
608	467	922	90	90	6775702
606	465	922	90	90	6775709
605	463	922	90	90	6775715
603	462	922	90	90	6775721
601	460	922	90	90	6775727
599	459	922	90	90	6775734
597	457	922	90	90	6775740
595	456	922	90	90	6775746
593	454	922	90	90	6775752
591	453	918	90	90	6775759
589	452	922	90	90	6775765
587	451	922	90	90	6775771
585	449	922	90	90	6775777
583	448	922	90	90	6775784
581	447	922	90	90	6775790
580	445	922	90	90	6775796
578	444	922	90	90	6775802
576	442	922	90	90	6775809
574	441	922	90	90	6775815
572	439	922	90	90	6775821
570	438	922	90	90	6775827
568	436	922	90	90	6775834
566	434	918	90	90	6775840
565	433	918	90	90	6775846
563	431	918	90	90	6775852
561	430	918	90	90	6775859
560	429	918	90	90	6775865
558	428	918	90	90	6775871
557	426	918	90	90	6775877
556	426	918	90	90	6775884
555	425	918	90	90	6775890
554	424	918	90	90	6775896
553	423	918	90	90	6775902
552	422	918	90	90	6775909
551	422	918	90	90	6775915
550	421	918	90	90	6775921
549	420	918	90	90	6775927
548	419	922	90	90	6775934
547	418	918	90	90	6775940
546	417	918	90	90	6775946
545	416	918	90	90	6775952
544	415	918	90	90	6775959
543	414	918	90	90	6775965
542	413	918	90	90	6775971
541	412	918	90	90	6775977
540	412	918	90	90	6775984
539	411	914	90	90	6775990
537	410	914	90	90	6775996
536	409	914	90	90	6776002
536	408	914	90	90	6776009
535	407	914	90	90	6776021
533	406	914	90	90	6776034
533	405	910	90	90	6776052
532	404	910	90	90	6776077
531	403	910	90	90	6776109
532	402	912	90	90	6776121
533	402	914	90	90	6776127
534	402	914	90	90	6776134
536	402	918	90	90	6776140
537	402	918	90	90	6776146
539	402	922	90	90	6776152
541	402	922	90	90	6776159
543	402	926	90	90	6776165
545	402	926	90	90	6776171
547	401	930	90	90	6776177
550	401	930	90	90	6776184
552	401	934	90	90	6776190
554	401	934	90	90	6776196
556	401	938	90	90	6776202
559	401	938	90	90	6776209
561	401	938	90	90	6776215
564	402	942	90	90	6776221
566	402	942	90	90	6776227
568	402	946	90	90	6776234
571	402	946	90	90	6776240
573	402	950	90	90	6776246
575	402	954	90	90	6776252
577	402	954	90	90	6776259
580	402	958	90	90	6776265
582	402	958	90	90	6776271
584	402	962	90	90	6776277
586	402	966	90	90	6776284
588	402	970	90	90	6776290
591	402	970	90	90	6776296
593	402	974	90	90	6776302
595	402	974	90	90	6776309
597	402	978	90	90	6776315
599	402	978	90	90	6776321
601	401	982	90	90	6776327
603	401	982	90	90	6776334
605	401	982	90	90	6776340
606	401	982	90	90	6776346
608	401	986	90	90	6776352
610	400	986	90	90	6776359
611	400	986	90	90	6776365
613	399	986	90	90	6776371
615	399	990	90	90	6776377
616	399	990	90	90	6776384
618	398	990	90	90	6776390
620	398	994	90	90	6776396
622	398	994	90	90	6776402
624	397	994	90	90	6776409
625	397	998	90	90	6776415
627	397	998	90	90	6776421
629	397	998	90	90	6776427
630	397	998	90	90	6776434
632	397	998	90	90	6776440
633	397	998	90	90	6776446
634	397	998	90	90	6776452
636	397	1002	90	90	6776459
637	397	1002	90	90	6776465
639	397	1002	90	90	6776471
641	397	1002	90	90	6776477
642	397	1002	90	90	6776484
644	397	1002	90	90	6776490
645	397	1002	90	90	6776496
647	397	1002	90	90	6776502
648	397	1002	90	90	6776509
650	397	1002	90	90	6776515
651	397	1006	90	90	6776521
652	397	1006	90	90	6776527
653	397	1010	90	90	6776534
655	397	1010	90	90	6776540
656	397	1014	90	90	6776546
657	397	1014	90	90	6776552
658	397	1023	90	90	6776559
659	397	1023	90	90	6776565
661	397	1023	90	90	6776571
662	397	1023	90	90	6776577
663	397	1023	90	90	6776584
664	397	1023	90	90	6776590
665	397	1023	90	90	6776596
666	397	1023	90	90	6776602
667	397	1023	90	90	6776609
668	397	1023	90	90	6776615
669	397	1023	90	90	6776621
670	397	1023	90	90	6776640
672	397	1023	90	90	6776652
673	397	1023	90	90	6776665
674	397	1023	90	90	6776690
675	397	1023	90	90	6776740
675	398	1023	90	90	6776759
675	399	1023	90	90	6776771
674	400	1023	90	90	6776784
674	402	1023	90	90	6776790
674	403	1023	90	90	6776796
674	404	1023	90	90	6776809
674	405	1023	90	90	6776815
673	407	1023	90	90	6776821
673	408	1023	90	90	6776827
673	409	1023	90	90	6776834
673	410	1023	90	90	6776840
673	411	1023	90	90	6776846
672	412	1023	90	90	6776852
672	413	1023	90	90	6776859
672	414	1023	90	90	6776865
672	415	1023	90	90	6776877
672	416	1023	90	90	6776884
672	417	1023	90	90	6776890
671	418	1023	90	90	6776896
671	419	1023	90	90	6776902
671	420	1023	90	90	6776909
671	421	1023	90	90	6776915
671	422	1023	90	90	6776921
671	423	1023	90	90	6776927
671	424	1023	90	90	6776934
671	425	1023	90	90	6776940
671	426	1023	90	90	6776952
671	427	1023	90	90	6776965
671	428	1023	90	90	6776977
671	429	1023	90	90	6777002
671	430	979	90	90	6777071
670	429	450	90	90	6777084
668	428	80	90	90	6777096
7
261	400	56	90	90	6779587
262	399	233	90	90	6779605
263	398	336	90	90	6779618
264	397	410	90	90	6779630
265	396	451	90	90	6779643
266	395	325	90	90	6779655
267	394	79	90	90	6779674
4
1
664	555	0	90	90	7024491
86
612	579	56	90	90	7024910
610	580	233	90	90	7024928
610	581	483	90	90	7024972
611	580	593	90	90	7024985
613	579	620	90	90	7024991
614	579	636	90	90	7024997
615	579	648	90	90	7025003
617	579	664	90	90	7025010
619	578	676	90	90	7025016
621	578	688	90	90	7025022
623	578	700	90	90	7025028
625	578	708	90	90	7025035
627	578	720	90	90	7025041
629	578	733	90	90	7025047
632	578	737	90	90	7025053
634	579	745	90	90	7025060
637	579	749	90	90	7025066
640	579	757	90	90	7025072
643	579	761	90	90	7025078
646	579	765	90	90	7025085
649	579	765	90	90	7025091
652	579	769	90	90	7025097
655	579	773	90	90	7025103
658	579	773	90	90	7025110
661	579	777	90	90	7025116
664	579	777	90	90	7025122
667	579	781	90	90	7025128
670	578	781	90	90	7025135
672	578	785	90	90	7025141
675	578	785	90	90	7025147
678	578	789	90	90	7025153
681	578	789	90	90	7025160
684	579	789	90	90	7025166
686	579	793	90	90	7025172
689	579	793	90	90	7025178
691	579	797	90	90	7025185
694	579	797	90	90	7025191
697	579	801	90	90	7025197
699	580	801	90	90	7025203
702	580	805	90	90	7025210
705	580	805	90	90	7025216
707	580	805	90	90	7025222
709	581	809	90	90	7025228
712	581	809	90	90	7025235
714	581	809	90	90	7025241
716	581	809	90	90	7025247
719	581	809	90	90	7025253
721	581	809	90	90	7025260
723	581	813	90	90	7025266
726	581	813	90	90	7025272
728	581	813	90	90	7025278
730	581	813	90	90	7025285
732	581	813	90	90	7025291
733	581	813	90	90	7025297
735	581	813	90	90	7025303
736	581	817	90	90	7025310
738	581	817	90	90	7025316
739	580	817	90	90	7025322
740	580	813	90	90	7025328
741	580	813	90	90	7025347
742	580	812	90	90	7025378
743	579	809	90	90	7025397
743	578	809	90	90	7025410
742	576	809	90	90	7025416
741	575	809	90	90	7025422
741	574	809	90	90	7025428
740	572	809	90	90	7025435
739	570	809	90	90	7025441
738	568	809	90	90	7025447
737	565	809	90	90	7025453
736	563	813	90	90	7025460
734	560	813	90	90	7025466
733	557	817	90	90	7025472
732	555	817	90	90	7025478
730	553	821	90	90	7025485
729	551	821	90	90	7025491
728	549	825	90	90	7025497
727	547	825	90	90	7025503
726	545	829	90	90	7025510
725	544	829	90	90	7025516
724	542	829	90	90	7025522
723	541	825	90	90	7025528
723	540	805	90	90	7025535
722	539	676	90	90	7025547
721	538	382	90	90	7025560
720	538	74	90	90	7025572
198
604	571	167	90	90	7026091
605	570	344	90	90	7026103
606	569	418	90	90	7026116
607	568	467	90	90	7026122
608	566	503	90	90	7026128
609	565	531	90	90	7026135
609	563	555	90	90	7026141
610	562	575	90	90	7026147
611	560	600	90	90	7026153
612	558	620	90	90	7026160
612	556	640	90	90	7026166
613	554	656	90	90	7026172
615	552	668	90	90	7026178
616	550	684	90	90	7026185
617	548	696	90	90	7026191
618	546	708	90	90	7026197
620	544	720	90	90	7026203
622	542	728	90	90	7026210
623	539	737	90	90	7026216
625	537	745	90	90	7026222
627	534	753	90	90	7026228
629	532	757	90	90	7026235
630	530	761	90	90	7026241
632	528	769	90	90	7026247
634	526	773	90	90	7026253
636	524	777	90	90	7026260
637	521	781	90	90	7026266
639	519	785	90	90	7026272
641	517	789	90	90	7026278
643	515	793	90	90	7026285
644	513	797	90	90	7026291
646	510	801	90	90	7026297
648	508	801	90	90	7026303
649	506	805	90	90	7026310
651	504	805	90	90	7026316
652	503	809	90	90	7026322
654	501	809	90	90	7026328
655	499	813	90	90	7026335
656	498	813	90	90	7026341
657	496	813	90	90	7026347
658	495	813	90	90	7026353
659	493	813	90	90	7026360
659	492	813	90	90	7026366
660	490	813	90	90	7026372
661	489	813	90	90	7026378
661	488	813	90	90	7026385
662	487	813	90	90	7026391
662	486	813	90	90	7026397
662	485	813	90	90	7026403
663	484	817	90	90	7026416
663	482	817	90	90	7026428
662	481	817	90	90	7026441
661	480	821	90	90	7026453
660	479	821	90	90	7026460
659	479	821	90	90	7026466
658	478	825	90	90	7026472
657	478	825	90	90	7026478
655	477	825	90	90	7026485
654	476	829	90	90	7026491
652	475	829	90	90	7026497
651	475	829	90	90	7026503
649	474	829	90	90	7026510
647	473	829	90	90	7026516
645	472	829	90	90	7026522
643	470	833	90	90	7026528
641	469	829	90	90	7026535
639	468	829	90	90	7026541
637	466	829	90	90	7026547
635	465	829	90	90	7026553
633	463	829	90	90	7026560
631	461	825	90	90	7026566
629	459	825	90	90	7026572
627	457	825	90	90	7026578
625	455	825	90	90	7026585
624	454	825	90	90	7026591
622	452	825	90	90	7026597
620	451	825	90	90	7026603
618	449	829	90	90	7026610
616	448	829	90	90	7026616
614	446	829	90	90	7026622
612	445	833	90	90	7026628
610	443	833	90	90	7026635
609	441	833	90	90	7026641
607	440	833	90	90	7026647
606	438	833	90	90	7026653
604	436	833	90	90	7026660
603	434	829	90	90	7026666
601	433	829	90	90	7026672
600	431	829	90	90	7026678
598	429	829	90	90	7026685
597	428	829	90	90	7026691
595	426	833	90	90	7026697
594	425	833	90	90	7026703
592	424	837	90	90	7026710
591	422	841	90	90	7026716
590	421	841	90	90	7026722
589	420	845	90	90	7026728
588	419	845	90	90	7026735
587	418	849	90	90	7026747
586	417	853	90	90	7026760
585	416	853	90	90	7026772
585	415	853	90	90	7026791
585	414	857	90	90	7026810
585	413	858	90	90	7026841
585	412	867	90	90	7026903
586	411	880	90	90	7026916
588	411	882	90	90	7026922
589	411	886	90	90	7026928
590	411	886	90	90	7026935
591	411	890	90	90	7026941
593	411	894	90	90	7026947
595	411	894	90	90	7026953
597	411	898	90	90	7026960
599	411	898	90	90	7026966
601	412	902	90	90	7026972
603	412	902	90	90	7026978
606	412	906	90	90	7026985
608	412	906	90	90	7026991
611	412	906	90	90	7026997
613	412	910	90	90	7027003
616	412	910	90	90	7027010
620	412	910	90	90	7027016
622	413	914	90	90	7027022
625	413	914	90	90	7027028
628	413	914	90	90	7027035
631	413	914	90	90	7027041
633	413	914	90	90	7027047
636	412	914	90	90	7027053
638	412	918	90	90	7027060
641	412	918	90	90	7027066
643	412	918	90	90	7027072
645	412	918	90	90	7027078
648	412	918	90	90	7027085
650	411	918	90	90	7027091
652	411	918	90	90	7027097
654	411	918	90	90	7027103
656	411	918	90	90	7027110
658	410	918	90	90	7027116
660	410	922	90	90	7027122
662	410	922	90	90	7027128
664	410	922	90	90	7027135
666	409	922	90	90	7027141
668	409	922	90	90	7027147
670	409	922	90	90	7027153
672	409	922	90	90	7027160
673	409	926	90	90	7027166
675	409	926	90	90	7027172
677	409	926	90	90	7027178
679	409	926	90	90	7027185
680	408	926	90	90	7027191
682	408	926	90	90	7027197
683	408	926	90	90	7027203
684	408	926	90	90	7027210
686	408	926	90	90	7027216
687	408	926	90	90	7027222
688	407	930	90	90	7027228
689	407	930	90	90	7027235
691	407	930	90	90	7027241
692	407	930	90	90	7027247
693	407	930	90	90	7027253
694	407	930	90	90	7027260
696	407	930	90	90	7027266
697	407	930	90	90	7027272
698	407	930	90	90	7027278
699	407	930	90	90	7027285
700	407	930	90	90	7027291
701	407	930	90	90	7027303
702	407	934	90	90	7027316
703	407	934	90	90	7027335
704	407	939	90	90	7027366
705	408	944	90	90	7027378
705	409	946	90	90	7027391
705	411	948	90	90	7027403
705	412	950	90	90	7027410
706	414	950	90	90	7027416
706	415	950	90	90	7027422
706	416	950	90	90	7027428
706	418	950	90	90	7027435
707	419	950	90	90	7027441
707	421	950	90	90	7027447
707	423	950	90	90	7027453
708	426	950	90	90	7027460
708	428	946	90	90	7027466
708	431	946	90	90	7027472
709	433	946	90	90	7027478
709	436	946	90	90	7027485
710	438	946	90	90	7027491
710	441	950	90	90	7027497
710	443	950	90	90	7027503
710	444	950	90	90	7027510
710	446	950	90	90	7027516
710	447	950	90	90	7027522
710	448	946	90	90	7027528
710	449	946	90	90	7027541
710	450	946	90	90	7027553
710	451	946	90	90	7027572
710	452	782	90	90	7027628
709	452	82	90	90	7027641
3
266	398	204	90	90	7029471
267	397	436	90	90	7029502
268	397	146	90	90	7029533
4
1
694	549	0	90	90	7246040
79
596	569	64	90	90	7246465
595	569	219	90	90	7246509
596	569	302	90	90	7246515
597	569	322	90	90	7246521
598	569	350	90	90	7246527
599	568	374	90	90	7246534
601	568	402	90	90	7246540
603	568	430	90	90	7246546
604	568	459	90	90	7246552
607	567	487	90	90	7246559
609	567	519	90	90	7246565
612	567	539	90	90	7246571
615	567	555	90	90	7246577
618	567	571	90	90	7246584
621	568	588	90	90	7246590
625	568	600	90	90	7246596
628	568	608	90	90	7246602
632	568	616	90	90	7246609
635	568	624	90	90	7246615
639	568	628	90	90	7246621
643	568	632	90	90	7246627
646	568	632	90	90	7246634
650	568	636	90	90	7246640
653	568	640	90	90	7246646
657	568	640	90	90	7246652
660	568	644	90	90	7246659
663	568	644	90	90	7246665
667	568	648	90	90	7246671
670	568	648	90	90	7246677
673	568	652	90	90	7246684
677	568	656	90	90	7246690
680	568	660	90	90	7246696
683	568	660	90	90	7246702
686	568	664	90	90	7246709
689	568	668	90	90	7246715
692	568	672	90	90	7246721
695	568	676	90	90	7246727
699	568	680	90	90	7246734
702	568	680	90	90	7246740
705	568	684	90	90	7246746
707	568	684	90	90	7246752
710	568	688	90	90	7246759
713	568	692	90	90	7246765
716	568	696	90	90	7246771
719	568	700	90	90	7246777
722	568	704	90	90	7246784
724	569	708	90	90	7246790
727	569	712	90	90	7246796
730	569	712	90	90	7246802
732	569	712	90	90	7246809
734	569	720	90	90	7246815
736	569	720	90	90	7246821
738	569	720	90	90	7246827
739	569	720	90	90	7246834
741	569	720	90	90	7246840
742	569	720	90	90	7246846
743	569	720	90	90	7246852
744	568	720	90	90	7246865
745	568	721	90	90	7246890
745	567	724	90	90	7246902
744	566	730	90	90	7246915
743	565	737	90	90	7246921
742	564	741	90	90	7246927
741	563	745	90	90	7246934
740	562	749	90	90	7246940
739	561	757	90	90	7246946
737	560	761	90	90	7246952
736	558	765	90	90	7246959
734	557	769	90	90	7246965
732	555	773	90	90	7246971
731	553	777	90	90	7246977
729	552	781	90	90	7246984
728	551	781	90	90	7246990
727	550	785	90	90	7246996
726	548	783	90	90	7247009
724	547	732	90	90	7247021
723	546	507	90	90	7247034
721	545	289	90	90	7247040
720	545	70	90	90	7247052
219
592	559	201	90	90	7247602
593	558	420	90	90	7247615
594	557	491	90	90	7247621
595	556	535	90	90	7247627
596	555	567	90	90	7247634
597	554	600	90	90	7247640
598	552	620	90	90	7247646
599	551	640	90	90	7247652
600	549	656	90	90	7247659
602	548	668	90	90	7247665
603	546	684	90	90	7247671
605	544	692	90	90	7247677
606	542	704	90	90	7247684
608	541	720	90	90	7247690
610	539	728	90	90	7247696
612	537	737	90	90	7247702
614	535	741	90	90	7247709
616	534	749	90	90	7247715
618	532	753	90	90	7247721
620	531	757	90	90	7247727
622	529	761	90	90	7247734
624	528	765	90	90	7247740
626	526	769	90	90	7247746
628	524	773	90	90	7247752
630	523	777	90	90	7247759
631	521	781	90	90	7247765
633	519	785	90	90	7247771
635	516	789	90	90	7247777
637	514	793	90	90	7247784
638	512	797	90	90	7247790
640	510	801	90	90	7247796
642	508	805	90	90	7247802
644	506	805	90	90	7247809
645	504	809	90	90	7247815
647	502	809	90	90	7247821
649	501	809	90	90	7247827
650	499	813	90	90	7247834
652	498	813	90	90	7247840
653	497	813	90	90	7247846
654	495	813	90	90	7247852
655	494	813	90	90	7247859
657	493	813	90	90	7247865
657	492	813	90	90	7247871
658	491	813	90	90	7247877
659	490	813	90	90	7247884
660	489	809	90	90	7247890
660	488	809	90	90	7247896
661	487	811	90	90	7247909
661	485	813	90	90	7247921
661	484	813	90	90	7247934
661	483	813	90	90	7247946
660	482	817	90	90	7247959
658	481	817	90	90	7247965
657	480	817	90	90	7247971
656	480	817	90	90	7247977
655	479	817	90	90	7247984
653	478	817	90	90	7247990
651	478	817	90	90	7247996
650	477	821	90	90	7248002
648	476	821	90	90	7248009
646	474	821	90	90	7248015
643	473	821	90	90	7248021
641	472	821	90	90	7248027
639	471	821	90	90	7248034
637	469	821	90	90	7248040
635	467	821	90	90	7248046
632	466	821	90	90	7248052
630	464	821	90	90	7248059
627	462	817	90	90	7248065
625	460	817	90	90	7248071
622	458	817	90	90	7248077
619	456	817	90	90	7248084
617	455	817	90	90	7248090
614	453	817	90	90	7248096
611	451	817	90	90	7248102
609	450	817	90	90	7248109
607	448	817	90	90	7248115
605	447	821	90	90	7248121
602	445	821	90	90	7248127
600	444	821	90	90	7248134
598	442	821	90	90	7248140
596	440	821	90	90	7248146
593	438	821	90	90	7248152
591	437	821	90	90	7248159
589	435	821	90	90	7248165
587	433	821	90	90	7248171
585	432	821	90	90	7248177
583	430	821	90	90	7248184
581	429	821	90	90	7248190
580	428	825	90	90	7248196
579	427	825	90	90	7248202
578	426	825	90	90	7248209
577	425	825	90	90	7248215
576	424	829	90	90	7248221
576	423	829	90	90	7248227
575	422	831	90	90	7248240
573	421	833	90	90	7248252
572	420	837	90	90	7248265
571	419	837	90	90	7248284
570	418	837	90	90	7248302
569	417	839	90	90	7248315
568	416	841	90	90	7248327
567	415	841	90	90	7248340
566	414	841	90	90	7248359
565	413	841	90	90	7248384
564	413	841	90	90	7248421
564	412	845	90	90	7248434
565	412	845	90	90	7248440
566	412	849	90	90	7248446
567	412	849	90	90	7248452
568	412	853	90	90	7248459
570	412	857	90	90	7248465
572	412	857	90	90	7248471
573	412	861	90	90	7248477
575	412	861	90	90	7248484
577	412	865	90	90	7248490
579	413	865	90	90	7248496
581	413	869	90	90	7248502
583	413	869	90	90	7248509
586	413	873	90	90	7248515
588	413	873	90	90	7248521
591	413	873	90	90	7248527
594	413	878	90	90	7248534
596	413	878	90	90	7248540
599	413	878	90	90	7248546
601	413	878	90	90	7248552
604	413	878	90	90	7248559
606	413	882	90	90	7248565
609	413	882	90	90	7248571
611	413	882	90	90	7248577
613	413	882	90	90	7248584
616	413	882	90	90	7248590
618	413	882	90	90	7248596
620	413	886	90	90	7248602
623	413	886	90	90	7248609
625	413	886	90	90	7248615
628	413	886	90	90	7248621
630	413	886	90	90	7248627
632	413	886	90	90	7248634
635	413	890	90	90	7248640
637	413	890	90	90	7248646
639	413	890	90	90	7248652
642	413	890	90	90	7248659
644	413	890	90	90	7248665
647	413	894	90	90	7248671
649	413	894	90	90	7248677
651	413	894	90	90	7248684
654	413	894	90	90	7248690
656	413	894	90	90	7248696
658	413	894	90	90	7248702
661	413	894	90	90	7248709
663	412	894	90	90	7248715
665	412	894	90	90	7248721
667	412	894	90	90	7248727
670	412	894	90	90	7248734
672	412	894	90	90	7248740
674	411	894	90	90	7248746
676	411	894	90	90	7248752
679	411	898	90	90	7248759
681	410	898	90	90	7248765
683	410	898	90	90	7248771
685	410	898	90	90	7248777
687	409	898	90	90	7248784
689	409	898	90	90	7248790
692	408	898	90	90	7248796
694	408	898	90	90	7248802
696	408	898	90	90	7248809
699	408	898	90	90	7248815
701	408	902	90	90	7248821
703	408	902	90	90	7248827
705	408	902	90	90	7248834
707	408	902	90	90	7248840
709	408	902	90	90	7248846
711	408	902	90	90	7248852
713	409	902	90	90	7248859
714	409	902	90	90	7248865
716	409	902	90	90	7248871
717	409	902	90	90	7248877
719	409	902	90	90	7248884
720	410	902	90	90	7248890
722	410	902	90	90	7248896
723	410	902	90	90	7248902
724	410	902	90	90	7248909
725	410	904	90	90	7248921
726	411	906	90	90	7248940
727	411	910	90	90	7248959
727	412	914	90	90	7248977
727	413	916	90	90	7248990
727	414	918	90	90	7249002
726	415	918	90	90	7249015
726	417	922	90	90	7249027
725	418	922	90	90	7249034
725	419	922	90	90	7249040
724	420	922	90	90	7249046
724	421	922	90	90	7249052
723	422	922	90	90	7249059
723	423	922	90	90	7249065
723	424	922	90	90	7249071
722	425	922	90	90	7249077
722	427	922	90	90	7249084
721	428	922	90	90	7249090
721	429	926	90	90	7249096
720	431	926	90	90	7249102
720	432	930	90	90	7249109
719	434	930	90	90	7249115
719	436	934	90	90	7249121
719	437	938	90	90	7249127
718	439	938	90	90	7249134
718	440	942	90	90	7249140
718	441	946	90	90	7249146
718	442	950	90	90	7249152
717	443	956	90	90	7249165
717	444	964	90	90	7249177
716	445	968	90	90	7249190
716	447	974	90	90	7249202
715	448	976	90	90	7249215
715	449	911	90	90	7249277
714	448	354	90	90	7249290
712	448	36	90	90	7249302
3
264	397	159	90	90	7251663
265	396	290	90	90	7251682
265	395	109	90	90	7251707
4
1
678	575	0	90	90	7453408
76
588	574	92	90	90	7453789
588	575	373	90	90	7453839
589	574	543	90	90	7453845
590	574	567	90	90	7453852
591	573	596	90	90	7453858
593	573	616	90	90	7453864
594	573	636	90	90	7453870
596	572	652	90	90	7453877
598	572	672	90	90	7453883
600	572	684	90	90	7453889
602	571	700	90	90	7453895
605	571	708	90	90	7453902
607	571	724	90	90	7453908
610	571	733	90	90	7453914
613	570	741	90	90	7453920
616	570	745	90	90	7453927
619	570	753	90	90	7453933
623	570	757	90	90	7453939
626	570	761	90	90	7453945
629	570	765	90	90	7453952
633	569	773	90	90	7453958
636	569	777	90	90	7453964
639	569	781	90	90	7453970
643	569	785	90	90	7453977
646	569	789	90	90	7453983
649	569	793	90	90	7453989
652	569	797	90	90	7453995
655	569	797	90	90	7454002
658	569	801	90	90	7454008
661	569	801	90	90	7454014
663	569	805	90	90	7454020
666	569	805	90	90	7454027
669	569	809	90	90	7454033
671	569	809	90	90	7454039
674	569	813	90	90	7454045
676	569	813	90	90	7454052
678	569	817	90	90	7454058
681	569	817	90	90	7454064
683	569	821	90	90	7454070
684	570	821	90	90	7454077
686	570	825	90	90	7454083
688	570	825	90	90	7454089
690	570	825	90	90	7454095
691	570	825	90	90	7454102
693	570	829	90	90	7454108
695	570	829	90	90	7454114
697	570	829	90	90	7454120
698	570	829	90	90	7454127
700	571	829	90	90	7454133
701	571	833	90	90	7454139
702	571	833	90	90	7454145
703	571	833	90	90	7454158
705	571	833	90	90	7454170
706	571	833	90	90	7454227
706	570	833	90	90	7454239
706	569	837	90	90	7454245
706	568	837	90	90	7454252
705	567	837	90	90	7454258
705	565	841	90	90	7454264
704	564	841	90	90	7454270
703	562	845	90	90	7454277
702	561	849	90	90	7454283
701	559	853	90	90	7454289
700	557	853	90	90	7454295
699	555	857	90	90	7454302
698	553	861	90	90	7454308
697	551	865	90	90	7454314
696	549	869	90	90	7454320
695	548	869	90	90	7454327
694	546	869	90	90	7454333
693	545	873	90	90	7454339
693	544	869	90	90	7454352
692	543	833	90	90	7454364
692	542	605	90	90	7454377
691	542	291	90	90	7454389
690	542	18	90	90	7454402
231
581	564	192	90	90	7454983
581	565	492	90	90	7455020
581	564	616	90	90	7455033
582	562	652	90	90	7455039
582	561	676	90	90	7455045
582	560	696	90	90	7455052
582	559	720	90	90	7455058
582	558	737	90	90	7455064
583	557	753	90	90	7455070
583	556	769	90	90	7455077
584	554	781	90	90	7455083
585	553	793	90	90	7455089
586	551	805	90	90	7455095
587	549	817	90	90	7455102
588	547	829	90	90	7455108
590	545	837	90	90	7455114
591	543	845	90	90	7455120
593	541	849	90	90	7455127
595	538	857	90	90	7455133
597	536	861	90	90	7455139
599	534	865	90	90	7455145
601	531	869	90	90	7455152
602	529	873	90	90	7455158
604	527	878	90	90	7455164
606	525	878	90	90	7455170
608	523	882	90	90	7455177
609	521	882	90	90	7455183
611	519	886	90	90	7455189
613	517	886	90	90	7455195
614	514	890	90	90	7455202
616	512	890	90	90	7455208
617	510	894	90	90	7455214
619	508	894	90	90	7455220
620	506	898	90	90	7455227
622	504	898	90	90	7455233
623	502	898	90	90	7455239
625	500	902	90	90	7455245
626	498	902	90	90	7455252
627	496	902	90	90	7455258
628	495	902	90	90	7455264
629	493	902	90	90	7455270
630	491	902	90	90	7455277
631	490	902	90	90	7455283
632	488	902	90	90	7455289
633	487	902	90	90	7455295
633	485	902	90	90	7455302
634	484	902	90	90	7455308
634	483	902	90	90	7455314
635	482	902	90	90	7455320
635	481	904	90	90	7455333
636	480	906	90	90	7455345
636	479	906	90	90	7455364
636	478	907	90	90	7455395
635	478	910	90	90	7455408
634	477	910	90	90	7455420
633	477	910	90	90	7455427
632	476	914	90	90	7455433
631	476	914	90	90	7455439
630	476	914	90	90	7455445
629	475	914	90	90	7455452
627	475	914	90	90	7455458
626	474	914	90	90	7455464
625	473	914	90	90	7455470
623	473	914	90	90	7455477
622	471	914	90	90	7455483
620	470	914	90	90	7455489
618	469	914	90	90	7455495
616	468	914	90	90	7455502
614	467	914	90	90	7455508
613	466	910	90	90	7455514
611	464	910	90	90	7455520
609	463	910	90	90	7455527
607	462	910	90	90	7455533
606	460	910	90	90	7455539
604	459	910	90	90	7455545
602	458	910	90	90	7455552
601	456	910	90	90	7455558
599	455	910	90	90	7455564
597	454	910	90	90	7455570
595	453	910	90	90	7455577
593	452	910	90	90	7455583
591	450	910	90	90	7455589
590	449	910	90	90	7455595
588	448	914	90	90	7455602
586	447	914	90	90	7455608
585	446	914	90	90	7455614
583	445	914	90	90	7455620
582	444	914	90	90	7455627
580	443	914	90	90	7455633
579	442	914	90	90	7455639
578	441	914	90	90	7455645
576	440	910	90	90	7455652
575	438	910	90	90	7455658
574	437	910	90	90	7455664
573	436	910	90	90	7455670
571	435	910	90	90	7455677
570	433	910	90	90	7455683
569	432	910	90	90	7455689
567	431	910	90	90	7455695
566	430	910	90	90	7455702
565	429	910	90	90	7455708
563	427	906	90	90	7455714
562	426	906	90	90	7455720
561	426	910	90	90	7455727
560	425	910	90	90	7455733
559	424	910	90	90	7455739
559	423	910	90	90	7455745
558	422	910	90	90	7455752
557	421	910	90	90	7455764
556	419	910	90	90	7455770
555	418	910	90	90	7455783
554	417	910	90	90	7455795
553	416	910	90	90	7455808
552	415	910	90	90	7455827
552	414	912	90	90	7455845
553	413	914	90	90	7455858
555	413	918	90	90	7455870
556	412	918	90	90	7455877
557	412	922	90	90	7455883
558	411	922	90	90	7455889
559	411	926	90	90	7455895
560	410	926	90	90	7455902
562	409	930	90	90	7455908
564	409	930	90	90	7455914
565	408	934	90	90	7455920
567	408	934	90	90	7455927
569	407	934	90	90	7455933
571	407	938	90	90	7455939
573	407	938	90	90	7455945
575	407	942	90	90	7455952
576	407	942	90	90	7455958
578	406	946	90	90	7455964
580	406	946	90	90	7455970
582	406	946	90	90	7455977
584	407	946	90	90	7455983
586	407	950	90	90	7455989
589	407	950	90	90	7455995
591	407	950	90	90	7456002
593	407	950	90	90	7456008
596	407	950	90	90	7456014
598	407	950	90	90	7456020
600	407	950	90	90	7456027
602	406	954	90	90	7456033
604	406	954	90	90	7456039
606	406	954	90	90	7456045
608	406	954	90	90	7456052
610	406	954	90	90	7456058
612	405	954	90	90	7456064
614	405	958	90	90	7456070
616	405	958	90	90	7456077
618	405	958	90	90	7456083
620	405	958	90	90	7456089
622	405	962	90	90	7456095
624	405	962	90	90	7456102
626	404	962	90	90	7456108
628	404	966	90	90	7456114
630	404	966	90	90	7456120
632	404	966	90	90	7456127
634	404	970	90	90	7456133
636	404	970	90	90	7456139
638	404	974	90	90	7456145
640	404	974	90	90	7456152
642	404	974	90	90	7456158
644	404	978	90	90	7456164
646	404	978	90	90	7456170
648	404	978	90	90	7456177
650	403	982	90	90	7456183
652	403	982	90	90	7456189
653	403	986	90	90	7456195
655	403	986	90	90	7456202
657	403	990	90	90	7456208
658	403	990	90	90	7456214
660	403	994	90	90	7456220
662	403	994	90	90	7456227
663	403	994	90	90	7456233
665	404	998	90	90	7456239
666	404	998	90	90	7456245
668	404	998	90	90	7456252
670	404	998	90	90	7456258
671	404	998	90	90	7456264
673	404	998	90	90	7456270
674	404	998	90	90	7456277
676	404	1002	90	90	7456283
677	404	1002	90	90	7456289
678	404	1002	90	90	7456295
679	404	1002	90	90	7456302
680	404	1002	90	90	7456308
681	404	1002	90	90	7456314
682	404	1002	90	90	7456320
683	404	1002	90	90	7456333
685	404	1004	90	90	7456345
686	404	1006	90	90	7456358
687	405	1006	90	90	7456370
688	405	1006	90	90	7456383
690	405	1006	90	90	7456395
691	405	1010	90	90	7456408
691	406	1010	90	90	7456427
692	406	1012	90	90	7456470
693	407	1023	90	90	7456495
693	408	1023	90	90	7456508
692	409	1023	90	90	7456520
692	410	1023	90	90	7456533
691	412	1023	90	90	7456539
691	413	1023	90	90	7456552
690	414	1023	90	90	7456558
690	415	1023	90	90	7456564
690	416	1023	90	90	7456570
689	417	1023	90	90	7456577
689	418	1023	90	90	7456583
689	420	1023	90	90	7456589
688	421	1023	90	90	7456595
688	422	1023	90	90	7456602
688	423	1023	90	90	7456608
687	424	1023	90	90	7456614
687	425	1023	90	90	7456620
687	426	1023	90	90	7456627
686	427	1023	90	90	7456633
686	428	1023	90	90	7456639
686	430	1023	90	90	7456645
686	431	1023	90	90	7456652
686	432	1023	90	90	7456658
685	433	1023	90	90	7456664
685	434	1023	90	90	7456670
685	435	1023	90	90	7456677
685	436	1023	90	90	7456683
684	437	1023	90	90	7456695
684	439	1023	90	90	7456708
684	440	1023	90	90	7456739
684	441	1023	90	90	7456783
683	442	805	90	90	7456839
682	443	56	90	90	7456852
5
267	396	24	90	90	7459084
268	396	154	90	90	7459096
269	396	293	90	90	7459109
270	395	225	90	90	7459127
270	394	30	90	90	7459140
