4
1
177	549	0	90	90	880537166
151
205	567	469	90	90	880538058
205	565	808	90	90	880538068
204	564	854	90	90	880538079
204	562	868	90	90	880538090
204	560	880	90	90	880538101
204	556	886	90	90	880538111
204	551	892	90	90	880538122
204	546	902	90	90	880538133
205	539	898	90	90	880538144
205	531	902	90	90	880538154
205	521	892	90	90	880538165
205	511	912	90	90	880538176
205	500	924	90	90	880538187
204	489	930	90	90	880538197
204	477	944	90	90	880538208
203	466	934	90	90	880538219
203	456	940	90	90	880538230
202	447	942	90	90	880538240
202	439	940	90	90	880538251
201	432	936	90	90	880538262
201	427	940	90	90	880538273
200	423	946	90	90	880538283
200	420	946	90	90	880538294
200	418	948	90	90	880538305
200	417	954	90	90	880538316
200	416	961	90	90	880538348
201	416	966	90	90	880538359
203	416	970	90	90	880538369
205	416	966	90	90	880538380
208	417	958	90	90	880538391
212	418	948	90	90	880538402
218	419	942	90	90	880538412
224	420	936	90	90	880538423
230	420	934	90	90	880538434
238	420	934	90	90	880538445
246	420	936	90	90	880538455
256	420	940	90	90	880538466
266	420	946	90	90	880538477
278	420	954	90	90	880538488
290	420	958	90	90	880538498
303	420	964	90	90	880538509
316	420	972	90	90	880538520
330	420	982	90	90	880538531
344	420	990	90	90	880538541
360	420	980	90	90	880538552
376	420	992	90	90	880538563
392	420	1002	90	90	880538574
408	420	1004	90	90	880538584
425	421	1014	90	90	880538595
442	421	1023	90	90	880538606
459	421	1023	90	90	880538617
476	420	1023	90	90	880538627
493	420	1023	90	90	880538638
510	419	1023	90	90	880538649
527	419	1023	90	90	880538660
543	418	1023	90	90	880538670
559	418	1023	90	90	880538681
575	418	1023	90	90	880538692
590	418	1023	90	90	880538703
605	417	1023	90	90	880538713
618	417	1023	90	90	880538724
631	416	1023	90	90	880538735
643	415	1023	90	90	880538746
655	415	1023	90	90	880538756
665	414	1023	90	90	880538767
675	413	1023	90	90	880538778
684	413	1023	90	90	880538789
692	413	1023	90	90	880538799
699	413	1023	90	90	880538810
705	413	1023	90	90	880538821
710	414	1023	90	90	880538832
715	416	1023	90	90	880538842
719	418	1023	90	90	880538853
723	420	1023	90	90	880538864
725	422	1023	90	90	880538875
728	425	1023	90	90	880538885
730	428	1023	90	90	880538896
732	433	1023	90	90	880538907
733	438	1023	90	90	880538918
735	443	1023	90	90	880538928
736	449	1023	90	90	880538939
737	455	1023	90	90	880538950
739	463	1023	90	90	880538961
740	470	1023	90	90	880538971
741	478	1023	90	90	880538982
742	486	1023	90	90	880538993
742	494	1023	90	90	880539004
743	502	1023	90	90	880539014
743	510	1023	90	90	880539025
743	517	1023	90	90	880539036
744	524	1023	90	90	880539047
744	530	1023	90	90	880539057
744	535	1023	90	90	880539068
745	540	1023	90	90	880539079
745	543	1023	90	90	880539090
745	546	1023	90	90	880539100
745	548	1023	90	90	880539111
744	549	1023	90	90	880539176
743	548	1023	90	90	880539186
742	548	1023	90	90	880539197
741	547	1023	90	90	880539208
739	546	1023	90	90	880539219
736	545	1023	90	90	880539229
732	544	1023	90	90	880539240
728	544	1023	90	90	880539251
723	544	1023	90	90	880539262
717	544	1023	90	90	880539272
709	544	1023	90	90	880539283
701	544	1023	90	90	880539294
692	544	1023	90	90	880539305
681	544	1023	90	90	880539315
670	544	1023	90	90	880539326
657	545	1023	90	90	880539337
643	545	1023	90	90	880539348
629	546	1023	90	90	880539359
615	546	1023	90	90	880539369
599	547	1023	90	90	880539380
584	548	1023	90	90	880539391
568	549	1023	90	90	880539402
551	550	1016	90	90	880539412
535	552	1008	90	90	880539423
518	553	1004	90	90	880539434
501	554	1004	90	90	880539445
484	554	998	90	90	880539455
467	555	986	90	90	880539466
449	555	984	90	90	880539477
433	555	980	90	90	880539488
416	556	976	90	90	880539498
400	556	994	90	90	880539509
384	556	990	90	90	880539520
368	556	988	90	90	880539531
352	556	990	90	90	880539541
338	556	976	90	90	880539552
323	556	984	90	90	880539563
309	556	996	90	90	880539574
295	555	1004	90	90	880539584
282	554	1016	90	90	880539595
270	554	1023	90	90	880539606
258	553	1023	90	90	880539617
246	553	1023	90	90	880539627
236	552	1023	90	90	880539638
226	552	1023	90	90	880539649
217	552	1023	90	90	880539660
210	552	1023	90	90	880539670
203	553	1023	90	90	880539681
197	553	1023	90	90	880539692
191	553	1023	90	90	880539703
187	554	1023	90	90	880539713
184	554	1023	90	90	880539724
181	554	880	90	90	880539735
180	553	81	90	90	880539756
62
341	418	619	90	90	880540275
341	416	766	90	90	880540286
340	414	764	90	90	880540297
338	412	758	90	90	880540308
336	410	748	90	90	880540318
334	407	730	90	90	880540329
331	403	724	90	90	880540340
327	399	730	90	90	880540351
323	394	742	90	90	880540361
317	388	776	90	90	880540372
310	381	822	90	90	880540383
303	373	852	90	90	880540394
296	366	892	90	90	880540404
290	359	908	90	90	880540415
283	352	896	90	90	880540426
278	346	894	90	90	880540437
272	341	894	90	90	880540447
268	338	900	90	90	880540458
265	335	906	90	90	880540469
263	333	912	90	90	880540480
262	333	918	90	90	880540512
263	333	902	90	90	880540523
265	333	908	90	90	880540533
268	333	918	90	90	880540544
272	333	918	90	90	880540555
277	334	914	90	90	880540566
284	334	912	90	90	880540576
291	335	914	90	90	880540587
300	336	914	90	90	880540598
309	337	914	90	90	880540609
318	337	920	90	90	880540619
328	338	938	90	90	880540630
337	339	936	90	90	880540641
346	339	954	90	90	880540652
354	340	966	90	90	880540662
362	341	978	90	90	880540673
369	341	988	90	90	880540684
376	342	976	90	90	880540695
381	342	978	90	90	880540705
385	343	994	90	90	880540716
388	344	978	90	90	880540727
390	345	992	90	90	880540738
392	346	998	90	90	880540748
392	349	1002	90	90	880540759
392	352	1002	90	90	880540770
391	355	998	90	90	880540781
388	360	1002	90	90	880540791
385	365	998	90	90	880540802
381	370	992	90	90	880540813
376	375	992	90	90	880540824
371	380	996	90	90	880540834
365	385	998	90	90	880540845
359	391	992	90	90	880540856
354	396	984	90	90	880540867
349	401	984	90	90	880540877
343	406	992	90	90	880540888
339	410	984	90	90	880540899
335	414	990	90	90	880540910
331	417	972	90	90	880540920
328	420	948	90	90	880540931
325	422	856	90	90	880540942
324	422	244	90	90	880540963
66
589	416	924	90	90	880541437
587	415	914	90	90	880541447
586	414	914	90	90	880541458
583	412	918	90	90	880541469
580	408	914	90	90	880541480
577	405	896	90	90	880541490
573	400	872	90	90	880541501
568	394	844	90	90	880541512
563	388	826	90	90	880541523
557	382	832	90	90	880541533
551	376	856	90	90	880541544
545	369	898	90	90	880541555
538	363	908	90	90	880541566
532	357	924	90	90	880541576
527	352	926	90	90	880541587
522	347	926	90	90	880541598
517	343	926	90	90	880541609
514	340	924	90	90	880541619
511	337	924	90	90	880541630
510	336	930	90	90	880541641
509	336	931	90	90	880541662
510	336	924	90	90	880541673
512	336	926	90	90	880541684
515	337	926	90	90	880541695
519	338	924	90	90	880541705
523	339	924	90	90	880541716
529	339	926	90	90	880541727
536	339	930	90	90	880541738
544	340	930	90	90	880541748
552	340	936	90	90	880541759
561	340	942	90	90	880541770
571	340	932	90	90	880541781
580	341	942	90	90	880541791
590	342	970	90	90	880541802
600	343	976	90	90	880541813
610	344	1002	90	90	880541824
618	345	1020	90	90	880541834
627	346	1023	90	90	880541845
634	346	1023	90	90	880541856
640	347	1023	90	90	880541867
646	348	1023	90	90	880541877
650	349	1023	90	90	880541888
653	350	1020	90	90	880541899
655	351	1016	90	90	880541910
656	351	1020	90	90	880541920
656	352	1014	90	90	880541931
655	353	1010	90	90	880541942
653	355	1010	90	90	880541953
650	357	1010	90	90	880541963
646	359	1010	90	90	880541974
643	361	1014	90	90	880541985
638	364	1020	90	90	880541996
634	367	1016	90	90	880542006
628	371	1014	90	90	880542017
623	376	1014	90	90	880542028
617	380	1020	90	90	880542039
612	384	1023	90	90	880542049
606	388	1023	90	90	880542060
601	392	1023	90	90	880542071
596	397	1023	90	90	880542082
592	401	1023	90	90	880542092
588	405	1023	90	90	880542103
586	409	1023	90	90	880542114
583	412	996	90	90	880542125
582	414	934	90	90	880542135
581	416	277	90	90	880542168
4
1
220	567	0	90	90	880543369
144
215	577	564	90	90	880543578
216	575	781	90	90	880543599
216	574	844	90	90	880543610
216	571	866	90	90	880543621
216	568	886	90	90	880543631
216	564	896	90	90	880543642
217	559	896	90	90	880543653
217	553	892	90	90	880543664
218	545	896	90	90	880543674
219	537	886	90	90	880543685
220	527	880	90	90	880543696
220	516	884	90	90	880543707
220	504	892	90	90	880543717
220	491	900	90	90	880543728
220	479	936	90	90	880543739
219	467	934	90	90	880543750
219	456	936	90	90	880543760
218	446	936	90	90	880543771
218	437	934	90	90	880543782
218	430	934	90	90	880543793
218	425	936	90	90	880543803
219	422	936	90	90	880543814
220	419	942	90	90	880543825
221	417	948	90	90	880543836
224	415	954	90	90	880543846
226	414	960	90	90	880543857
230	413	958	90	90	880543868
234	412	954	90	90	880543879
240	412	954	90	90	880543889
247	412	946	90	90	880543900
255	411	942	90	90	880543911
265	410	936	90	90	880543922
275	410	932	90	90	880543932
286	410	932	90	90	880543943
299	409	932	90	90	880543954
312	409	936	90	90	880543965
326	408	960	90	90	880543975
341	407	988	90	90	880543986
358	406	980	90	90	880543997
375	405	992	90	90	880544008
392	404	1002	90	90	880544018
410	403	1008	90	90	880544029
429	402	1016	90	90	880544040
448	400	1023	90	90	880544051
467	399	1023	90	90	880544061
487	397	1023	90	90	880544072
507	395	1023	90	90	880544083
526	393	1023	90	90	880544094
546	391	1023	90	90	880544104
565	389	1023	90	90	880544115
584	388	1023	90	90	880544126
602	386	1023	90	90	880544137
619	384	1023	90	90	880544147
636	383	1023	90	90	880544158
652	382	1023	90	90	880544169
667	381	1023	90	90	880544180
682	380	1023	90	90	880544190
695	380	1023	90	90	880544201
708	380	1023	90	90	880544212
719	380	1023	90	90	880544223
730	381	1023	90	90	880544233
739	382	1023	90	90	880544244
746	383	1023	90	90	880544255
752	384	1023	90	90	880544266
758	386	1023	90	90	880544276
762	388	1023	90	90	880544287
766	390	1023	90	90	880544298
768	392	1023	90	90	880544309
770	394	1023	90	90	880544319
772	397	1023	90	90	880544330
773	400	1023	90	90	880544341
773	404	1023	90	90	880544352
773	409	1023	90	90	880544362
773	413	1023	90	90	880544373
773	419	1023	90	90	880544384
773	425	1023	90	90	880544395
772	432	1023	90	90	880544405
771	440	1023	90	90	880544416
771	448	1023	90	90	880544427
770	458	1023	90	90	880544438
770	468	1023	90	90	880544448
770	478	1023	90	90	880544459
770	489	1023	90	90	880544470
770	500	1023	90	90	880544481
770	510	1023	90	90	880544491
770	520	1023	90	90	880544502
769	530	1023	90	90	880544513
769	538	1023	90	90	880544524
769	546	1023	90	90	880544534
768	552	1023	90	90	880544545
767	557	1023	90	90	880544556
767	561	1023	90	90	880544567
766	564	1023	90	90	880544577
764	567	1023	90	90	880544588
763	569	1023	90	90	880544599
761	570	1023	90	90	880544610
760	571	1023	90	90	880544620
757	572	1023	90	90	880544631
755	572	1023	90	90	880544642
751	572	1023	90	90	880544653
748	572	1023	90	90	880544663
743	572	1023	90	90	880544674
737	572	1023	90	90	880544685
730	571	1023	90	90	880544696
722	570	1023	90	90	880544706
712	569	1023	90	90	880544717
702	569	1023	90	90	880544728
690	568	1023	90	90	880544739
678	567	1023	90	90	880544749
665	565	1023	90	90	880544760
650	564	1023	90	90	880544771
635	563	1023	90	90	880544782
620	563	1023	90	90	880544792
604	563	1023	90	90	880544803
588	563	1023	90	90	880544814
571	562	1023	90	90	880544825
554	562	1023	90	90	880544835
536	562	1023	90	90	880544846
519	562	1023	90	90	880544857
501	562	1023	90	90	880544868
483	562	1023	90	90	880544878
465	563	1016	90	90	880544889
447	563	1014	90	90	880544900
429	564	1010	90	90	880544911
412	564	1008	90	90	880544922
396	564	1008	90	90	880544932
379	565	1008	90	90	880544943
363	566	1008	90	90	880544954
348	566	1010	90	90	880544965
332	566	1020	90	90	880544975
318	566	1023	90	90	880544986
304	566	1023	90	90	880544997
291	565	1023	90	90	880545008
279	565	1023	90	90	880545018
268	565	1023	90	90	880545029
257	565	1023	90	90	880545040
248	565	1023	90	90	880545051
239	565	1023	90	90	880545061
232	566	1023	90	90	880545072
226	567	1023	90	90	880545083
220	567	1023	90	90	880545094
216	567	1023	90	90	880545104
213	568	998	90	90	880545115
211	569	274	90	90	880545137
54
366	405	841	90	90	880545672
365	405	926	90	90	880545683
363	403	920	90	90	880545693
360	401	912	90	90	880545704
357	398	902	90	90	880545715
353	393	902	90	90	880545726
348	389	912	90	90	880545736
342	384	918	90	90	880545747
337	379	912	90	90	880545758
331	374	920	90	90	880545769
326	369	944	90	90	880545779
321	365	942	90	90	880545790
316	361	954	90	90	880545801
313	358	958	90	90	880545812
311	355	954	90	90	880545822
309	353	945	90	90	880545865
311	353	936	90	90	880545876
314	353	946	90	90	880545887
317	353	952	90	90	880545898
322	354	964	90	90	880545908
328	355	972	90	90	880545919
335	356	976	90	90	880545930
342	356	976	90	90	880545941
350	356	978	90	90	880545951
358	357	984	90	90	880545962
367	357	994	90	90	880545973
375	357	984	90	90	880545984
382	357	998	90	90	880545994
389	357	1014	90	90	880546005
395	358	1023	90	90	880546016
400	359	1023	90	90	880546027
405	360	1023	90	90	880546037
408	360	1023	90	90	880546048
410	361	1023	90	90	880546059
411	362	1023	90	90	880546070
412	362	1023	90	90	880546080
412	363	1023	90	90	880546091
411	364	1023	90	90	880546102
410	365	1023	90	90	880546113
408	367	1023	90	90	880546123
406	370	1023	90	90	880546134
403	373	1023	90	90	880546145
399	376	1023	90	90	880546156
394	380	1023	90	90	880546166
389	383	1023	90	90	880546177
385	387	1023	90	90	880546188
380	390	1023	90	90	880546199
376	393	1023	90	90	880546209
372	396	1023	90	90	880546220
368	399	1023	90	90	880546231
365	401	1020	90	90	880546242
362	402	992	90	90	880546252
360	403	954	90	90	880546263
359	403	307	90	90	880546295
62
631	376	446	90	90	880546781
631	375	782	90	90	880546791
631	374	830	90	90	880546802
631	373	898	90	90	880546813
630	372	930	90	90	880546824
628	370	946	90	90	880546834
625	367	960	90	90	880546845
621	364	970	90	90	880546856
616	360	978	90	90	880546867
611	356	988	90	90	880546877
605	351	994	90	90	880546888
600	347	976	90	90	880546899
595	342	976	90	90	880546910
590	339	980	90	90	880546920
586	335	984	90	90	880546931
582	332	984	90	90	880546942
580	330	992	90	90	880546953
578	329	998	90	90	880546963
578	328	990	90	90	880546985
579	328	980	90	90	880546996
581	328	984	90	90	880547006
585	328	984	90	90	880547017
589	328	984	90	90	880547028
593	327	980	90	90	880547039
599	327	984	90	90	880547049
606	327	992	90	90	880547060
614	327	992	90	90	880547071
623	327	998	90	90	880547082
631	327	1016	90	90	880547092
640	327	1023	90	90	880547103
649	327	1023	90	90	880547114
658	327	1023	90	90	880547125
667	327	1023	90	90	880547135
675	327	1023	90	90	880547146
682	327	1023	90	90	880547157
688	327	1023	90	90	880547168
693	327	1023	90	90	880547178
697	326	1023	90	90	880547189
700	326	1023	90	90	880547200
702	326	1023	90	90	880547211
703	326	1023	90	90	880547243
702	326	1023	90	90	880547254
701	327	1023	90	90	880547264
698	328	1023	90	90	880547275
696	329	1023	90	90	880547286
692	331	1023	90	90	880547297
688	334	1023	90	90	880547307
684	337	1023	90	90	880547318
680	341	1023	90	90	880547329
675	345	1023	90	90	880547340
670	350	1023	90	90	880547350
665	354	1023	90	90	880547361
660	359	1023	90	90	880547372
656	362	1023	90	90	880547383
652	366	1023	90	90	880547393
647	370	1023	90	90	880547404
643	373	1023	90	90	880547415
640	375	1023	90	90	880547426
637	378	1023	90	90	880547436
635	380	1014	90	90	880547447
633	381	936	90	90	880547458
632	381	259	90	90	880547479
4
1
293	539	0	90	90	880548025
135
294	538	686	90	90	880548177
295	536	818	90	90	880548188
294	535	852	90	90	880548199
294	534	896	90	90	880548209
294	531	896	90	90	880548220
294	528	906	90	90	880548231
293	523	908	90	90	880548242
293	517	920	90	90	880548252
292	510	930	90	90	880548263
291	501	936	90	90	880548274
290	491	942	90	90	880548285
289	480	948	90	90	880548295
288	469	984	90	90	880548306
287	458	998	90	90	880548317
286	447	1023	90	90	880548328
286	438	1023	90	90	880548338
286	429	1023	90	90	880548349
285	422	1023	90	90	880548360
285	417	1023	90	90	880548371
285	413	1023	90	90	880548381
286	410	1023	90	90	880548392
287	409	1023	90	90	880548403
287	408	1023	90	90	880548414
288	408	1023	90	90	880548424
289	408	1023	90	90	880548435
291	408	1023	90	90	880548446
292	408	1023	90	90	880548457
295	408	1023	90	90	880548467
298	408	1023	90	90	880548478
302	408	1023	90	90	880548489
308	409	1023	90	90	880548500
314	410	1023	90	90	880548510
321	411	1023	90	90	880548521
330	411	1023	90	90	880548532
339	411	1023	90	90	880548543
350	411	1023	90	90	880548553
362	410	1023	90	90	880548564
375	410	1023	90	90	880548575
388	409	1023	90	90	880548586
403	407	1023	90	90	880548596
418	406	1023	90	90	880548607
434	405	1023	90	90	880548618
451	403	1023	90	90	880548629
468	402	1023	90	90	880548639
486	401	1023	90	90	880548650
504	400	1023	90	90	880548661
522	398	1023	90	90	880548672
541	397	1023	90	90	880548682
559	395	1023	90	90	880548693
576	394	1023	90	90	880548704
593	393	1023	90	90	880548715
610	392	1023	90	90	880548725
625	391	1023	90	90	880548736
639	390	1023	90	90	880548747
652	389	1023	90	90	880548758
663	388	1023	90	90	880548768
673	387	1023	90	90	880548779
682	386	1023	90	90	880548790
688	385	1023	90	90	880548801
694	385	1023	90	90	880548811
699	385	1023	90	90	880548822
702	384	1023	90	90	880548833
704	384	1023	90	90	880548844
706	384	1023	90	90	880548854
708	384	1023	90	90	880548865
708	385	1023	90	90	880548876
709	386	1023	90	90	880548887
710	388	1023	90	90	880548897
711	390	1023	90	90	880548908
711	394	1023	90	90	880548919
711	398	1023	90	90	880548930
712	404	1023	90	90	880548940
713	410	1023	90	90	880548951
713	417	1023	90	90	880548962
714	425	1023	90	90	880548973
716	434	1023	90	90	880548983
717	443	1023	90	90	880548994
718	453	1023	90	90	880549005
719	463	1023	90	90	880549016
720	473	1023	90	90	880549026
721	483	1023	90	90	880549037
722	492	1023	90	90	880549048
722	500	1023	90	90	880549059
722	508	1023	90	90	880549069
722	515	1023	90	90	880549080
722	521	1023	90	90	880549091
721	526	1023	90	90	880549102
721	530	1023	90	90	880549112
720	533	1023	90	90	880549123
719	535	1023	90	90	880549134
718	537	1023	90	90	880549145
716	538	1023	90	90	880549155
715	539	1023	90	90	880549166
713	539	1023	90	90	880549177
711	539	1023	90	90	880549188
708	539	1023	90	90	880549198
704	539	1023	90	90	880549209
700	538	1023	90	90	880549220
695	538	1023	90	90	880549231
689	537	1023	90	90	880549241
682	537	1023	90	90	880549252
674	536	1023	90	90	880549263
665	535	1023	90	90	880549274
654	535	1023	90	90	880549284
643	534	1023	90	90	880549295
631	534	1023	90	90	880549306
619	534	1023	90	90	880549317
605	534	1023	90	90	880549327
591	533	1023	90	90	880549338
576	533	1023	90	90	880549349
561	532	1023	90	90	880549360
546	532	1023	90	90	880549370
530	532	1023	90	90	880549381
514	531	1023	90	90	880549392
497	530	1023	90	90	880549403
481	530	1023	90	90	880549413
465	530	1023	90	90	880549424
449	529	1023	90	90	880549435
433	529	1023	90	90	880549446
418	529	1023	90	90	880549456
403	530	1023	90	90	880549467
390	530	1023	90	90	880549478
377	531	1023	90	90	880549489
365	531	1023	90	90	880549500
354	531	1023	90	90	880549510
344	531	1023	90	90	880549521
335	531	1023	90	90	880549532
327	531	1023	90	90	880549543
321	530	1023	90	90	880549553
316	529	1023	90	90	880549564
312	528	1023	90	90	880549575
309	527	1023	90	90	880549586
307	526	978	90	90	880549596
307	524	860	90	90	880549607
307	523	137	90	90	880549629
58
405	400	466	90	90	880550046
405	402	791	90	90	880550099
404	402	980	90	90	880550121
403	401	990	90	90	880550132
401	400	994	90	90	880550142
398	398	994	90	90	880550153
394	395	994	90	90	880550164
390	391	994	90	90	880550175
384	386	976	90	90	880550185
379	381	984	90	90	880550196
373	375	992	90	90	880550207
367	370	998	90	90	880550218
362	365	1002	90	90	880550228
358	361	1004	90	90	880550239
355	358	1004	90	90	880550250
352	356	1004	90	90	880550261
351	354	1004	90	90	880550271
350	354	1006	90	90	880550293
351	354	1002	90	90	880550304
352	354	1008	90	90	880550314
354	354	1016	90	90	880550325
357	354	1016	90	90	880550336
361	354	1014	90	90	880550347
366	354	1020	90	90	880550357
372	354	1020	90	90	880550368
379	354	1020	90	90	880550379
386	355	1020	90	90	880550390
394	355	1023	90	90	880550400
402	355	1023	90	90	880550411
409	355	1023	90	90	880550422
417	355	1023	90	90	880550433
424	355	1023	90	90	880550443
430	356	1023	90	90	880550454
436	357	1023	90	90	880550465
440	357	1023	90	90	880550476
443	358	1023	90	90	880550486
446	358	1023	90	90	880550497
448	359	1023	90	90	880550508
449	359	1023	90	90	880550519
449	360	1023	90	90	880550529
449	361	1023	90	90	880550540
448	362	1023	90	90	880550551
446	365	1023	90	90	880550562
444	367	1023	90	90	880550572
441	370	1023	90	90	880550583
438	373	1023	90	90	880550594
434	376	1023	90	90	880550605
429	380	1023	90	90	880550615
424	384	1023	90	90	880550626
419	386	1023	90	90	880550637
414	389	1023	90	90	880550648
410	391	1023	90	90	880550658
406	393	1023	90	90	880550669
403	396	1023	90	90	880550680
401	397	1023	90	90	880550691
400	399	1023	90	90	880550701
399	400	960	90	90	880550723
400	401	196	90	90	880550744
60
615	389	850	90	90	880551235
615	387	942	90	90	880551246
613	385	946	90	90	880551256
611	382	940	90	90	880551267
607	379	942	90	90	880551278
602	375	946	90	90	880551289
597	370	952	90	90	880551299
591	365	952	90	90	880551310
584	360	958	90	90	880551321
578	355	970	90	90	880551332
573	350	976	90	90	880551342
568	346	984	90	90	880551353
563	343	984	90	90	880551364
559	340	978	90	90	880551375
557	339	978	90	90	880551385
556	338	983	90	90	880551428
557	338	988	90	90	880551439
560	338	994	90	90	880551450
563	338	978	90	90	880551461
567	338	976	90	90	880551471
571	339	978	90	90	880551482
577	339	984	90	90	880551493
583	340	992	90	90	880551504
590	341	996	90	90	880551514
597	341	1004	90	90	880551525
604	342	1023	90	90	880551536
612	342	1023	90	90	880551547
619	342	1023	90	90	880551557
627	342	1023	90	90	880551568
634	342	1023	90	90	880551579
641	342	1023	90	90	880551590
648	342	1023	90	90	880551600
654	342	1023	90	90	880551611
659	342	1023	90	90	880551622
664	342	1023	90	90	880551633
668	342	1023	90	90	880551643
671	343	1023	90	90	880551654
672	343	1023	90	90	880551665
673	343	1023	90	90	880551676
673	344	1023	90	90	880551697
672	345	1023	90	90	880551708
671	347	1023	90	90	880551719
669	349	1023	90	90	880551729
666	352	1023	90	90	880551740
663	354	1023	90	90	880551751
660	357	1023	90	90	880551762
656	360	1023	90	90	880551772
652	364	1023	90	90	880551783
647	368	1023	90	90	880551794
643	372	1023	90	90	880551805
638	376	1023	90	90	880551815
633	381	1023	90	90	880551826
629	384	1023	90	90	880551837
625	387	1023	90	90	880551848
621	390	1023	90	90	880551858
618	392	1023	90	90	880551869
616	393	1023	90	90	880551880
615	394	1023	90	90	880551891
614	394	940	90	90	880551923
615	394	108	90	90	880551944
4
1
307	552	0	90	90	880552431
133
290	559	730	90	90	880552578
289	560	867	90	90	880552621
288	559	936	90	90	880552631
288	557	930	90	90	880552642
288	554	936	90	90	880552653
288	550	938	90	90	880552664
288	544	944	90	90	880552674
287	537	938	90	90	880552685
286	529	938	90	90	880552696
285	520	952	90	90	880552707
284	510	982	90	90	880552717
283	500	980	90	90	880552728
282	490	992	90	90	880552739
281	480	998	90	90	880552750
279	470	1004	90	90	880552760
278	462	1002	90	90	880552771
277	455	1014	90	90	880552782
276	449	1014	90	90	880552793
275	445	1014	90	90	880552803
275	442	1016	90	90	880552814
275	440	1020	90	90	880552825
275	439	1023	90	90	880552846
276	439	1023	90	90	880552857
277	439	1023	90	90	880552868
279	439	1023	90	90	880552879
282	440	1023	90	90	880552889
286	441	1023	90	90	880552900
290	442	1023	90	90	880552911
296	443	1023	90	90	880552922
302	445	1023	90	90	880552932
310	446	1023	90	90	880552943
318	446	1023	90	90	880552954
327	447	1023	90	90	880552965
337	447	1023	90	90	880552975
348	447	1023	90	90	880552986
359	446	1023	90	90	880552997
371	445	1023	90	90	880553008
384	444	1023	90	90	880553018
398	443	1023	90	90	880553029
412	442	1023	90	90	880553040
428	441	1023	90	90	880553051
444	440	1023	90	90	880553061
461	439	1023	90	90	880553072
478	439	1023	90	90	880553083
495	438	1023	90	90	880553094
513	436	1023	90	90	880553104
531	435	1023	90	90	880553115
548	435	1023	90	90	880553126
566	434	1023	90	90	880553137
583	433	1023	90	90	880553147
599	432	1023	90	90	880553158
614	432	1023	90	90	880553169
629	430	1023	90	90	880553180
642	429	1023	90	90	880553190
655	428	1023	90	90	880553201
667	428	1023	90	90	880553212
677	427	1023	90	90	880553223
686	426	1023	90	90	880553233
694	425	1023	90	90	880553244
700	425	1023	90	90	880553255
706	424	1023	90	90	880553266
711	424	1023	90	90	880553276
715	424	1023	90	90	880553287
718	424	1023	90	90	880553298
721	424	1023	90	90	880553309
723	425	1023	90	90	880553319
724	426	1023	90	90	880553330
725	428	1023	90	90	880553341
726	430	1023	90	90	880553352
727	434	1023	90	90	880553362
727	438	1023	90	90	880553373
728	444	1023	90	90	880553384
728	450	1023	90	90	880553395
728	458	1023	90	90	880553405
729	467	1023	90	90	880553416
729	476	1023	90	90	880553427
730	486	1023	90	90	880553438
731	497	1023	90	90	880553448
732	508	1023	90	90	880553459
733	519	1023	90	90	880553470
734	530	1023	90	90	880553481
734	540	1023	90	90	880553491
734	549	1023	90	90	880553502
734	557	1023	90	90	880553513
733	564	1023	90	90	880553524
732	569	1023	90	90	880553534
732	574	1023	90	90	880553545
731	577	1023	90	90	880553556
730	579	1023	90	90	880553567
729	581	1023	90	90	880553577
727	583	1023	90	90	880553588
726	585	1023	90	90	880553599
724	586	1023	90	90	880553610
721	588	1023	90	90	880553620
718	588	1023	90	90	880553631
714	589	1023	90	90	880553642
710	590	1023	90	90	880553653
704	590	1023	90	90	880553663
698	590	1023	90	90	880553674
691	590	1023	90	90	880553685
683	590	1023	90	90	880553696
673	590	1023	90	90	880553706
663	590	1023	90	90	880553717
651	590	1023	90	90	880553728
639	590	1023	90	90	880553739
626	590	1023	90	90	880553749
613	590	1023	90	90	880553760
599	590	1023	90	90	880553771
584	590	1023	90	90	880553782
569	590	1023	90	90	880553792
553	590	1023	90	90	880553803
538	589	1023	90	90	880553814
521	589	1023	90	90	880553825
505	588	1023	90	90	880553835
489	588	1023	90	90	880553846
473	588	1023	90	90	880553857
457	587	1023	90	90	880553868
440	586	1023	90	90	880553878
424	585	1023	90	90	880553889
409	584	1023	90	90	880553900
394	583	1023	90	90	880553911
379	582	1023	90	90	880553922
366	581	1023	90	90	880553932
353	580	1023	90	90	880553943
341	579	1023	90	90	880553954
330	578	1023	90	90	880553965
321	577	1023	90	90	880553975
313	577	1023	90	90	880553986
307	577	1023	90	90	880553997
302	577	1023	90	90	880554008
299	577	1023	90	90	880554018
298	577	951	90	90	880554051
300	577	48	90	90	880554072
62
405	440	571	90	90	880554541
406	441	728	90	90	880554552
406	442	846	90	90	880554584
405	442	902	90	90	880554595
404	441	898	90	90	880554606
401	439	898	90	90	880554617
398	436	896	90	90	880554627
395	433	918	90	90	880554638
390	428	948	90	90	880554649
385	423	960	90	90	880554660
379	418	982	90	90	880554670
374	412	994	90	90	880554681
367	406	980	90	90	880554692
361	401	986	90	90	880554703
355	396	986	90	90	880554713
349	391	992	90	90	880554724
344	388	992	90	90	880554735
340	385	992	90	90	880554746
338	384	998	90	90	880554756
336	383	1007	90	90	880554789
337	382	1010	90	90	880554799
339	382	1010	90	90	880554810
342	382	1016	90	90	880554821
346	382	1016	90	90	880554832
350	382	1016	90	90	880554842
356	382	1020	90	90	880554853
363	383	1023	90	90	880554864
370	384	1023	90	90	880554875
378	384	1023	90	90	880554885
385	385	1023	90	90	880554896
393	385	1023	90	90	880554907
401	386	1023	90	90	880554918
409	387	1023	90	90	880554928
416	387	1023	90	90	880554939
423	388	1023	90	90	880554950
429	389	1023	90	90	880554961
434	390	1023	90	90	880554971
438	391	1023	90	90	880554982
441	392	1023	90	90	880554993
443	392	1023	90	90	880555004
444	393	1023	90	90	880555025
444	394	1023	90	90	880555036
444	396	1023	90	90	880555047
443	398	1023	90	90	880555057
441	401	1023	90	90	880555068
438	403	1023	90	90	880555079
436	406	1023	90	90	880555090
432	410	1023	90	90	880555100
429	413	1023	90	90	880555111
426	418	1023	90	90	880555122
422	422	1023	90	90	880555133
419	426	1023	90	90	880555143
417	429	1023	90	90	880555154
414	433	1023	90	90	880555165
411	437	1023	90	90	880555176
409	440	1023	90	90	880555186
407	442	1023	90	90	880555197
406	444	1023	90	90	880555208
405	445	1023	90	90	880555219
404	445	1008	90	90	880555229
403	445	892	90	90	880555240
403	444	136	90	90	880555262
62
612	431	733	90	90	880555730
611	429	890	90	90	880555740
609	427	896	90	90	880555751
605	423	894	90	90	880555762
601	419	936	90	90	880555773
597	414	954	90	90	880555783
591	408	982	90	90	880555794
585	402	992	90	90	880555805
578	395	1023	90	90	880555816
573	390	1023	90	90	880555826
567	385	1023	90	90	880555837
562	381	1023	90	90	880555848
558	377	1023	90	90	880555859
555	374	1023	90	90	880555869
554	373	1023	90	90	880555880
553	372	1023	90	90	880555902
554	372	1023	90	90	880555912
555	372	1023	90	90	880555923
558	372	1023	90	90	880555934
561	372	1023	90	90	880555945
564	372	1023	90	90	880555955
569	372	1023	90	90	880555966
574	371	1023	90	90	880555977
580	371	1023	90	90	880555988
586	371	1023	90	90	880555998
593	371	1023	90	90	880556009
601	370	1023	90	90	880556020
609	370	1023	90	90	880556031
617	370	1023	90	90	880556041
625	369	1023	90	90	880556052
633	369	1023	90	90	880556063
641	369	1023	90	90	880556074
648	369	1023	90	90	880556084
655	369	1023	90	90	880556095
662	369	1023	90	90	880556106
667	369	1023	90	90	880556117
672	369	1023	90	90	880556127
676	369	1023	90	90	880556138
678	369	1023	90	90	880556149
680	369	1023	90	90	880556160
681	369	1023	90	90	880556181
681	370	1023	90	90	880556192
680	371	1023	90	90	880556203
678	372	1023	90	90	880556213
676	374	1023	90	90	880556224
674	377	1023	90	90	880556235
671	380	1023	90	90	880556246
668	383	1023	90	90	880556256
664	387	1023	90	90	880556267
660	391	1023	90	90	880556278
656	396	1023	90	90	880556289
651	400	1023	90	90	880556299
646	405	1023	90	90	880556310
642	409	1023	90	90	880556321
637	413	1023	90	90	880556332
633	416	1023	90	90	880556342
629	420	1023	90	90	880556353
626	422	1023	90	90	880556364
623	424	1023	90	90	880556375
621	425	1023	90	90	880556385
620	426	1023	90	90	880556396
619	427	645	90	90	880556450
4
1
335	545	0	90	90	880556947
137
302	554	212	90	90	880557125
301	554	605	90	90	880557168
300	554	724	90	90	880557178
300	552	778	90	90	880557189
300	549	826	90	90	880557200
300	546	844	90	90	880557211
299	542	860	90	90	880557221
298	536	874	90	90	880557232
297	530	890	90	90	880557243
297	522	908	90	90	880557254
296	512	938	90	90	880557264
295	502	936	90	90	880557275
294	492	942	90	90	880557286
293	481	942	90	90	880557297
292	471	948	90	90	880557307
291	461	958	90	90	880557318
290	453	970	90	90	880557329
289	445	978	90	90	880557340
288	438	994	90	90	880557350
287	433	998	90	90	880557361
286	428	1014	90	90	880557372
286	425	1016	90	90	880557383
286	422	1020	90	90	880557393
286	421	1020	90	90	880557404
286	420	1023	90	90	880557415
287	419	1023	90	90	880557426
289	419	1023	90	90	880557436
291	419	1023	90	90	880557447
294	419	1023	90	90	880557458
299	419	1023	90	90	880557469
304	420	1023	90	90	880557479
311	421	1023	90	90	880557490
319	422	1023	90	90	880557501
327	423	1023	90	90	880557512
337	423	1023	90	90	880557522
347	424	1023	90	90	880557533
359	424	1023	90	90	880557544
371	424	1023	90	90	880557555
384	424	1023	90	90	880557565
398	424	1023	90	90	880557576
413	424	1023	90	90	880557587
428	424	1023	90	90	880557598
444	423	1023	90	90	880557608
461	422	1023	90	90	880557619
478	421	1023	90	90	880557630
496	420	1023	90	90	880557641
514	419	1023	90	90	880557651
531	418	1023	90	90	880557662
549	417	1023	90	90	880557673
567	416	1023	90	90	880557684
585	415	1023	90	90	880557694
601	414	1023	90	90	880557705
617	413	1023	90	90	880557716
632	412	1023	90	90	880557727
646	411	1023	90	90	880557737
658	410	1023	90	90	880557748
670	408	1023	90	90	880557759
680	407	1023	90	90	880557770
689	406	1023	90	90	880557780
697	404	1023	90	90	880557791
703	403	1023	90	90	880557802
708	403	1023	90	90	880557813
713	402	1023	90	90	880557823
716	402	1023	90	90	880557834
719	402	1023	90	90	880557845
720	402	1023	90	90	880557856
722	402	1023	90	90	880557866
723	403	1023	90	90	880557877
723	405	1023	90	90	880557888
723	407	1023	90	90	880557899
724	409	1023	90	90	880557909
724	412	1023	90	90	880557920
725	417	1023	90	90	880557931
725	422	1023	90	90	880557942
726	427	1023	90	90	880557952
727	434	1023	90	90	880557963
727	441	1023	90	90	880557974
728	449	1023	90	90	880557985
729	457	1023	90	90	880557995
730	466	1023	90	90	880558006
730	474	1023	90	90	880558017
730	482	1023	90	90	880558028
730	489	1023	90	90	880558038
730	496	1023	90	90	880558049
730	503	1023	90	90	880558060
730	508	1023	90	90	880558071
730	513	1023	90	90	880558081
729	517	1023	90	90	880558092
728	519	1023	90	90	880558103
727	521	1023	90	90	880558114
727	523	1023	90	90	880558124
726	524	1023	90	90	880558135
725	525	1023	90	90	880558146
723	526	1023	90	90	880558157
722	526	1023	90	90	880558167
720	526	1023	90	90	880558178
717	526	1023	90	90	880558189
714	526	1023	90	90	880558200
710	526	1023	90	90	880558210
705	525	1023	90	90	880558221
700	525	1023	90	90	880558232
693	524	1023	90	90	880558243
686	524	1023	90	90	880558253
678	523	1023	90	90	880558264
669	523	1023	90	90	880558275
659	523	1023	90	90	880558286
648	523	1023	90	90	880558296
637	523	1023	90	90	880558307
624	523	1023	90	90	880558318
611	523	1023	90	90	880558329
597	523	1023	90	90	880558339
583	524	1023	90	90	880558350
568	525	1023	90	90	880558361
552	526	1023	90	90	880558372
537	527	1023	90	90	880558382
521	528	1023	90	90	880558393
506	529	1023	90	90	880558404
490	531	1023	90	90	880558415
474	532	1023	90	90	880558425
458	534	1023	90	90	880558436
441	535	1023	90	90	880558447
426	536	1023	90	90	880558458
410	538	1023	90	90	880558469
395	539	1023	90	90	880558479
380	540	1023	90	90	880558490
366	541	1023	90	90	880558501
353	543	1023	90	90	880558512
341	543	1023	90	90	880558522
329	544	1023	90	90	880558533
319	545	1023	90	90	880558544
310	545	1023	90	90	880558555
303	545	1023	90	90	880558565
297	545	1023	90	90	880558576
293	545	1023	90	90	880558587
290	545	1023	90	90	880558598
289	545	938	90	90	880558608
289	544	130	90	90	880558630
53
384	422	607	90	90	880559152
383	420	816	90	90	880559162
382	418	848	90	90	880559173
381	416	866	90	90	880559184
379	413	856	90	90	880559195
376	410	852	90	90	880559205
372	406	852	90	90	880559216
368	401	856	90	90	880559227
363	396	856	90	90	880559238
358	392	862	90	90	880559248
353	387	878	90	90	880559259
349	383	892	90	90	880559270
345	379	892	90	90	880559281
342	376	912	90	90	880559291
340	374	926	90	90	880559302
339	373	928	90	90	880559345
341	373	924	90	90	880559356
344	374	926	90	90	880559367
347	374	936	90	90	880559377
352	374	944	90	90	880559388
357	374	934	90	90	880559399
363	374	942	90	90	880559410
369	374	946	90	90	880559420
376	374	952	90	90	880559431
383	374	964	90	90	880559442
390	375	982	90	90	880559453
397	376	978	90	90	880559463
403	376	996	90	90	880559474
408	378	1004	90	90	880559485
413	379	1010	90	90	880559496
417	380	1016	90	90	880559506
420	381	1014	90	90	880559517
422	382	1016	90	90	880559528
423	382	1023	90	90	880559539
423	383	1023	90	90	880559571
422	384	1023	90	90	880559582
421	385	1023	90	90	880559592
419	386	1023	90	90	880559603
417	388	1023	90	90	880559614
415	390	1023	90	90	880559625
412	393	1023	90	90	880559635
408	396	1023	90	90	880559646
405	399	1023	90	90	880559657
401	402	1023	90	90	880559668
397	405	1023	90	90	880559678
393	407	1023	90	90	880559689
389	409	1023	90	90	880559700
385	410	1023	90	90	880559711
382	411	1023	90	90	880559721
380	412	1023	90	90	880559732
378	414	992	90	90	880559743
377	415	892	90	90	880559754
378	417	166	90	90	880559775
60
608	411	705	90	90	880560250
607	410	908	90	90	880560261
605	408	926	90	90	880560271
603	405	944	90	90	880560282
600	402	936	90	90	880560293
596	398	946	90	90	880560304
592	394	954	90	90	880560314
587	389	952	90	90	880560325
582	384	946	90	90	880560336
577	379	948	90	90	880560347
572	373	952	90	90	880560357
567	369	958	90	90	880560368
562	365	958	90	90	880560379
559	361	954	90	90	880560390
556	358	964	90	90	880560400
554	357	972	90	90	880560411
554	356	975	90	90	880560433
555	356	988	90	90	880560443
557	356	976	90	90	880560454
560	356	978	90	90	880560465
564	356	984	90	90	880560476
569	356	980	90	90	880560486
574	356	980	90	90	880560497
580	356	980	90	90	880560508
587	357	980	90	90	880560519
595	357	986	90	90	880560529
602	358	998	90	90	880560540
610	358	1010	90	90	880560551
617	359	1023	90	90	880560562
624	360	1023	90	90	880560572
631	360	1023	90	90	880560583
637	361	1023	90	90	880560594
643	361	1023	90	90	880560605
648	361	1023	90	90	880560615
652	362	1023	90	90	880560626
655	362	1023	90	90	880560637
658	363	1023	90	90	880560648
659	363	1023	90	90	880560658
660	364	1023	90	90	880560669
660	365	1023	90	90	880560680
660	366	1023	90	90	880560691
658	367	1023	90	90	880560701
657	369	1023	90	90	880560712
654	372	1023	90	90	880560723
651	374	1023	90	90	880560734
648	378	1023	90	90	880560744
644	381	1023	90	90	880560755
640	385	1023	90	90	880560766
636	388	1023	90	90	880560777
632	392	1023	90	90	880560787
627	396	1023	90	90	880560798
623	399	1023	90	90	880560809
619	402	1023	90	90	880560820
615	406	1023	90	90	880560830
612	408	1023	90	90	880560841
609	411	1023	90	90	880560852
607	413	1023	90	90	880560863
605	415	994	90	90	880560873
604	417	880	90	90	880560884
603	417	198	90	90	880560906
4
1
326	560	0	90	90	880561494
143
285	580	698	90	90	880561656
281	581	722	90	90	880561666
280	582	728	90	90	880561677
279	582	728	90	90	880561688
278	582	728	90	90	880561699
278	581	720	90	90	880561709
277	578	728	90	90	880561720
277	575	746	90	90	880561731
277	570	792	90	90	880561742
276	564	856	90	90	880561752
275	557	906	90	90	880561763
275	549	936	90	90	880561774
274	540	972	90	90	880561785
274	529	990	90	90	880561795
273	517	986	90	90	880561806
272	504	1008	90	90	880561817
270	491	1016	90	90	880561828
269	478	1023	90	90	880561838
267	466	1023	90	90	880561849
266	455	1023	90	90	880561860
264	446	1023	90	90	880561871
263	439	1023	90	90	880561881
263	433	1023	90	90	880561892
263	428	1023	90	90	880561903
263	425	1023	90	90	880561914
264	423	1023	90	90	880561924
264	422	1023	90	90	880561935
266	421	1023	90	90	880561946
268	421	1023	90	90	880561957
270	421	1023	90	90	880561967
273	421	1023	90	90	880561978
278	422	1023	90	90	880561989
283	423	1023	90	90	880562000
289	424	1023	90	90	880562010
296	425	1023	90	90	880562021
305	426	1023	90	90	880562032
314	427	1023	90	90	880562043
324	427	1023	90	90	880562053
335	428	1023	90	90	880562064
347	428	1023	90	90	880562075
360	429	1023	90	90	880562086
374	429	1023	90	90	880562096
390	429	1023	90	90	880562107
406	429	1023	90	90	880562118
422	429	1023	90	90	880562129
440	429	1023	90	90	880562139
458	428	1023	90	90	880562150
477	428	1023	90	90	880562161
497	427	1023	90	90	880562172
518	427	1023	90	90	880562182
538	426	1023	90	90	880562193
560	426	1023	90	90	880562204
581	425	1023	90	90	880562215
602	424	1023	90	90	880562225
623	423	1023	90	90	880562236
643	421	1023	90	90	880562247
662	420	1023	90	90	880562258
681	418	1023	90	90	880562268
700	417	1023	90	90	880562279
717	415	1023	90	90	880562290
733	414	1023	90	90	880562301
746	413	1023	90	90	880562311
759	413	1023	90	90	880562322
770	412	1023	90	90	880562333
780	411	1023	90	90	880562344
788	410	1023	90	90	880562354
794	410	1023	90	90	880562365
799	410	1023	90	90	880562376
803	410	1023	90	90	880562387
806	410	1023	90	90	880562397
808	410	1023	90	90	880562408
810	410	1023	90	90	880562419
811	411	1023	90	90	880562440
811	412	1023	90	90	880562451
812	413	1023	90	90	880562462
812	416	1023	90	90	880562473
812	419	1023	90	90	880562483
812	422	1023	90	90	880562494
812	427	1023	90	90	880562505
812	432	1023	90	90	880562516
812	438	1023	90	90	880562526
812	445	1023	90	90	880562537
813	453	1023	90	90	880562548
814	462	1023	90	90	880562559
814	472	1023	90	90	880562569
815	481	1023	90	90	880562580
816	492	1023	90	90	880562591
817	502	1023	90	90	880562602
818	511	1023	90	90	880562612
818	520	1023	90	90	880562623
818	528	1023	90	90	880562634
818	535	1023	90	90	880562645
818	541	1023	90	90	880562655
818	546	1023	90	90	880562666
818	550	1023	90	90	880562677
817	553	1023	90	90	880562688
816	556	1023	90	90	880562698
815	558	1023	90	90	880562709
814	559	1023	90	90	880562720
813	561	1023	90	90	880562731
811	562	1023	90	90	880562741
809	563	1023	90	90	880562752
806	563	1023	90	90	880562763
801	563	1023	90	90	880562774
796	563	1023	90	90	880562784
790	563	1023	90	90	880562795
783	562	1023	90	90	880562806
774	562	1023	90	90	880562817
764	561	1023	90	90	880562827
754	561	1023	90	90	880562838
742	560	1023	90	90	880562849
729	560	1023	90	90	880562860
715	560	1023	90	90	880562870
700	560	1023	90	90	880562881
685	560	1023	90	90	880562892
668	560	1023	90	90	880562903
650	560	1023	90	90	880562913
632	560	1023	90	90	880562924
613	560	1023	90	90	880562935
594	560	1023	90	90	880562946
575	560	1023	90	90	880562956
555	560	1023	90	90	880562967
536	561	1023	90	90	880562978
517	562	1023	90	90	880562989
497	563	1023	90	90	880563000
478	564	1023	90	90	880563010
459	565	1023	90	90	880563021
440	566	1023	90	90	880563032
421	567	1023	90	90	880563043
402	567	1023	90	90	880563053
384	568	1023	90	90	880563064
367	569	1023	90	90	880563075
350	569	1023	90	90	880563086
334	570	1023	90	90	880563096
320	571	1023	90	90	880563107
307	571	1023	90	90	880563118
295	572	1023	90	90	880563129
285	572	1023	90	90	880563139
278	572	1023	90	90	880563150
271	572	1023	90	90	880563161
267	572	1023	90	90	880563172
264	570	900	90	90	880563182
262	570	116	90	90	880563204
59
400	428	518	90	90	880563765
398	423	820	90	90	880563775
398	422	844	90	90	880563786
397	420	856	90	90	880563797
396	418	852	90	90	880563808
394	415	862	90	90	880563818
390	412	868	90	90	880563829
385	408	880	90	90	880563840
380	404	886	90	90	880563851
373	398	874	90	90	880563861
365	392	878	90	90	880563872
357	385	880	90	90	880563883
350	378	880	90	90	880563894
343	372	890	90	90	880563904
337	367	892	90	90	880563915
332	362	906	90	90	880563926
328	359	918	90	90	880563937
325	356	942	90	90	880563947
324	355	940	90	90	880563980
325	355	940	90	90	880563990
327	356	942	90	90	880564001
331	357	946	90	90	880564012
335	358	946	90	90	880564023
341	359	948	90	90	880564033
348	360	958	90	90	880564044
356	361	970	90	90	880564055
366	363	978	90	90	880564066
376	364	982	90	90	880564076
386	366	990	90	90	880564087
395	367	992	90	90	880564098
405	368	1016	90	90	880564109
414	368	1023	90	90	880564119
423	369	1023	90	90	880564130
431	370	1023	90	90	880564141
438	370	1023	90	90	880564152
444	371	1023	90	90	880564162
448	372	1023	90	90	880564173
451	373	1023	90	90	880564184
454	374	1023	90	90	880564195
455	375	1023	90	90	880564205
456	376	1023	90	90	880564216
456	377	1023	90	90	880564227
455	379	1023	90	90	880564238
452	382	1023	90	90	880564248
449	385	1023	90	90	880564259
445	388	1023	90	90	880564270
440	392	1023	90	90	880564281
434	396	1023	90	90	880564291
428	400	1023	90	90	880564302
422	403	1023	90	90	880564313
417	407	1023	90	90	880564324
412	410	1023	90	90	880564334
408	413	1023	90	90	880564345
404	416	1023	90	90	880564356
400	418	1023	90	90	880564367
398	420	1023	90	90	880564377
396	421	976	90	90	880564388
395	422	896	90	90	880564399
394	424	222	90	90	880564420
67
644	420	755	90	90	880564916
645	419	944	90	90	880564927
645	417	942	90	90	880564938
644	414	958	90	90	880564949
643	411	960	90	90	880564959
640	406	966	90	90	880564970
636	401	982	90	90	880564981
631	395	976	90	90	880564992
624	388	980	90	90	880565002
616	380	986	90	90	880565013
609	373	1016	90	90	880565024
601	366	1023	90	90	880565035
594	359	1023	90	90	880565045
588	354	1023	90	90	880565056
582	349	1023	90	90	880565067
578	345	1023	90	90	880565078
575	343	1023	90	90	880565088
573	341	1023	90	90	880565099
572	341	1023	90	90	880565121
573	341	1023	90	90	880565131
575	341	1023	90	90	880565142
577	341	1023	90	90	880565153
581	341	1023	90	90	880565164
586	341	1023	90	90	880565174
591	341	1023	90	90	880565185
597	341	1023	90	90	880565196
604	341	1023	90	90	880565207
612	341	1023	90	90	880565217
620	341	1023	90	90	880565228
629	341	1023	90	90	880565239
638	341	1023	90	90	880565250
648	340	1023	90	90	880565260
657	340	1023	90	90	880565271
667	339	1023	90	90	880565282
676	339	1023	90	90	880565293
684	339	1023	90	90	880565303
692	338	1023	90	90	880565314
699	338	1023	90	90	880565325
705	338	1023	90	90	880565336
710	337	1023	90	90	880565346
714	337	1023	90	90	880565357
718	337	1023	90	90	880565368
721	337	1023	90	90	880565379
723	337	1023	90	90	880565389
724	337	1023	90	90	880565422
723	338	1023	90	90	880565432
721	339	1023	90	90	880565443
720	341	1023	90	90	880565454
717	343	1023	90	90	880565465
714	346	1023	90	90	880565475
711	349	1023	90	90	880565486
708	352	1023	90	90	880565497
704	356	1023	90	90	880565508
699	360	1023	90	90	880565518
695	365	1023	90	90	880565529
690	369	1023	90	90	880565540
684	374	1023	90	90	880565551
680	380	1023	90	90	880565561
674	385	1023	90	90	880565572
670	390	1023	90	90	880565583
665	395	1023	90	90	880565594
661	399	1023	90	90	880565604
658	403	1023	90	90	880565615
655	407	1023	90	90	880565626
653	410	1023	90	90	880565637
651	412	1023	90	90	880565647
648	413	535	90	90	880565680
4
1
271	551	0	90	90	880566385
142
260	549	892	90	90	880566531
258	548	908	90	90	880566541
258	547	920	90	90	880566552
259	545	936	90	90	880566563
259	542	942	90	90	880566574
260	538	958	90	90	880566584
261	533	958	90	90	880566595
262	527	964	90	90	880566606
263	519	978	90	90	880566617
263	511	984	90	90	880566627
263	501	984	90	90	880566638
263	490	984	90	90	880566649
263	478	990	90	90	880566660
263	466	978	90	90	880566670
262	453	992	90	90	880566681
261	441	1014	90	90	880566692
260	430	1023	90	90	880566703
259	420	1023	90	90	880566713
259	412	1023	90	90	880566724
259	406	1023	90	90	880566735
259	403	1023	90	90	880566746
260	401	1023	90	90	880566756
261	400	1023	90	90	880566778
263	400	1023	90	90	880566789
264	400	1023	90	90	880566799
266	401	1023	90	90	880566810
268	402	1023	90	90	880566821
271	403	1023	90	90	880566832
276	405	1023	90	90	880566842
282	406	1023	90	90	880566853
289	408	1023	90	90	880566864
296	410	1023	90	90	880566875
305	411	1023	90	90	880566885
315	412	1023	90	90	880566896
326	413	1023	90	90	880566907
338	414	1023	90	90	880566918
351	415	1023	90	90	880566928
365	415	1023	90	90	880566939
381	416	1023	90	90	880566950
397	416	1023	90	90	880566961
413	416	1023	90	90	880566971
431	416	1023	90	90	880566982
449	416	1023	90	90	880566993
468	416	1023	90	90	880567004
487	416	1023	90	90	880567014
507	416	1023	90	90	880567025
528	416	1023	90	90	880567036
549	416	1023	90	90	880567047
570	415	1023	90	90	880567057
592	415	1023	90	90	880567068
613	414	1023	90	90	880567079
633	414	1023	90	90	880567090
654	413	1023	90	90	880567100
673	412	1023	90	90	880567111
692	411	1023	90	90	880567122
710	410	1023	90	90	880567133
726	409	1023	90	90	880567143
741	409	1023	90	90	880567154
755	409	1023	90	90	880567165
767	408	1023	90	90	880567176
778	408	1023	90	90	880567186
787	408	1023	90	90	880567197
795	408	1023	90	90	880567208
803	408	1023	90	90	880567219
809	408	1023	90	90	880567229
814	408	1023	90	90	880567240
818	408	1023	90	90	880567251
821	409	1023	90	90	880567262
824	410	1023	90	90	880567272
826	411	1023	90	90	880567283
827	413	1023	90	90	880567294
828	415	1023	90	90	880567305
829	417	1023	90	90	880567315
829	420	1023	90	90	880567326
829	423	1023	90	90	880567337
829	426	1023	90	90	880567348
829	430	1023	90	90	880567358
829	436	1023	90	90	880567369
829	441	1023	90	90	880567380
829	448	1023	90	90	880567391
829	456	1023	90	90	880567401
829	465	1023	90	90	880567412
829	473	1023	90	90	880567423
830	482	1023	90	90	880567434
830	491	1023	90	90	880567444
831	500	1023	90	90	880567455
831	509	1023	90	90	880567466
831	517	1023	90	90	880567477
831	523	1023	90	90	880567487
831	530	1023	90	90	880567498
831	535	1023	90	90	880567509
831	540	1023	90	90	880567520
831	543	1023	90	90	880567530
831	545	1023	90	90	880567541
830	547	1023	90	90	880567552
829	549	1023	90	90	880567563
829	550	1023	90	90	880567573
828	550	1023	90	90	880567595
827	550	1023	90	90	880567606
826	550	1023	90	90	880567616
824	550	1023	90	90	880567627
822	550	1023	90	90	880567638
819	550	1023	90	90	880567649
815	550	1023	90	90	880567659
810	550	1023	90	90	880567670
804	550	1023	90	90	880567681
796	549	1023	90	90	880567692
787	549	1023	90	90	880567702
777	548	1023	90	90	880567713
766	547	1023	90	90	880567724
753	547	1023	90	90	880567735
740	546	1023	90	90	880567745
725	546	1023	90	90	880567756
710	546	1023	90	90	880567767
694	546	1023	90	90	880567778
677	546	1023	90	90	880567788
659	547	1023	90	90	880567799
640	547	1023	90	90	880567810
621	548	1023	90	90	880567821
602	549	1023	90	90	880567831
583	549	1023	90	90	880567842
564	550	1023	90	90	880567853
544	551	1023	90	90	880567864
525	552	1023	90	90	880567875
505	553	1023	90	90	880567885
486	554	1023	90	90	880567896
466	555	1023	90	90	880567907
447	555	1023	90	90	880567918
428	556	1023	90	90	880567928
410	557	1023	90	90	880567939
392	557	1023	90	90	880567950
374	557	1023	90	90	880567961
357	558	1023	90	90	880567971
341	558	1023	90	90	880567982
326	558	1023	90	90	880567993
312	558	1023	90	90	880568004
299	558	1023	90	90	880568014
288	557	1023	90	90	880568025
279	556	1023	90	90	880568036
271	555	964	90	90	880568047
266	554	754	90	90	880568057
261	553	33	90	90	880568079
68
374	409	490	90	90	880568640
372	406	796	90	90	880568650
372	405	818	90	90	880568661
371	404	844	90	90	880568672
370	402	852	90	90	880568683
368	399	874	90	90	880568693
366	396	886	90	90	880568704
362	391	892	90	90	880568715
357	385	902	90	90	880568726
351	378	900	90	90	880568736
344	370	942	90	90	880568747
336	360	958	90	90	880568758
329	350	984	90	90	880568769
321	340	976	90	90	880568779
314	332	978	90	90	880568790
308	324	984	90	90	880568801
302	318	992	90	90	880568812
298	313	992	90	90	880568822
294	309	996	90	90	880568833
292	306	1010	90	90	880568844
291	305	1023	90	90	880568876
292	304	1023	90	90	880568887
294	304	1023	90	90	880568898
296	304	1023	90	90	880568908
300	303	1023	90	90	880568919
305	303	1023	90	90	880568930
310	303	1023	90	90	880568941
316	304	1023	90	90	880568951
324	305	1023	90	90	880568962
331	305	1023	90	90	880568973
340	306	1023	90	90	880568984
348	306	1023	90	90	880568994
358	306	1023	90	90	880569005
367	306	1023	90	90	880569016
377	305	1023	90	90	880569027
386	305	1023	90	90	880569037
396	305	1023	90	90	880569048
404	305	1023	90	90	880569059
412	305	1023	90	90	880569070
420	305	1023	90	90	880569080
426	305	1023	90	90	880569091
432	305	1023	90	90	880569102
436	305	1023	90	90	880569113
439	305	1023	90	90	880569123
442	305	1023	90	90	880569134
443	306	1023	90	90	880569145
443	307	1023	90	90	880569156
443	308	1023	90	90	880569166
442	310	1023	90	90	880569177
441	313	1023	90	90	880569188
438	317	1023	90	90	880569199
436	321	1023	90	90	880569209
433	327	1023	90	90	880569220
429	333	1023	90	90	880569231
424	340	1023	90	90	880569242
419	346	1023	90	90	880569252
414	354	1023	90	90	880569263
408	361	1023	90	90	880569274
402	368	1023	90	90	880569285
397	375	1023	90	90	880569295
392	382	1023	90	90	880569306
387	388	1023	90	90	880569317
382	394	1023	90	90	880569328
379	400	1023	90	90	880569338
376	405	1023	90	90	880569349
374	409	1023	90	90	880569360
373	412	990	90	90	880569371
372	415	272	90	90	880569392
75
707	408	656	90	90	880569906
706	409	748	90	90	880569916
705	408	828	90	90	880569927
703	407	872	90	90	880569938
700	404	896	90	90	880569949
698	401	942	90	90	880569959
694	396	954	90	90	880569970
688	391	972	90	90	880569981
682	384	976	90	90	880569992
674	377	978	90	90	880570002
665	368	976	90	90	880570013
656	359	1004	90	90	880570024
646	350	1023	90	90	880570035
637	341	1023	90	90	880570045
629	332	1023	90	90	880570056
621	324	1023	90	90	880570067
614	318	1023	90	90	880570078
609	312	1023	90	90	880570088
605	308	1023	90	90	880570099
602	305	1023	90	90	880570110
601	304	1023	90	90	880570121
600	303	1023	90	90	880570142
601	303	1023	90	90	880570153
602	303	1023	90	90	880570164
605	303	1023	90	90	880570174
609	304	1023	90	90	880570185
613	304	1023	90	90	880570196
618	305	1023	90	90	880570207
625	305	1023	90	90	880570217
632	306	1023	90	90	880570228
640	306	1023	90	90	880570239
648	307	1023	90	90	880570250
658	307	1023	90	90	880570260
667	307	1023	90	90	880570271
677	307	1023	90	90	880570282
687	307	1023	90	90	880570293
697	307	1023	90	90	880570303
706	306	1023	90	90	880570314
715	305	1023	90	90	880570325
724	304	1023	90	90	880570336
732	303	1023	90	90	880570346
739	302	1023	90	90	880570357
746	301	1023	90	90	880570368
752	300	1023	90	90	880570379
757	299	1023	90	90	880570389
761	299	1023	90	90	880570400
765	299	1023	90	90	880570411
767	299	1023	90	90	880570422
768	299	1023	90	90	880570432
769	299	1023	90	90	880570454
768	300	1023	90	90	880570465
767	301	1023	90	90	880570475
765	303	1023	90	90	880570486
764	305	1023	90	90	880570497
761	308	1023	90	90	880570508
759	312	1023	90	90	880570518
756	316	1023	90	90	880570529
753	321	1023	90	90	880570540
750	326	1023	90	90	880570551
747	331	1023	90	90	880570561
743	337	1023	90	90	880570572
740	343	1023	90	90	880570583
736	350	1023	90	90	880570594
732	357	1023	90	90	880570604
728	364	1023	90	90	880570615
724	371	1023	90	90	880570626
721	378	1023	90	90	880570637
718	384	1023	90	90	880570647
715	390	1023	90	90	880570658
712	395	1023	90	90	880570669
710	398	1023	90	90	880570680
708	401	1023	90	90	880570690
706	403	1023	90	90	880570701
706	404	944	90	90	880570712
705	405	142	90	90	880570733
4
1
294	555	0	90	90	880571369
132
276	559	406	90	90	880571484
275	558	720	90	90	880571494
274	557	784	90	90	880571505
274	556	826	90	90	880571516
273	553	880	90	90	880571527
273	549	920	90	90	880571537
273	544	936	90	90	880571548
273	538	952	90	90	880571559
274	532	960	90	90	880571570
274	525	976	90	90	880571580
275	517	988	90	90	880571591
275	508	984	90	90	880571602
276	499	1002	90	90	880571613
277	490	1010	90	90	880571623
277	480	1020	90	90	880571634
277	471	1023	90	90	880571645
277	461	1023	90	90	880571656
277	452	1023	90	90	880571666
277	444	1023	90	90	880571677
277	438	1023	90	90	880571688
277	432	1023	90	90	880571699
277	428	1023	90	90	880571709
278	425	1023	90	90	880571720
280	423	1023	90	90	880571731
282	422	1023	90	90	880571742
285	421	1023	90	90	880571752
289	420	1023	90	90	880571763
294	419	1023	90	90	880571774
299	418	1023	90	90	880571785
307	418	1023	90	90	880571795
315	419	1023	90	90	880571806
325	420	1023	90	90	880571817
335	420	1023	90	90	880571828
347	421	1023	90	90	880571838
359	421	1023	90	90	880571849
372	421	1023	90	90	880571860
387	421	1023	90	90	880571871
402	421	1023	90	90	880571881
419	420	1023	90	90	880571892
436	419	1023	90	90	880571903
454	419	1023	90	90	880571914
473	419	1023	90	90	880571924
492	418	1023	90	90	880571935
512	418	1023	90	90	880571946
532	418	1023	90	90	880571957
553	417	1023	90	90	880571967
573	417	1023	90	90	880571978
594	417	1023	90	90	880571989
614	416	1023	90	90	880572000
633	416	1023	90	90	880572010
651	415	1023	90	90	880572021
669	415	1023	90	90	880572032
686	415	1023	90	90	880572043
700	414	1023	90	90	880572053
714	414	1023	90	90	880572064
725	413	1023	90	90	880572075
736	413	1023	90	90	880572086
744	412	1023	90	90	880572096
752	412	1023	90	90	880572107
759	411	1023	90	90	880572118
764	411	1023	90	90	880572129
769	412	1023	90	90	880572139
772	413	1023	90	90	880572150
775	414	1023	90	90	880572161
777	416	1023	90	90	880572172
779	418	1023	90	90	880572182
780	420	1023	90	90	880572193
781	423	1023	90	90	880572204
781	426	1023	90	90	880572215
781	430	1023	90	90	880572225
781	436	1023	90	90	880572236
781	442	1023	90	90	880572247
781	450	1023	90	90	880572258
781	458	1023	90	90	880572268
781	467	1023	90	90	880572279
781	476	1023	90	90	880572290
781	487	1023	90	90	880572301
781	497	1023	90	90	880572311
781	507	1023	90	90	880572322
782	518	1023	90	90	880572333
782	527	1023	90	90	880572344
783	536	1023	90	90	880572354
783	544	1023	90	90	880572365
783	550	1023	90	90	880572376
783	555	1023	90	90	880572387
782	559	1023	90	90	880572397
781	562	1023	90	90	880572408
780	564	1023	90	90	880572419
779	566	1023	90	90	880572430
778	567	1023	90	90	880572440
777	567	1023	90	90	880572451
776	567	1023	90	90	880572462
774	567	1023	90	90	880572473
772	567	1023	90	90	880572483
769	567	1023	90	90	880572494
766	567	1023	90	90	880572505
761	566	1023	90	90	880572516
755	565	1023	90	90	880572526
749	564	1023	90	90	880572537
741	563	1023	90	90	880572548
732	562	1023	90	90	880572559
722	562	1023	90	90	880572569
710	561	1023	90	90	880572580
698	561	1023	90	90	880572591
684	560	1023	90	90	880572602
669	560	1023	90	90	880572612
653	559	1023	90	90	880572623
636	559	1023	90	90	880572634
619	559	1023	90	90	880572645
600	559	1023	90	90	880572655
582	559	1023	90	90	880572666
563	560	1023	90	90	880572677
545	560	1023	90	90	880572688
526	561	1023	90	90	880572698
507	562	1023	90	90	880572709
488	563	1023	90	90	880572720
468	564	1023	90	90	880572731
449	564	1023	90	90	880572741
430	564	1023	90	90	880572752
411	564	1023	90	90	880572763
393	563	1023	90	90	880572774
376	563	1023	90	90	880572784
359	562	1023	90	90	880572795
343	561	1023	90	90	880572806
329	560	1023	90	90	880572817
316	560	1023	90	90	880572828
304	559	1023	90	90	880572838
293	558	1023	90	90	880572849
284	558	1023	90	90	880572860
276	558	1023	90	90	880572871
269	557	1004	90	90	880572881
265	556	325	90	90	880572903
64
398	421	904	90	90	880573421
396	418	896	90	90	880573431
395	416	906	90	90	880573442
393	414	906	90	90	880573453
391	412	900	90	90	880573464
389	409	902	90	90	880573474
385	405	880	90	90	880573485
381	401	872	90	90	880573496
376	395	874	90	90	880573507
370	389	880	90	90	880573517
364	382	904	90	90	880573528
357	374	924	90	90	880573539
349	366	948	90	90	880573550
342	358	984	90	90	880573560
335	350	984	90	90	880573571
329	344	998	90	90	880573582
324	338	996	90	90	880573593
321	334	998	90	90	880573603
318	331	1002	90	90	880573614
317	330	1000	90	90	880573657
319	330	998	90	90	880573668
321	330	998	90	90	880573679
325	330	1002	90	90	880573689
329	330	1004	90	90	880573700
334	331	1004	90	90	880573711
340	331	1002	90	90	880573722
347	331	1002	90	90	880573732
355	332	1008	90	90	880573743
363	332	1016	90	90	880573754
372	332	1023	90	90	880573765
382	333	1023	90	90	880573775
391	333	1023	90	90	880573786
401	333	1023	90	90	880573797
411	333	1023	90	90	880573808
420	332	1023	90	90	880573818
429	332	1023	90	90	880573829
437	332	1023	90	90	880573840
444	332	1023	90	90	880573851
451	331	1023	90	90	880573861
457	331	1023	90	90	880573872
461	331	1023	90	90	880573883
464	331	1023	90	90	880573894
466	331	1023	90	90	880573904
467	331	1023	90	90	880573937
467	333	1023	90	90	880573947
465	335	1023	90	90	880573958
463	338	1023	90	90	880573969
460	342	1023	90	90	880573980
456	346	1023	90	90	880573990
452	350	1023	90	90	880574001
448	355	1023	90	90	880574012
444	360	1023	90	90	880574023
439	366	1023	90	90	880574033
433	371	1023	90	90	880574044
428	376	1023	90	90	880574055
423	380	1023	90	90	880574066
418	385	1023	90	90	880574076
413	389	1023	90	90	880574087
409	393	1023	90	90	880574098
406	397	1023	90	90	880574109
403	401	1023	90	90	880574119
401	404	1023	90	90	880574130
399	406	964	90	90	880574141
398	408	219	90	90	880574162
72
658	411	1002	90	90	880574718
658	410	1016	90	90	880574728
658	409	1023	90	90	880574739
658	407	1023	90	90	880574750
657	405	1023	90	90	880574761
655	402	1023	90	90	880574771
652	398	1023	90	90	880574782
647	392	1023	90	90	880574793
642	386	1023	90	90	880574804
636	380	1008	90	90	880574814
629	372	1002	90	90	880574825
621	364	1002	90	90	880574836
613	356	1004	90	90	880574847
605	348	1008	90	90	880574857
598	341	1010	90	90	880574868
592	334	1023	90	90	880574879
587	329	1023	90	90	880574890
584	325	1023	90	90	880574900
582	323	1023	90	90	880574911
581	322	1023	90	90	880574922
582	321	1023	90	90	880574933
583	320	1023	90	90	880574943
585	320	1023	90	90	880574954
588	320	1023	90	90	880574965
592	320	1023	90	90	880574976
596	320	1023	90	90	880574986
601	321	1023	90	90	880574997
608	321	1023	90	90	880575008
615	322	1023	90	90	880575019
623	322	1023	90	90	880575029
631	322	1023	90	90	880575040
641	322	1023	90	90	880575051
650	322	1023	90	90	880575062
660	322	1023	90	90	880575072
670	321	1023	90	90	880575083
680	321	1023	90	90	880575094
690	320	1023	90	90	880575105
699	320	1023	90	90	880575115
708	318	1023	90	90	880575126
717	317	1023	90	90	880575137
724	316	1023	90	90	880575148
731	315	1023	90	90	880575158
737	314	1023	90	90	880575169
742	313	1023	90	90	880575180
746	312	1023	90	90	880575191
749	312	1023	90	90	880575201
751	312	1023	90	90	880575212
752	312	1023	90	90	880575234
751	313	1023	90	90	880575244
750	314	1023	90	90	880575255
748	316	1023	90	90	880575266
745	318	1023	90	90	880575277
741	320	1023	90	90	880575287
737	323	1023	90	90	880575298
732	326	1023	90	90	880575309
727	330	1023	90	90	880575320
722	334	1023	90	90	880575330
717	338	1023	90	90	880575341
711	343	1023	90	90	880575352
706	348	1023	90	90	880575363
700	353	1023	90	90	880575373
695	359	1023	90	90	880575384
689	364	1023	90	90	880575395
684	370	1023	90	90	880575406
679	376	1023	90	90	880575416
675	382	1023	90	90	880575427
671	387	1023	90	90	880575438
668	392	1023	90	90	880575449
665	396	1023	90	90	880575459
662	400	1023	90	90	880575470
659	403	980	90	90	880575481
656	405	234	90	90	880575502
4
1
271	558	0	90	90	880576478
135
259	572	862	90	90	880576593
258	572	892	90	90	880576636
258	570	896	90	90	880576646
259	566	912	90	90	880576657
260	562	918	90	90	880576668
260	556	926	90	90	880576679
261	550	936	90	90	880576689
261	543	936	90	90	880576700
261	534	938	90	90	880576711
261	524	934	90	90	880576722
260	514	954	90	90	880576732
259	502	970	90	90	880576743
258	491	984	90	90	880576754
257	480	990	90	90	880576765
256	470	994	90	90	880576775
256	462	976	90	90	880576786
256	455	976	90	90	880576797
256	450	976	90	90	880576808
257	446	980	90	90	880576818
257	443	984	90	90	880576829
258	441	996	90	90	880576840
259	439	1008	90	90	880576851
260	439	1016	90	90	880576861
261	438	1023	90	90	880576872
263	437	1023	90	90	880576883
266	437	1023	90	90	880576894
269	436	1023	90	90	880576904
273	436	1023	90	90	880576915
278	436	1023	90	90	880576926
284	436	1023	90	90	880576937
292	437	1023	90	90	880576947
301	437	1023	90	90	880576958
311	437	1023	90	90	880576969
323	437	1023	90	90	880576980
336	436	1023	90	90	880576990
349	435	1023	90	90	880577001
364	435	1023	90	90	880577012
380	434	1023	90	90	880577023
397	433	1023	90	90	880577033
416	431	1023	90	90	880577044
435	430	1023	90	90	880577055
455	429	1023	90	90	880577066
477	427	1023	90	90	880577076
498	426	1023	90	90	880577087
520	424	1023	90	90	880577098
542	422	1023	90	90	880577109
565	420	1023	90	90	880577119
587	418	1023	90	90	880577130
610	416	1023	90	90	880577141
631	413	1023	90	90	880577152
652	411	1023	90	90	880577162
672	409	1023	90	90	880577173
692	407	1023	90	90	880577184
710	406	1023	90	90	880577195
727	405	1023	90	90	880577205
743	404	1023	90	90	880577216
756	403	1023	90	90	880577227
768	402	1023	90	90	880577238
778	402	1023	90	90	880577248
786	401	1023	90	90	880577259
792	401	1023	90	90	880577270
798	401	1023	90	90	880577281
803	401	1023	90	90	880577291
806	402	1023	90	90	880577302
809	403	1023	90	90	880577313
811	405	1023	90	90	880577324
813	407	1023	90	90	880577334
814	409	1023	90	90	880577345
815	411	1023	90	90	880577356
815	414	1023	90	90	880577367
815	419	1023	90	90	880577377
816	424	1023	90	90	880577388
816	430	1023	90	90	880577399
816	437	1023	90	90	880577410
816	445	1023	90	90	880577420
816	454	1023	90	90	880577431
816	464	1023	90	90	880577442
816	474	1023	90	90	880577453
815	485	1023	90	90	880577463
815	497	1023	90	90	880577474
815	509	1023	90	90	880577485
815	520	1023	90	90	880577496
815	532	1023	90	90	880577506
815	542	1023	90	90	880577517
814	551	1023	90	90	880577528
814	559	1023	90	90	880577539
812	565	1023	90	90	880577549
810	570	1023	90	90	880577560
808	574	1023	90	90	880577571
806	577	1023	90	90	880577582
803	580	1023	90	90	880577592
800	582	1023	90	90	880577603
797	584	1023	90	90	880577614
793	586	1023	90	90	880577625
789	587	1023	90	90	880577635
785	589	1023	90	90	880577646
779	590	1023	90	90	880577657
773	591	1023	90	90	880577668
767	591	1023	90	90	880577678
759	592	1023	90	90	880577689
750	593	1023	90	90	880577700
740	593	1023	90	90	880577711
729	594	1023	90	90	880577721
717	594	1023	90	90	880577732
704	594	1023	90	90	880577743
690	595	1023	90	90	880577754
675	595	1023	90	90	880577764
659	596	1023	90	90	880577775
642	596	1023	90	90	880577786
624	596	1023	90	90	880577797
605	596	1023	90	90	880577807
585	596	1023	90	90	880577818
565	596	1023	90	90	880577829
545	596	1023	90	90	880577840
523	597	1023	90	90	880577850
501	597	1023	90	90	880577861
479	597	1023	90	90	880577872
457	596	1023	90	90	880577883
435	596	1023	90	90	880577893
413	596	1023	90	90	880577904
391	595	1023	90	90	880577915
370	594	1023	90	90	880577926
349	594	1023	90	90	880577937
329	593	1023	90	90	880577947
312	592	1023	90	90	880577958
295	592	1023	90	90	880577969
280	591	1023	90	90	880577980
267	591	1023	90	90	880577990
255	590	1023	90	90	880578001
246	589	1023	90	90	880578012
238	588	1023	90	90	880578023
231	586	1023	90	90	880578033
227	585	1023	90	90	880578044
225	584	854	90	90	880578055
223	583	61	90	90	880578076
68
383	423	472	90	90	880578578
383	425	699	90	90	880578599
384	425	741	90	90	880578621
383	425	788	90	90	880578631
381	422	802	90	90	880578642
378	418	838	90	90	880578653
375	413	884	90	90	880578664
370	407	912	90	90	880578674
365	400	948	90	90	880578685
358	393	948	90	90	880578696
352	385	960	90	90	880578707
344	377	972	90	90	880578717
336	368	972	90	90	880578728
328	359	976	90	90	880578739
320	351	984	90	90	880578750
312	343	988	90	90	880578760
306	336	988	90	90	880578771
301	330	990	90	90	880578782
296	326	978	90	90	880578793
293	323	998	90	90	880578803
292	321	1023	90	90	880578814
292	320	1023	90	90	880578836
293	320	1023	90	90	880578846
296	319	1023	90	90	880578857
300	319	1023	90	90	880578868
305	319	1023	90	90	880578879
312	319	1023	90	90	880578889
319	319	1023	90	90	880578900
328	319	1023	90	90	880578911
338	320	1023	90	90	880578922
348	320	1023	90	90	880578932
359	321	1023	90	90	880578943
369	321	1023	90	90	880578954
381	321	1023	90	90	880578965
392	320	1023	90	90	880578975
402	320	1023	90	90	880578986
412	320	1023	90	90	880578997
421	320	1023	90	90	880579008
429	319	1023	90	90	880579018
437	319	1023	90	90	880579029
443	319	1023	90	90	880579040
449	319	1023	90	90	880579051
453	319	1023	90	90	880579061
457	319	1023	90	90	880579072
460	319	1023	90	90	880579083
462	320	1023	90	90	880579094
463	321	1023	90	90	880579115
463	322	1023	90	90	880579126
462	325	1023	90	90	880579137
460	327	1023	90	90	880579147
457	331	1023	90	90	880579158
454	335	1023	90	90	880579169
450	339	1023	90	90	880579180
446	344	1023	90	90	880579190
442	350	1023	90	90	880579201
437	357	1023	90	90	880579212
432	364	1023	90	90	880579223
425	372	1023	90	90	880579233
419	380	1023	90	90	880579244
413	387	1023	90	90	880579255
407	394	1023	90	90	880579266
401	401	1023	90	90	880579276
396	407	1023	90	90	880579287
392	413	1023	90	90	880579298
388	419	1023	90	90	880579309
385	423	1023	90	90	880579319
382	427	954	90	90	880579330
380	430	217	90	90	880579352
62
649	395	924	90	90	880579875
643	388	930	90	90	880579885
639	383	924	90	90	880579896
634	377	914	90	90	880579907
627	370	924	90	90	880579918
620	362	926	90	90	880579928
612	354	942	90	90	880579939
603	346	948	90	90	880579950
595	339	966	90	90	880579961
588	332	972	90	90	880579971
581	326	984	90	90	880579982
576	320	994	90	90	880579993
572	317	984	90	90	880580004
569	314	998	90	90	880580014
567	312	1004	90	90	880580025
567	311	1012	90	90	880580047
569	310	1016	90	90	880580057
571	310	1023	90	90	880580068
574	310	1023	90	90	880580079
578	310	1023	90	90	880580090
583	310	1023	90	90	880580100
590	310	1023	90	90	880580111
597	311	1023	90	90	880580122
605	311	1023	90	90	880580133
615	311	1023	90	90	880580143
625	311	1023	90	90	880580154
636	311	1023	90	90	880580165
647	311	1023	90	90	880580176
659	311	1023	90	90	880580186
671	310	1023	90	90	880580197
683	310	1023	90	90	880580208
694	309	1023	90	90	880580219
703	308	1023	90	90	880580229
713	307	1023	90	90	880580240
721	306	1023	90	90	880580251
728	305	1023	90	90	880580262
734	304	1023	90	90	880580272
739	303	1023	90	90	880580283
742	302	1023	90	90	880580294
744	302	1023	90	90	880580305
746	302	1023	90	90	880580348
744	303	1023	90	90	880580358
742	305	1023	90	90	880580369
739	308	1023	90	90	880580380
736	312	1023	90	90	880580391
732	316	1023	90	90	880580401
728	320	1023	90	90	880580412
723	325	1023	90	90	880580423
718	330	1023	90	90	880580434
712	335	1023	90	90	880580444
706	341	1023	90	90	880580455
699	346	1023	90	90	880580466
692	352	1023	90	90	880580477
686	358	1023	90	90	880580487
680	364	1023	90	90	880580498
674	370	1023	90	90	880580509
669	376	1023	90	90	880580520
664	382	1023	90	90	880580530
659	387	1023	90	90	880580541
656	391	1023	90	90	880580552
652	394	1023	90	90	880580563
649	397	311	90	90	880580584
4
1
286	553	0	90	90	880581400
124
272	562	870	90	90	880581599
273	560	926	90	90	880581610
273	558	932	90	90	880581621
273	554	942	90	90	880581631
274	549	954	90	90	880581642
274	544	964	90	90	880581653
274	537	958	90	90	880581664
274	529	948	90	90	880581674
274	519	960	90	90	880581685
273	508	966	90	90	880581696
272	497	966	90	90	880581707
270	484	984	90	90	880581717
267	471	984	90	90	880581728
265	459	1010	90	90	880581739
263	447	1023	90	90	880581750
261	437	1023	90	90	880581760
260	429	1023	90	90	880581771
259	423	1023	90	90	880581782
259	419	1023	90	90	880581793
259	417	1023	90	90	880581803
259	416	1023	90	90	880581814
259	415	1023	90	90	880581825
260	414	1023	90	90	880581836
262	413	1023	90	90	880581846
264	413	1023	90	90	880581857
267	413	1023	90	90	880581868
272	413	1023	90	90	880581879
277	414	1023	90	90	880581889
284	415	1023	90	90	880581900
293	417	1023	90	90	880581911
302	418	1023	90	90	880581922
313	419	1023	90	90	880581932
326	419	1023	90	90	880581943
339	419	1023	90	90	880581954
353	419	1023	90	90	880581965
369	418	1023	90	90	880581975
387	417	1023	90	90	880581986
405	416	1023	90	90	880581997
425	415	1023	90	90	880582008
445	415	1023	90	90	880582018
467	414	1023	90	90	880582029
489	413	1023	90	90	880582040
511	412	1023	90	90	880582051
534	411	1023	90	90	880582061
558	410	1023	90	90	880582072
581	409	1023	90	90	880582083
603	409	1023	90	90	880582094
625	409	1023	90	90	880582104
646	408	1023	90	90	880582115
665	408	1023	90	90	880582126
683	408	1023	90	90	880582137
699	408	1023	90	90	880582147
713	407	1023	90	90	880582158
725	407	1023	90	90	880582169
735	407	1023	90	90	880582180
744	407	1023	90	90	880582190
751	407	1023	90	90	880582201
757	408	1023	90	90	880582212
762	409	1023	90	90	880582223
765	410	1023	90	90	880582233
768	411	1023	90	90	880582244
770	413	1023	90	90	880582255
771	415	1023	90	90	880582266
771	419	1023	90	90	880582276
771	423	1023	90	90	880582287
771	428	1023	90	90	880582298
771	435	1023	90	90	880582309
770	442	1023	90	90	880582319
770	451	1023	90	90	880582330
769	460	1023	90	90	880582341
769	470	1023	90	90	880582352
769	481	1023	90	90	880582362
769	492	1023	90	90	880582373
769	503	1023	90	90	880582384
769	514	1023	90	90	880582395
769	523	1023	90	90	880582405
769	532	1023	90	90	880582416
768	540	1023	90	90	880582427
767	546	1023	90	90	880582438
766	551	1023	90	90	880582448
764	554	1023	90	90	880582459
763	557	1023	90	90	880582470
762	559	1023	90	90	880582481
761	560	1023	90	90	880582491
760	562	1023	90	90	880582502
758	563	1023	90	90	880582513
757	564	1023	90	90	880582524
756	565	1023	90	90	880582534
754	566	1023	90	90	880582545
752	566	1023	90	90	880582556
750	566	1023	90	90	880582567
746	567	1023	90	90	880582577
741	567	1023	90	90	880582588
735	567	1023	90	90	880582599
727	567	1023	90	90	880582610
718	567	1023	90	90	880582620
707	567	1023	90	90	880582631
695	567	1023	90	90	880582642
681	567	1023	90	90	880582653
666	567	1023	90	90	880582663
649	567	1023	90	90	880582674
631	567	1023	90	90	880582685
612	567	1023	90	90	880582696
592	567	1023	90	90	880582706
572	567	1023	90	90	880582717
551	567	1023	90	90	880582728
530	568	1023	90	90	880582739
508	568	1023	90	90	880582749
486	569	1023	90	90	880582760
463	569	1023	90	90	880582771
441	569	1023	90	90	880582782
419	569	1023	90	90	880582792
397	569	1023	90	90	880582803
375	568	1023	90	90	880582814
355	567	1023	90	90	880582825
336	567	1023	90	90	880582835
318	566	1023	90	90	880582846
302	564	1023	90	90	880582857
288	563	1023	90	90	880582868
276	563	1023	90	90	880582878
267	562	1023	90	90	880582889
259	562	1023	90	90	880582900
255	562	1023	90	90	880582911
251	562	274	90	90	880582932
56
386	414	862	90	90	880583453
384	413	866	90	90	880583463
383	411	886	90	90	880583474
382	409	904	90	90	880583485
379	406	894	90	90	880583496
376	401	894	90	90	880583506
373	396	900	90	90	880583517
368	390	914	90	90	880583528
363	384	920	90	90	880583539
357	377	918	90	90	880583549
351	370	918	90	90	880583560
345	364	924	90	90	880583571
340	359	942	90	90	880583582
335	354	940	90	90	880583592
331	350	958	90	90	880583603
328	347	978	90	90	880583614
326	345	978	90	90	880583625
325	345	994	90	90	880583657
327	345	1002	90	90	880583668
330	345	1004	90	90	880583678
334	346	1008	90	90	880583689
338	347	1008	90	90	880583700
344	348	1010	90	90	880583711
351	349	1016	90	90	880583721
358	350	1023	90	90	880583732
367	351	1023	90	90	880583743
376	351	1023	90	90	880583754
386	352	1023	90	90	880583764
395	353	1023	90	90	880583775
404	354	1023	90	90	880583786
413	355	1023	90	90	880583797
421	356	1023	90	90	880583807
429	357	1023	90	90	880583818
436	358	1023	90	90	880583829
442	359	1023	90	90	880583840
446	360	1023	90	90	880583850
449	362	1023	90	90	880583861
451	363	1023	90	90	880583872
451	364	1023	90	90	880583883
451	366	1023	90	90	880583893
449	369	1023	90	90	880583904
445	372	1023	90	90	880583915
441	375	1023	90	90	880583926
436	380	1023	90	90	880583936
431	384	1023	90	90	880583947
425	388	1023	90	90	880583958
419	392	1023	90	90	880583969
413	397	1023	90	90	880583979
408	401	1023	90	90	880583990
403	405	1023	90	90	880584001
398	408	1023	90	90	880584012
393	411	1023	90	90	880584022
389	413	1023	90	90	880584033
386	415	1023	90	90	880584044
384	416	992	90	90	880584055
383	416	366	90	90	880584087
56
638	409	925	90	90	880584541
637	406	982	90	90	880584552
635	403	986	90	90	880584563
632	399	1010	90	90	880584574
629	395	1023	90	90	880584584
624	389	1023	90	90	880584595
619	384	1023	90	90	880584606
613	377	1023	90	90	880584617
605	370	1023	90	90	880584627
597	363	1023	90	90	880584638
589	355	1023	90	90	880584649
581	348	1023	90	90	880584660
574	342	1023	90	90	880584670
569	337	1023	90	90	880584681
565	332	1023	90	90	880584692
562	330	1023	90	90	880584703
561	328	1023	90	90	880584724
561	327	1023	90	90	880584735
564	327	1023	90	90	880584746
567	327	1023	90	90	880584756
572	327	1023	90	90	880584767
577	327	1023	90	90	880584778
584	327	1023	90	90	880584789
593	327	1023	90	90	880584799
602	327	1023	90	90	880584810
613	328	1023	90	90	880584821
624	328	1023	90	90	880584832
635	328	1023	90	90	880584842
647	329	1023	90	90	880584853
659	330	1023	90	90	880584864
670	331	1023	90	90	880584875
680	331	1023	90	90	880584885
689	332	1023	90	90	880584896
697	332	1023	90	90	880584907
703	332	1023	90	90	880584918
709	332	1023	90	90	880584928
713	333	1023	90	90	880584939
716	333	1023	90	90	880584950
717	334	1023	90	90	880584961
717	335	1023	90	90	880584971
717	336	1023	90	90	880584982
715	338	1023	90	90	880584993
713	340	1023	90	90	880585004
710	344	1023	90	90	880585014
706	347	1023	90	90	880585025
702	352	1023	90	90	880585036
697	357	1023	90	90	880585047
691	363	1023	90	90	880585057
685	368	1023	90	90	880585068
679	374	1023	90	90	880585079
672	380	1023	90	90	880585090
666	385	1023	90	90	880585100
660	391	1023	90	90	880585111
655	395	1023	90	90	880585122
650	400	1023	90	90	880585133
646	403	377	90	90	880585154
