6
1
509	558	0	90	90	880728072
57
466	587	314	90	90	880728281
453	586	564	90	90	880728291
445	585	542	90	90	880728302
436	583	542	90	90	880728313
427	579	548	90	90	880728324
416	574	570	90	90	880728334
405	568	608	90	90	880728345
393	561	616	90	90	880728356
381	553	628	90	90	880728367
369	544	638	90	90	880728377
357	533	646	90	90	880728388
346	520	690	90	90	880728399
335	506	760	90	90	880728410
326	490	822	90	90	880728420
318	474	850	90	90	880728431
313	457	872	90	90	880728442
309	439	904	90	90	880728453
308	422	918	90	90	880728463
310	404	934	90	90	880728474
315	387	952	90	90	880728485
321	371	966	90	90	880728496
331	356	984	90	90	880728506
342	343	980	90	90	880728517
356	331	998	90	90	880728528
371	320	1016	90	90	880728539
389	312	1023	90	90	880728549
407	305	1023	90	90	880728560
427	300	1023	90	90	880728571
448	299	1023	90	90	880728582
469	300	1023	90	90	880728592
490	303	1023	90	90	880728603
511	309	1023	90	90	880728614
531	318	1023	90	90	880728625
551	328	1023	90	90	880728635
569	339	1023	90	90	880728646
585	351	1023	90	90	880728657
599	364	1023	90	90	880728668
612	377	1023	90	90	880728678
622	391	1023	90	90	880728689
629	404	1023	90	90	880728700
634	418	1023	90	90	880728711
637	432	1023	90	90	880728721
637	446	1023	90	90	880728732
633	460	1023	90	90	880728743
628	474	1023	90	90	880728754
620	488	1023	90	90	880728764
612	501	1023	90	90	880728775
601	513	1023	90	90	880728786
590	525	1023	90	90	880728797
577	535	1023	90	90	880728807
564	545	1023	90	90	880728818
551	554	1023	90	90	880728829
537	561	1023	90	90	880728840
524	567	1023	90	90	880728850
512	571	1023	90	90	880728861
499	574	960	90	90	880728872
487	576	138	90	90	880728893
21
396	442	920	90	90	880729265
392	444	943	90	90	880729286
394	444	932	90	90	880729297
398	445	952	90	90	880729308
405	445	984	90	90	880729318
414	445	986	90	90	880729329
426	444	1004	90	90	880729340
439	444	1023	90	90	880729351
453	443	1023	90	90	880729361
467	443	1023	90	90	880729372
482	443	1023	90	90	880729383
496	443	1023	90	90	880729394
509	443	1023	90	90	880729404
520	443	1023	90	90	880729415
529	443	1023	90	90	880729426
535	443	1023	90	90	880729437
539	442	1023	90	90	880729447
541	442	1023	90	90	880729458
542	442	1023	90	90	880729480
541	442	942	90	90	880729490
540	444	207	90	90	880729512
28
504	485	902	90	90	880729688
507	484	976	90	90	880729699
510	483	978	90	90	880729709
515	481	980	90	90	880729720
520	478	986	90	90	880729731
526	475	998	90	90	880729742
533	471	998	90	90	880729752
540	467	996	90	90	880729763
547	464	1004	90	90	880729774
552	460	1016	90	90	880729785
558	456	1023	90	90	880729795
563	453	1023	90	90	880729806
566	450	1023	90	90	880729817
567	447	1023	90	90	880729828
567	444	1023	90	90	880729838
564	440	1023	90	90	880729849
559	435	1023	90	90	880729860
552	429	1023	90	90	880729871
544	423	1023	90	90	880729881
535	416	1023	90	90	880729892
527	410	1023	90	90	880729903
518	405	1023	90	90	880729914
511	400	1023	90	90	880729924
505	397	1023	90	90	880729935
501	396	1023	90	90	880729946
499	395	1023	90	90	880729957
498	395	1004	90	90	880729967
498	397	258	90	90	880729989
22
647	448	568	90	90	880730296
645	448	900	90	90	880730306
645	449	970	90	90	880730339
646	449	980	90	90	880730349
650	449	1014	90	90	880730360
656	449	1023	90	90	880730371
666	449	1023	90	90	880730382
678	449	1023	90	90	880730392
693	449	1023	90	90	880730403
709	450	1023	90	90	880730414
725	450	1023	90	90	880730425
743	451	1023	90	90	880730435
761	451	1023	90	90	880730446
779	452	1023	90	90	880730457
796	452	1023	90	90	880730468
812	452	1023	90	90	880730478
826	451	1023	90	90	880730489
838	450	1023	90	90	880730500
847	449	1023	90	90	880730511
852	449	1023	90	90	880730521
855	449	992	90	90	880730532
856	450	206	90	90	880730554
23
294	426	628	90	90	880731109
290	425	980	90	90	880731119
287	426	1020	90	90	880731130
283	428	1023	90	90	880731141
277	430	1023	90	90	880731152
269	432	1023	90	90	880731162
260	433	1023	90	90	880731173
249	434	1023	90	90	880731184
237	435	1023	90	90	880731195
223	435	1023	90	90	880731205
209	435	1023	90	90	880731216
195	435	1023	90	90	880731227
180	434	1023	90	90	880731238
166	433	1023	90	90	880731248
153	432	1023	90	90	880731259
141	432	1023	90	90	880731270
130	432	1023	90	90	880731281
122	432	1023	90	90	880731291
115	432	1023	90	90	880731302
109	433	1023	90	90	880731313
104	433	1023	90	90	880731324
102	434	1023	90	90	880731334
101	435	354	90	90	880731356
6
1
493	549	0	90	90	880732103
53
439	576	664	90	90	880732312
422	574	678	90	90	880732322
413	571	678	90	90	880732333
403	566	676	90	90	880732344
392	561	678	90	90	880732355
381	553	670	90	90	880732365
370	545	666	90	90	880732376
358	535	670	90	90	880732387
348	523	690	90	90	880732398
337	510	724	90	90	880732408
328	495	776	90	90	880732419
321	479	816	90	90	880732430
315	462	832	90	90	880732441
311	445	838	90	90	880732451
309	427	856	90	90	880732462
309	408	884	90	90	880732473
312	390	902	90	90	880732484
317	372	942	90	90	880732494
325	355	940	90	90	880732505
336	340	936	90	90	880732516
350	327	942	90	90	880732527
365	315	954	90	90	880732537
383	305	970	90	90	880732548
402	298	978	90	90	880732559
423	293	1014	90	90	880732570
445	290	1023	90	90	880732580
467	291	1023	90	90	880732591
489	294	1023	90	90	880732602
511	300	1023	90	90	880732613
531	309	1023	90	90	880732623
551	320	1023	90	90	880732634
569	333	1023	90	90	880732645
584	347	1023	90	90	880732656
597	362	1023	90	90	880732666
608	378	1023	90	90	880732677
616	395	1023	90	90	880732688
620	411	1023	90	90	880732699
621	428	1023	90	90	880732709
620	444	1023	90	90	880732720
616	460	1023	90	90	880732731
610	476	1023	90	90	880732742
603	493	1023	90	90	880732752
593	509	1023	90	90	880732763
582	524	1023	90	90	880732774
570	539	1023	90	90	880732785
555	551	1023	90	90	880732795
540	562	1023	90	90	880732806
522	570	1023	90	90	880732817
504	576	1023	90	90	880732828
486	579	1023	90	90	880732838
470	580	1023	90	90	880732849
455	580	990	90	90	880732860
443	580	221	90	90	880732881
19
411	436	944	90	90	880733260
415	436	966	90	90	880733271
419	436	990	90	90	880733282
425	435	1004	90	90	880733293
434	435	1023	90	90	880733303
444	435	1023	90	90	880733314
457	435	1023	90	90	880733325
472	436	1023	90	90	880733336
486	437	1023	90	90	880733346
499	438	1023	90	90	880733357
512	439	1023	90	90	880733368
523	440	1023	90	90	880733379
532	440	1023	90	90	880733389
540	440	1023	90	90	880733400
544	440	1023	90	90	880733411
547	440	1023	90	90	880733422
548	440	1020	90	90	880733454
547	442	830	90	90	880733465
545	444	89	90	90	880733486
31
506	476	464	90	90	880733625
505	476	982	90	90	880733657
506	476	978	90	90	880733668
509	475	984	90	90	880733678
512	474	984	90	90	880733689
517	472	984	90	90	880733700
523	470	986	90	90	880733711
530	467	996	90	90	880733721
537	465	1002	90	90	880733732
545	462	1014	90	90	880733743
552	459	1023	90	90	880733754
558	455	1023	90	90	880733764
564	453	1023	90	90	880733775
568	451	1023	90	90	880733786
571	449	1023	90	90	880733797
572	447	1023	90	90	880733807
571	444	1023	90	90	880733818
568	440	1023	90	90	880733829
562	436	1023	90	90	880733840
555	430	1023	90	90	880733850
546	424	1023	90	90	880733861
537	416	1023	90	90	880733872
527	408	1023	90	90	880733883
518	400	1023	90	90	880733893
510	394	1023	90	90	880733904
503	389	1023	90	90	880733915
499	386	1023	90	90	880733926
497	385	1023	90	90	880733936
496	386	1023	90	90	880733947
497	388	796	90	90	880733958
500	392	41	90	90	880733979
20
624	450	518	90	90	880734265
621	449	924	90	90	880734297
623	449	976	90	90	880734308
628	448	1023	90	90	880734318
635	448	1023	90	90	880734329
644	449	1023	90	90	880734340
656	450	1023	90	90	880734351
670	450	1023	90	90	880734361
684	451	1023	90	90	880734372
699	452	1023	90	90	880734383
714	452	1023	90	90	880734394
728	452	1023	90	90	880734404
741	452	1023	90	90	880734415
753	452	1023	90	90	880734426
763	451	1023	90	90	880734437
771	451	1023	90	90	880734447
777	451	1023	90	90	880734458
781	451	1023	90	90	880734469
783	452	966	90	90	880734480
783	454	125	90	90	880734501
25
300	429	748	90	90	880734984
296	427	896	90	90	880734994
294	427	948	90	90	880735005
292	427	1008	90	90	880735016
288	427	1023	90	90	880735027
283	427	1023	90	90	880735037
275	428	1023	90	90	880735048
266	429	1023	90	90	880735059
254	430	1023	90	90	880735070
240	430	1023	90	90	880735080
226	431	1023	90	90	880735091
210	431	1023	90	90	880735102
194	431	1023	90	90	880735113
177	431	1023	90	90	880735123
161	431	1023	90	90	880735134
146	430	1023	90	90	880735145
130	430	1023	90	90	880735156
115	430	1023	90	90	880735166
102	429	1023	90	90	880735177
90	429	1023	90	90	880735188
81	429	1023	90	90	880735199
74	429	1023	90	90	880735209
69	429	1023	90	90	880735220
66	429	978	90	90	880735231
65	429	202	90	90	880735252
6
1
508	473	0	90	90	880739603
48
489	509	827	90	90	880739775
477	513	832	90	90	880739786
472	514	824	90	90	880739797
467	514	818	90	90	880739808
461	512	828	90	90	880739818
454	510	822	90	90	880739829
447	506	822	90	90	880739840
439	500	816	90	90	880739851
432	493	818	90	90	880739861
424	484	826	90	90	880739872
417	474	866	90	90	880739883
411	462	896	90	90	880739894
406	449	906	90	90	880739904
403	436	920	90	90	880739915
403	423	938	90	90	880739926
405	410	932	90	90	880739937
409	398	942	90	90	880739947
416	385	954	90	90	880739958
424	374	970	90	90	880739969
435	364	990	90	90	880739980
448	356	1004	90	90	880739990
462	350	1023	90	90	880740001
477	347	1023	90	90	880740012
492	346	1023	90	90	880740023
508	347	1023	90	90	880740033
524	351	1023	90	90	880740044
540	357	1023	90	90	880740055
554	365	1023	90	90	880740066
566	373	1023	90	90	880740076
577	382	1023	90	90	880740087
586	392	1023	90	90	880740098
593	402	1023	90	90	880740109
599	413	1023	90	90	880740119
601	423	1023	90	90	880740130
602	434	1023	90	90	880740141
600	444	1023	90	90	880740152
596	454	1023	90	90	880740162
590	465	1023	90	90	880740173
582	475	1023	90	90	880740184
573	484	1023	90	90	880740195
563	493	1023	90	90	880740205
552	502	1023	90	90	880740216
540	508	1023	90	90	880740227
529	513	1023	90	90	880740238
517	516	1023	90	90	880740248
507	518	1023	90	90	880740259
497	518	984	90	90	880740270
488	516	304	90	90	880740291
19
455	430	638	90	90	880740656
453	429	994	90	90	880740677
454	429	978	90	90	880740688
457	429	1008	90	90	880740699
461	429	1023	90	90	880740709
467	428	1023	90	90	880740720
474	428	1023	90	90	880740731
483	427	1023	90	90	880740742
491	427	1023	90	90	880740752
499	427	1023	90	90	880740763
507	427	1023	90	90	880740774
513	427	1023	90	90	880740785
519	426	1023	90	90	880740795
523	426	1023	90	90	880740806
526	425	1023	90	90	880740817
528	425	1023	90	90	880740828
529	425	988	90	90	880740849
528	426	760	90	90	880740860
527	429	33	90	90	880740881
25
499	451	936	90	90	880741089
502	450	944	90	90	880741099
504	448	944	90	90	880741110
507	447	932	90	90	880741121
512	445	942	90	90	880741132
517	442	960	90	90	880741142
522	440	978	90	90	880741153
529	437	990	90	90	880741164
535	435	980	90	90	880741175
541	433	998	90	90	880741185
546	431	1010	90	90	880741196
549	429	1023	90	90	880741207
551	428	1023	90	90	880741218
551	426	1023	90	90	880741228
550	424	1023	90	90	880741239
546	421	1023	90	90	880741250
541	417	1023	90	90	880741261
533	412	1023	90	90	880741271
526	407	1023	90	90	880741282
518	402	1023	90	90	880741293
511	397	1023	90	90	880741304
506	393	1023	90	90	880741314
502	391	1023	90	90	880741325
500	390	1023	90	90	880741336
501	390	305	90	90	880741357
19
609	436	940	90	90	880741692
610	435	1008	90	90	880741703
612	435	1023	90	90	880741714
617	435	1023	90	90	880741724
625	436	1023	90	90	880741735
635	437	1023	90	90	880741746
648	437	1023	90	90	880741757
663	437	1023	90	90	880741767
679	438	1023	90	90	880741778
694	438	1023	90	90	880741789
709	438	1023	90	90	880741800
723	438	1023	90	90	880741810
735	437	1023	90	90	880741821
745	437	1023	90	90	880741832
753	437	1023	90	90	880741843
760	438	1023	90	90	880741853
764	439	1023	90	90	880741864
766	440	988	90	90	880741875
765	443	127	90	90	880741896
25
403	429	850	90	90	880742328
401	429	884	90	90	880742338
399	429	892	90	90	880742349
397	430	908	90	90	880742360
393	431	942	90	90	880742371
389	431	952	90	90	880742381
382	432	982	90	90	880742392
375	433	998	90	90	880742403
366	433	1023	90	90	880742414
356	433	1023	90	90	880742424
344	434	1023	90	90	880742435
330	434	1023	90	90	880742446
315	433	1023	90	90	880742457
300	432	1023	90	90	880742467
284	430	1023	90	90	880742478
268	429	1023	90	90	880742489
252	427	1023	90	90	880742500
238	426	1023	90	90	880742510
225	425	1023	90	90	880742521
214	424	1023	90	90	880742532
206	423	1023	90	90	880742543
200	422	1023	90	90	880742553
196	422	1023	90	90	880742564
193	422	1023	90	90	880742575
192	421	562	90	90	880742607
6
1
529	531	0	90	90	880743072
63
479	566	220	90	90	880743250
466	568	494	90	90	880743260
460	569	576	90	90	880743271
452	569	626	90	90	880743282
444	569	650	90	90	880743293
435	567	694	90	90	880743303
426	563	740	90	90	880743314
416	559	764	90	90	880743325
406	553	776	90	90	880743336
395	546	790	90	90	880743346
384	537	784	90	90	880743357
372	527	808	90	90	880743368
361	514	844	90	90	880743379
349	500	902	90	90	880743389
339	485	932	90	90	880743400
330	468	960	90	90	880743411
322	450	978	90	90	880743422
316	432	976	90	90	880743432
313	413	986	90	90	880743443
312	394	1002	90	90	880743454
314	374	1010	90	90	880743465
319	355	1020	90	90	880743475
326	336	1020	90	90	880743486
336	318	1023	90	90	880743497
349	302	1023	90	90	880743508
364	286	1023	90	90	880743518
381	273	1023	90	90	880743529
401	262	1023	90	90	880743540
423	253	1023	90	90	880743551
446	247	1023	90	90	880743561
469	243	1023	90	90	880743572
493	241	1023	90	90	880743583
518	241	1023	90	90	880743594
542	244	1023	90	90	880743604
565	249	1023	90	90	880743615
588	256	1023	90	90	880743626
609	265	1023	90	90	880743637
629	276	1023	90	90	880743647
647	288	1023	90	90	880743658
663	302	1023	90	90	880743669
677	316	1023	90	90	880743680
689	331	1023	90	90	880743690
698	348	1023	90	90	880743701
704	365	1023	90	90	880743712
707	384	1023	90	90	880743723
708	403	1023	90	90	880743733
707	422	1023	90	90	880743744
703	440	1023	90	90	880743755
697	457	1023	90	90	880743766
688	475	1023	90	90	880743776
678	491	1023	90	90	880743787
666	506	1023	90	90	880743798
653	520	1023	90	90	880743809
637	533	1023	90	90	880743819
620	544	1023	90	90	880743830
603	554	1023	90	90	880743841
584	561	1023	90	90	880743852
565	567	1023	90	90	880743862
546	571	1023	90	90	880743873
529	573	1023	90	90	880743884
514	574	1023	90	90	880743895
501	574	952	90	90	880743905
491	574	183	90	90	880743927
24
421	416	978	90	90	880744328
423	415	986	90	90	880744338
428	413	1002	90	90	880744349
434	412	1023	90	90	880744360
443	411	1023	90	90	880744371
452	409	1023	90	90	880744381
464	409	1023	90	90	880744392
476	408	1023	90	90	880744403
490	408	1023	90	90	880744414
504	408	1023	90	90	880744424
518	407	1023	90	90	880744435
531	407	1023	90	90	880744446
543	407	1023	90	90	880744457
554	407	1023	90	90	880744467
562	406	1023	90	90	880744478
569	406	1023	90	90	880744489
573	406	1023	90	90	880744500
576	406	1023	90	90	880744510
578	406	1023	90	90	880744521
579	406	1023	90	90	880744532
579	407	1023	90	90	880744543
577	408	1023	90	90	880744553
575	409	934	90	90	880744564
572	411	152	90	90	880744586
35
527	450	662	90	90	880744734
523	450	1023	90	90	880744744
522	451	1020	90	90	880744777
523	451	1002	90	90	880744787
526	449	996	90	90	880744798
530	447	992	90	90	880744809
535	445	998	90	90	880744820
541	441	1016	90	90	880744830
547	437	1023	90	90	880744841
555	433	1023	90	90	880744852
562	429	1023	90	90	880744863
570	426	1023	90	90	880744873
578	422	1023	90	90	880744884
586	419	1023	90	90	880744895
592	416	1023	90	90	880744906
598	413	1023	90	90	880744916
601	411	1023	90	90	880744927
603	408	1023	90	90	880744938
603	406	1023	90	90	880744949
602	403	1023	90	90	880744959
599	400	1023	90	90	880744970
594	396	1023	90	90	880744981
588	392	1023	90	90	880744992
580	388	1023	90	90	880745002
571	384	1023	90	90	880745013
561	380	1023	90	90	880745024
550	375	1023	90	90	880745035
539	371	1023	90	90	880745045
529	366	1023	90	90	880745056
520	362	1023	90	90	880745067
513	358	1023	90	90	880745078
509	356	1023	90	90	880745088
507	355	1023	90	90	880745099
507	356	994	90	90	880745110
509	358	176	90	90	880745131
19
709	419	966	90	90	880745494
710	419	1020	90	90	880745505
713	419	1023	90	90	880745516
719	418	1023	90	90	880745527
727	418	1023	90	90	880745537
736	418	1023	90	90	880745548
747	418	1023	90	90	880745559
759	418	1023	90	90	880745570
772	418	1023	90	90	880745580
786	418	1023	90	90	880745591
800	418	1023	90	90	880745602
814	417	1023	90	90	880745613
826	416	1023	90	90	880745623
837	415	1023	90	90	880745634
847	415	1023	90	90	880745645
854	415	1023	90	90	880745656
858	415	1023	90	90	880745666
860	415	884	90	90	880745677
858	416	69	90	90	880745699
24
303	408	820	90	90	880746250
301	408	1010	90	90	880746260
300	408	1023	90	90	880746271
298	408	1023	90	90	880746282
294	408	1023	90	90	880746293
288	409	1023	90	90	880746303
280	410	1023	90	90	880746314
269	410	1023	90	90	880746325
255	410	1023	90	90	880746336
240	409	1023	90	90	880746346
224	408	1023	90	90	880746357
207	406	1023	90	90	880746368
189	404	1023	90	90	880746379
172	402	1023	90	90	880746389
155	400	1023	90	90	880746400
140	398	1023	90	90	880746411
126	396	1023	90	90	880746422
115	395	1023	90	90	880746432
106	394	1023	90	90	880746443
100	393	1023	90	90	880746454
96	392	1023	90	90	880746465
94	392	1023	90	90	880746475
93	392	804	90	90	880746486
95	393	35	90	90	880746508
6
1
489	553	0	90	90	880750228
55
459	593	536	90	90	880750515
454	595	652	90	90	880750525
450	596	714	90	90	880750536
446	597	728	90	90	880750547
440	597	740	90	90	880750558
434	597	752	90	90	880750568
427	596	754	90	90	880750579
418	593	754	90	90	880750590
408	588	752	90	90	880750601
397	582	746	90	90	880750611
385	573	740	90	90	880750622
372	562	742	90	90	880750633
358	548	754	90	90	880750644
345	531	802	90	90	880750654
334	513	844	90	90	880750665
325	494	852	90	90	880750676
319	474	862	90	90	880750687
316	454	854	90	90	880750697
316	436	848	90	90	880750708
319	417	854	90	90	880750719
325	400	866	90	90	880750730
334	383	898	90	90	880750740
346	368	912	90	90	880750751
361	355	948	90	90	880750762
379	344	954	90	90	880750773
399	335	984	90	90	880750783
420	329	1004	90	90	880750794
443	326	1023	90	90	880750805
467	325	1023	90	90	880750816
490	326	1023	90	90	880750826
512	331	1023	90	90	880750837
533	339	1023	90	90	880750848
552	349	1023	90	90	880750859
569	361	1023	90	90	880750869
584	375	1023	90	90	880750880
597	391	1023	90	90	880750891
608	407	1023	90	90	880750902
615	425	1023	90	90	880750912
620	444	1023	90	90	880750923
622	463	1023	90	90	880750934
621	483	1023	90	90	880750945
617	501	1023	90	90	880750955
611	519	1023	90	90	880750966
601	535	1023	90	90	880750977
589	551	1023	90	90	880750988
575	564	1023	90	90	880750998
559	576	1023	90	90	880751009
542	585	1023	90	90	880751020
524	593	1023	90	90	880751031
506	598	1023	90	90	880751041
488	600	1023	90	90	880751052
470	600	1023	90	90	880751063
454	598	1023	90	90	880751074
442	596	946	90	90	880751084
434	595	130	90	90	880751106
22
398	458	942	90	90	880751468
393	456	970	90	90	880751478
393	457	982	90	90	880751489
395	457	994	90	90	880751500
400	458	1002	90	90	880751511
407	459	1023	90	90	880751521
416	459	1023	90	90	880751532
427	460	1023	90	90	880751543
439	460	1023	90	90	880751554
452	460	1023	90	90	880751564
466	460	1023	90	90	880751575
479	460	1023	90	90	880751586
491	460	1023	90	90	880751597
503	460	1023	90	90	880751607
513	460	1023	90	90	880751618
522	460	1023	90	90	880751629
527	459	1023	90	90	880751640
530	459	1023	90	90	880751650
532	458	1023	90	90	880751661
532	457	1023	90	90	880751683
532	458	752	90	90	880751693
530	461	20	90	90	880751715
29
496	501	984	90	90	880751828
490	501	998	90	90	880751860
491	500	998	90	90	880751871
494	498	1004	90	90	880751881
499	496	998	90	90	880751892
505	494	996	90	90	880751903
512	491	1004	90	90	880751914
520	488	1014	90	90	880751924
528	484	1023	90	90	880751935
535	480	1023	90	90	880751946
542	476	1023	90	90	880751957
549	473	1023	90	90	880751967
554	469	1023	90	90	880751978
558	466	1023	90	90	880751989
560	463	1023	90	90	880752000
560	460	1023	90	90	880752010
557	455	1023	90	90	880752021
552	450	1023	90	90	880752032
544	444	1023	90	90	880752043
535	438	1023	90	90	880752053
525	430	1023	90	90	880752064
515	423	1023	90	90	880752075
505	416	1023	90	90	880752086
497	410	1023	90	90	880752096
491	406	1023	90	90	880752107
487	405	1023	90	90	880752118
486	405	1023	90	90	880752129
486	407	914	90	90	880752139
488	410	106	90	90	880752161
20
622	463	778	90	90	880752437
620	464	908	90	90	880752447
621	464	982	90	90	880752458
624	464	1023	90	90	880752469
631	465	1023	90	90	880752480
642	467	1023	90	90	880752490
656	468	1023	90	90	880752501
671	470	1023	90	90	880752512
687	470	1023	90	90	880752523
702	471	1023	90	90	880752533
718	471	1023	90	90	880752544
733	470	1023	90	90	880752555
746	470	1023	90	90	880752566
759	469	1023	90	90	880752576
769	468	1023	90	90	880752587
778	467	1023	90	90	880752598
784	466	1023	90	90	880752609
788	466	1023	90	90	880752619
790	466	784	90	90	880752630
789	468	25	90	90	880752652
25
324	454	754	90	90	880753046
323	453	778	90	90	880753056
322	453	822	90	90	880753067
321	453	860	90	90	880753078
319	453	908	90	90	880753089
316	453	936	90	90	880753099
311	454	966	90	90	880753110
306	455	988	90	90	880753121
299	455	984	90	90	880753132
290	455	1004	90	90	880753142
279	455	1023	90	90	880753153
266	454	1023	90	90	880753164
251	452	1023	90	90	880753175
236	450	1023	90	90	880753185
220	448	1023	90	90	880753196
204	446	1023	90	90	880753207
189	443	1023	90	90	880753218
174	440	1023	90	90	880753228
160	437	1023	90	90	880753239
149	435	1023	90	90	880753250
140	433	1023	90	90	880753261
133	432	1023	90	90	880753271
128	431	1023	90	90	880753282
124	431	1023	90	90	880753293
122	431	489	90	90	880753325
6
1
495	519	0	90	90	880754072
53
479	540	304	90	90	880754234
473	544	552	90	90	880754244
469	546	588	90	90	880754255
464	548	644	90	90	880754266
459	548	668	90	90	880754277
452	548	672	90	90	880754287
444	547	698	90	90	880754298
435	544	734	90	90	880754309
425	541	758	90	90	880754320
416	536	772	90	90	880754330
405	530	788	90	90	880754341
394	521	818	90	90	880754352
384	511	872	90	90	880754363
375	499	902	90	90	880754373
366	484	938	90	90	880754384
360	469	936	90	90	880754395
355	451	958	90	90	880754406
353	432	976	90	90	880754416
354	413	988	90	90	880754427
358	395	978	90	90	880754438
365	376	980	90	90	880754449
375	360	978	90	90	880754459
389	344	984	90	90	880754470
405	331	1014	90	90	880754481
424	320	1023	90	90	880754492
445	313	1023	90	90	880754502
467	307	1023	90	90	880754513
489	305	1023	90	90	880754524
512	305	1023	90	90	880754535
535	309	1023	90	90	880754545
556	315	1023	90	90	880754556
576	325	1023	90	90	880754567
594	337	1023	90	90	880754578
610	350	1023	90	90	880754588
623	364	1023	90	90	880754599
633	380	1023	90	90	880754610
640	396	1023	90	90	880754621
643	413	1023	90	90	880754631
643	430	1023	90	90	880754642
640	448	1023	90	90	880754653
634	465	1023	90	90	880754664
625	482	1023	90	90	880754674
614	497	1023	90	90	880754685
600	511	1023	90	90	880754696
585	522	1023	90	90	880754707
569	532	1023	90	90	880754717
551	540	1023	90	90	880754728
532	544	1023	90	90	880754739
514	548	1023	90	90	880754750
497	550	1023	90	90	880754760
483	551	1023	90	90	880754771
471	551	832	90	90	880754782
461	552	52	90	90	880754803
20
450	433	862	90	90	880755125
442	432	926	90	90	880755135
441	432	985	90	90	880755168
444	432	1023	90	90	880755178
449	431	1023	90	90	880755189
455	431	1023	90	90	880755200
464	430	1023	90	90	880755211
475	430	1023	90	90	880755221
487	430	1023	90	90	880755232
500	430	1023	90	90	880755243
512	430	1023	90	90	880755254
523	430	1023	90	90	880755264
534	429	1023	90	90	880755275
543	428	1023	90	90	880755286
550	427	1023	90	90	880755297
555	426	1023	90	90	880755307
558	425	1023	90	90	880755318
560	424	1023	90	90	880755350
560	426	862	90	90	880755361
559	429	74	90	90	880755383
30
509	468	658	90	90	880755531
507	468	1009	90	90	880755552
508	468	1002	90	90	880755563
510	466	998	90	90	880755574
514	465	1002	90	90	880755584
519	463	1002	90	90	880755595
525	460	998	90	90	880755606
532	457	1004	90	90	880755617
540	455	1014	90	90	880755627
547	452	1023	90	90	880755638
555	448	1023	90	90	880755649
562	445	1023	90	90	880755660
568	441	1023	90	90	880755670
572	438	1023	90	90	880755681
575	435	1023	90	90	880755692
575	432	1023	90	90	880755703
574	428	1023	90	90	880755713
570	425	1023	90	90	880755724
564	420	1023	90	90	880755735
555	415	1023	90	90	880755746
546	409	1023	90	90	880755756
535	403	1023	90	90	880755767
525	397	1023	90	90	880755778
515	390	1023	90	90	880755789
506	385	1023	90	90	880755799
500	380	1023	90	90	880755810
494	377	1023	90	90	880755821
492	376	1023	90	90	880755832
491	376	1008	90	90	880755842
493	379	276	90	90	880755864
22
639	435	782	90	90	880756156
637	435	950	90	90	880756177
638	435	1023	90	90	880756188
640	436	1023	90	90	880756199
646	436	1023	90	90	880756209
655	437	1023	90	90	880756220
667	438	1023	90	90	880756231
682	438	1023	90	90	880756242
697	439	1023	90	90	880756252
713	440	1023	90	90	880756263
731	440	1023	90	90	880756274
748	440	1023	90	90	880756285
766	440	1023	90	90	880756295
782	440	1023	90	90	880756306
798	440	1023	90	90	880756317
812	439	1023	90	90	880756328
823	438	1023	90	90	880756338
832	437	1023	90	90	880756349
838	436	1023	90	90	880756360
842	436	1023	90	90	880756371
843	436	936	90	90	880756381
842	437	108	90	90	880756403
25
365	428	902	90	90	880756844
363	428	926	90	90	880756855
360	427	932	90	90	880756865
356	427	960	90	90	880756876
350	426	986	90	90	880756887
343	426	1023	90	90	880756898
334	425	1023	90	90	880756908
323	425	1023	90	90	880756919
310	424	1023	90	90	880756930
296	423	1023	90	90	880756941
280	422	1023	90	90	880756951
264	421	1023	90	90	880756962
246	420	1023	90	90	880756973
229	419	1023	90	90	880756984
212	417	1023	90	90	880756994
196	416	1023	90	90	880757005
180	415	1023	90	90	880757016
167	414	1023	90	90	880757027
155	413	1023	90	90	880757037
145	413	1023	90	90	880757048
136	412	1023	90	90	880757059
129	411	1023	90	90	880757070
124	411	1023	90	90	880757080
121	411	896	90	90	880757091
120	410	138	90	90	880757113
6
1
513	521	0	90	90	880757713
53
492	541	520	90	90	880757812
481	543	844	90	90	880757822
474	544	842	90	90	880757833
467	546	830	90	90	880757844
459	546	814	90	90	880757855
450	546	794	90	90	880757865
440	544	770	90	90	880757876
430	540	764	90	90	880757887
419	535	758	90	90	880757898
407	528	758	90	90	880757908
395	519	794	90	90	880757919
384	508	820	90	90	880757930
373	495	836	90	90	880757941
364	481	874	90	90	880757951
356	465	900	90	90	880757962
351	448	920	90	90	880757973
347	430	930	90	90	880757984
345	411	944	90	90	880757994
346	392	946	90	90	880758005
351	374	958	90	90	880758016
358	356	960	90	90	880758027
368	341	966	90	90	880758037
381	327	982	90	90	880758048
396	316	980	90	90	880758059
414	307	1010	90	90	880758070
434	301	1023	90	90	880758080
455	298	1023	90	90	880758091
477	297	1023	90	90	880758102
498	298	1023	90	90	880758113
519	302	1023	90	90	880758123
540	309	1023	90	90	880758134
559	318	1023	90	90	880758145
576	330	1023	90	90	880758156
591	345	1023	90	90	880758166
604	360	1023	90	90	880758177
615	377	1023	90	90	880758188
623	395	1023	90	90	880758199
628	413	1023	90	90	880758209
631	431	1023	90	90	880758220
630	448	1023	90	90	880758231
626	465	1023	90	90	880758242
619	481	1023	90	90	880758252
610	496	1023	90	90	880758263
597	509	1023	90	90	880758274
582	520	1023	90	90	880758285
565	530	1023	90	90	880758295
548	537	1023	90	90	880758306
530	543	1023	90	90	880758317
514	547	1023	90	90	880758328
498	550	1023	90	90	880758338
485	552	1023	90	90	880758349
474	553	896	90	90	880758360
466	554	74	90	90	880758381
25
443	425	306	90	90	880758718
431	424	610	90	90	880758728
426	424	708	90	90	880758739
424	424	798	90	90	880758750
423	424	876	90	90	880758771
424	424	926	90	90	880758782
428	424	972	90	90	880758793
434	424	1010	90	90	880758804
443	424	1023	90	90	880758814
454	424	1023	90	90	880758825
467	424	1023	90	90	880758836
481	424	1023	90	90	880758847
496	423	1023	90	90	880758857
510	423	1023	90	90	880758868
524	422	1023	90	90	880758879
538	422	1023	90	90	880758890
550	422	1023	90	90	880758900
561	422	1023	90	90	880758911
570	422	1023	90	90	880758922
577	421	1023	90	90	880758933
582	421	1023	90	90	880758943
585	421	1023	90	90	880758954
586	421	1023	90	90	880758986
584	421	1023	90	90	880758997
579	423	321	90	90	880759019
31
530	466	666	90	90	880759140
529	465	1015	90	90	880759161
532	465	1008	90	90	880759172
535	464	998	90	90	880759183
539	462	984	90	90	880759193
544	459	976	90	90	880759204
550	456	994	90	90	880759215
557	453	994	90	90	880759226
565	449	976	90	90	880759236
574	446	998	90	90	880759247
583	442	1023	90	90	880759258
591	438	1023	90	90	880759269
599	435	1023	90	90	880759279
607	432	1023	90	90	880759290
613	428	1023	90	90	880759301
616	425	1023	90	90	880759312
617	422	1023	90	90	880759322
616	419	1023	90	90	880759333
613	414	1023	90	90	880759344
606	410	1023	90	90	880759355
599	405	1023	90	90	880759365
589	399	1023	90	90	880759376
579	393	1023	90	90	880759387
568	387	1023	90	90	880759398
558	381	1023	90	90	880759408
549	376	1023	90	90	880759419
542	372	1023	90	90	880759430
537	370	1023	90	90	880759441
535	369	1023	90	90	880759451
534	369	1023	90	90	880759462
535	372	260	90	90	880759484
20
634	433	570	90	90	880759828
634	431	844	90	90	880759838
635	430	908	90	90	880759849
639	430	978	90	90	880759860
646	430	1023	90	90	880759871
655	429	1023	90	90	880759881
667	429	1023	90	90	880759892
681	430	1023	90	90	880759903
696	431	1023	90	90	880759914
711	431	1023	90	90	880759924
727	432	1023	90	90	880759935
742	432	1023	90	90	880759946
756	432	1023	90	90	880759957
769	432	1023	90	90	880759967
781	432	1023	90	90	880759978
791	431	1023	90	90	880759989
799	430	1023	90	90	880760000
805	430	1023	90	90	880760010
809	430	1023	90	90	880760021
811	431	214	90	90	880760043
25
346	416	286	90	90	880760421
347	416	591	90	90	880760453
346	417	792	90	90	880760464
344	417	842	90	90	880760474
341	418	908	90	90	880760485
337	419	954	90	90	880760496
333	419	998	90	90	880760507
326	419	1023	90	90	880760517
317	419	1023	90	90	880760528
306	419	1023	90	90	880760539
292	419	1023	90	90	880760550
277	418	1023	90	90	880760560
260	418	1023	90	90	880760571
242	417	1023	90	90	880760582
224	416	1023	90	90	880760593
206	415	1023	90	90	880760603
188	414	1023	90	90	880760614
172	413	1023	90	90	880760625
156	413	1023	90	90	880760636
143	413	1023	90	90	880760646
132	413	1023	90	90	880760657
122	413	1023	90	90	880760668
115	413	1023	90	90	880760679
110	412	1023	90	90	880760689
107	411	281	90	90	880760711
6
1
449	585	0	90	90	880768306
53
442	579	618	90	90	880768640
435	582	728	90	90	880768650
431	583	764	90	90	880768661
426	584	766	90	90	880768672
420	583	758	90	90	880768683
413	582	754	90	90	880768693
406	580	760	90	90	880768704
397	576	746	90	90	880768715
388	570	748	90	90	880768726
378	563	754	90	90	880768736
367	555	746	90	90	880768747
356	544	754	90	90	880768758
346	531	766	90	90	880768769
337	517	796	90	90	880768779
329	502	844	90	90	880768790
324	484	874	90	90	880768801
320	467	892	90	90	880768812
320	449	892	90	90	880768822
322	432	896	90	90	880768833
327	414	908	90	90	880768844
335	398	894	90	90	880768855
346	383	892	90	90	880768865
358	370	894	90	90	880768876
373	358	906	90	90	880768887
390	348	920	90	90	880768898
409	341	932	90	90	880768908
430	336	948	90	90	880768919
451	333	976	90	90	880768930
472	333	980	90	90	880768941
492	336	1014	90	90	880768951
512	340	1023	90	90	880768962
531	348	1023	90	90	880768973
548	357	1023	90	90	880768984
564	369	1023	90	90	880768994
578	382	1023	90	90	880769005
590	396	1023	90	90	880769016
600	411	1023	90	90	880769027
606	426	1023	90	90	880769037
611	442	1023	90	90	880769048
612	458	1023	90	90	880769059
610	475	1023	90	90	880769070
605	491	1023	90	90	880769080
598	507	1023	90	90	880769091
589	521	1023	90	90	880769102
577	535	1023	90	90	880769113
564	546	1023	90	90	880769123
548	556	1023	90	90	880769134
531	564	1023	90	90	880769145
514	569	1023	90	90	880769156
496	572	1023	90	90	880769166
480	574	1023	90	90	880769177
466	575	992	90	90	880769188
454	575	284	90	90	880769209
19
425	460	862	90	90	880769593
422	461	905	90	90	880769625
423	462	906	90	90	880769636
426	463	906	90	90	880769646
431	464	906	90	90	880769657
437	464	902	90	90	880769668
445	464	908	90	90	880769679
454	464	914	90	90	880769689
465	463	936	90	90	880769700
476	463	948	90	90	880769711
488	463	984	90	90	880769722
500	464	992	90	90	880769732
511	465	1014	90	90	880769743
521	465	1023	90	90	880769754
529	465	1023	90	90	880769765
535	465	1023	90	90	880769775
540	465	1023	90	90	880769786
543	464	1014	90	90	880769797
544	464	545	90	90	880769840
29
495	498	760	90	90	880769978
492	498	926	90	90	880770011
494	496	938	90	90	880770021
496	495	932	90	90	880770032
500	493	942	90	90	880770043
504	490	966	90	90	880770054
509	487	988	90	90	880770064
514	484	980	90	90	880770075
520	482	992	90	90	880770086
526	479	1008	90	90	880770097
532	477	1020	90	90	880770107
537	475	1023	90	90	880770118
542	473	1023	90	90	880770129
546	470	1023	90	90	880770140
549	468	1023	90	90	880770150
550	466	1023	90	90	880770161
550	464	1023	90	90	880770172
548	461	1023	90	90	880770183
544	457	1023	90	90	880770193
538	453	1023	90	90	880770204
532	449	1023	90	90	880770215
525	444	1023	90	90	880770226
517	439	1023	90	90	880770236
510	435	1023	90	90	880770247
504	431	1023	90	90	880770258
499	428	1023	90	90	880770269
496	426	1023	90	90	880770279
495	426	936	90	90	880770301
498	428	134	90	90	880770322
21
611	461	832	90	90	880770630
613	461	1023	90	90	880770641
615	462	1023	90	90	880770652
619	463	1023	90	90	880770662
626	464	1023	90	90	880770673
634	465	1023	90	90	880770684
644	466	1023	90	90	880770695
657	467	1023	90	90	880770705
670	468	1023	90	90	880770716
684	469	1023	90	90	880770727
699	470	1023	90	90	880770738
714	470	1023	90	90	880770748
728	470	1023	90	90	880770759
741	469	1023	90	90	880770770
752	469	1023	90	90	880770781
763	468	1023	90	90	880770791
771	468	1023	90	90	880770802
778	467	1023	90	90	880770813
783	467	1023	90	90	880770824
785	468	878	90	90	880770834
785	469	71	90	90	880770856
20
316	454	538	90	90	880771312
312	455	868	90	90	880771322
308	456	902	90	90	880771333
303	458	936	90	90	880771344
296	460	972	90	90	880771355
289	463	1010	90	90	880771365
281	465	1023	90	90	880771376
271	467	1023	90	90	880771387
259	469	1023	90	90	880771398
247	471	1023	90	90	880771408
233	473	1023	90	90	880771419
219	473	1023	90	90	880771430
205	473	1023	90	90	880771441
191	473	1023	90	90	880771451
178	473	1023	90	90	880771462
166	473	1023	90	90	880771473
156	472	1023	90	90	880771484
147	471	1023	90	90	880771494
141	469	998	90	90	880771505
136	469	319	90	90	880771527
6
1
462	565	0	90	90	880778166
68
455	566	588	90	90	880778281
452	567	636	90	90	880778291
450	568	664	90	90	880778302
449	569	678	90	90	880778313
448	571	670	90	90	880778324
446	573	666	90	90	880778334
444	575	676	90	90	880778345
443	577	700	90	90	880778356
440	579	734	90	90	880778367
437	581	782	90	90	880778377
433	582	814	90	90	880778388
427	582	832	90	90	880778399
422	582	860	90	90	880778410
415	582	862	90	90	880778420
407	580	874	90	90	880778431
397	577	886	90	90	880778442
387	573	892	90	90	880778453
376	567	898	90	90	880778463
364	560	892	90	90	880778474
352	551	892	90	90	880778485
341	540	896	90	90	880778496
330	528	896	90	90	880778506
321	514	902	90	90	880778517
313	499	904	90	90	880778528
306	482	904	90	90	880778539
301	465	900	90	90	880778549
297	447	938	90	90	880778560
297	428	958	90	90	880778571
298	410	988	90	90	880778582
303	393	976	90	90	880778592
310	377	980	90	90	880778603
319	362	998	90	90	880778614
330	347	1008	90	90	880778625
344	334	1014	90	90	880778635
360	322	1023	90	90	880778646
377	313	1023	90	90	880778657
397	305	1023	90	90	880778668
417	299	1023	90	90	880778678
439	296	1023	90	90	880778689
460	295	1023	90	90	880778700
481	296	1023	90	90	880778711
502	300	1023	90	90	880778721
522	306	1023	90	90	880778732
541	315	1023	90	90	880778743
558	325	1023	90	90	880778754
572	337	1023	90	90	880778764
585	350	1023	90	90	880778775
595	364	1023	90	90	880778786
603	378	1023	90	90	880778797
608	394	1023	90	90	880778807
610	409	1023	90	90	880778818
610	425	1023	90	90	880778829
608	441	1023	90	90	880778840
604	458	1023	90	90	880778850
598	474	1023	90	90	880778861
591	490	1023	90	90	880778872
582	506	1023	90	90	880778883
572	520	1023	90	90	880778893
559	532	1023	90	90	880778904
545	543	1023	90	90	880778915
529	551	1023	90	90	880778926
513	557	1023	90	90	880778936
497	560	1023	90	90	880778947
482	563	1023	90	90	880778958
469	564	1023	90	90	880778969
458	564	1023	90	90	880778979
448	564	856	90	90	880778990
441	564	50	90	90	880779012
20
407	439	808	90	90	880779359
398	438	842	90	90	880779369
397	438	932	90	90	880779402
400	438	982	90	90	880779412
407	438	986	90	90	880779423
415	438	1004	90	90	880779434
425	438	1014	90	90	880779445
436	438	1020	90	90	880779455
448	438	1023	90	90	880779466
460	438	1023	90	90	880779477
472	438	1023	90	90	880779488
483	438	1023	90	90	880779498
494	439	1023	90	90	880779509
503	439	1023	90	90	880779520
511	439	1023	90	90	880779531
516	439	1023	90	90	880779541
520	438	1023	90	90	880779552
522	438	1023	90	90	880779563
523	437	978	90	90	880779595
520	439	155	90	90	880779617
30
489	474	580	90	90	880779718
481	475	930	90	90	880779728
479	475	954	90	90	880779739
478	475	974	90	90	880779771
479	475	964	90	90	880779782
481	473	960	90	90	880779793
485	470	958	90	90	880779804
490	468	960	90	90	880779814
496	465	972	90	90	880779825
503	461	990	90	90	880779836
510	457	996	90	90	880779847
517	454	1016	90	90	880779857
524	451	1023	90	90	880779868
530	448	1023	90	90	880779879
534	446	1023	90	90	880779890
538	443	1023	90	90	880779900
539	441	1023	90	90	880779911
539	438	1023	90	90	880779922
537	436	1023	90	90	880779933
534	432	1023	90	90	880779943
528	428	1023	90	90	880779954
520	423	1023	90	90	880779965
511	418	1023	90	90	880779976
502	412	1023	90	90	880779986
493	406	1023	90	90	880779997
486	401	1023	90	90	880780008
480	397	1023	90	90	880780019
476	394	1023	90	90	880780029
474	393	1013	90	90	880780051
476	396	245	90	90	880780072
20
612	445	644	90	90	880780375
611	444	998	90	90	880780396
614	444	1023	90	90	880780407
619	445	1023	90	90	880780418
627	446	1023	90	90	880780428
638	446	1023	90	90	880780439
650	447	1023	90	90	880780450
664	447	1023	90	90	880780461
678	447	1023	90	90	880780471
693	447	1023	90	90	880780482
708	447	1023	90	90	880780493
724	447	1023	90	90	880780504
739	447	1023	90	90	880780514
753	446	1023	90	90	880780525
765	446	1023	90	90	880780536
775	446	1023	90	90	880780547
783	446	1023	90	90	880780557
789	447	1023	90	90	880780568
791	447	816	90	90	880780579
791	448	41	90	90	880780600
23
294	437	568	90	90	880781031
292	436	930	90	90	880781041
290	436	990	90	90	880781052
287	436	1023	90	90	880781063
284	436	1023	90	90	880781074
278	438	1023	90	90	880781084
271	439	1023	90	90	880781095
261	440	1023	90	90	880781106
250	441	1023	90	90	880781117
237	441	1023	90	90	880781127
223	440	1023	90	90	880781138
207	438	1023	90	90	880781149
190	436	1023	90	90	880781160
173	433	1023	90	90	880781170
156	429	1023	90	90	880781181
140	426	1023	90	90	880781192
126	422	1023	90	90	880781203
112	419	1023	90	90	880781213
101	417	1023	90	90	880781224
92	415	1023	90	90	880781235
85	414	1023	90	90	880781246
81	413	1023	90	90	880781256
80	413	258	90	90	880781278
6
1
460	558	0	90	90	880792275
60
439	586	694	90	90	880792515
428	586	698	90	90	880792525
422	585	708	90	90	880792536
415	585	724	90	90	880792547
408	583	754	90	90	880792558
399	580	796	90	90	880792568
391	576	836	90	90	880792579
383	571	866	90	90	880792590
374	565	868	90	90	880792601
365	557	878	90	90	880792611
356	547	890	90	90	880792622
346	535	896	90	90	880792633
337	521	892	90	90	880792644
329	506	898	90	90	880792654
321	490	902	90	90	880792665
316	472	930	90	90	880792676
312	454	942	90	90	880792687
310	435	948	90	90	880792697
311	416	940	90	90	880792708
314	398	954	90	90	880792719
320	379	972	90	90	880792730
329	362	988	90	90	880792740
340	346	978	90	90	880792751
353	332	992	90	90	880792762
369	320	1016	90	90	880792773
386	310	1023	90	90	880792783
404	301	1023	90	90	880792794
424	295	1023	90	90	880792805
445	292	1023	90	90	880792816
465	290	1023	90	90	880792826
485	291	1023	90	90	880792837
504	295	1023	90	90	880792848
522	300	1023	90	90	880792859
540	308	1023	90	90	880792869
555	318	1023	90	90	880792880
569	330	1023	90	90	880792891
581	342	1023	90	90	880792902
591	355	1023	90	90	880792912
599	370	1023	90	90	880792923
605	384	1023	90	90	880792934
609	400	1023	90	90	880792945
610	416	1023	90	90	880792955
610	433	1023	90	90	880792966
608	449	1023	90	90	880792977
605	466	1023	90	90	880792988
600	483	1023	90	90	880792998
594	500	1023	90	90	880793009
586	515	1023	90	90	880793020
576	530	1023	90	90	880793031
565	545	1023	90	90	880793041
553	557	1023	90	90	880793052
540	568	1023	90	90	880793063
526	578	1023	90	90	880793074
511	586	1023	90	90	880793084
496	591	1023	90	90	880793095
481	595	1023	90	90	880793106
467	597	1023	90	90	880793117
454	597	1023	90	90	880793127
442	597	966	90	90	880793138
433	596	142	90	90	880793160
23
403	445	596	90	90	880793515
397	444	948	90	90	880793525
395	444	954	90	90	880793536
395	445	986	90	90	880793558
398	446	998	90	90	880793568
402	446	1020	90	90	880793579
409	447	1023	90	90	880793590
417	448	1023	90	90	880793601
426	449	1023	90	90	880793611
437	449	1023	90	90	880793622
449	450	1023	90	90	880793633
461	450	1023	90	90	880793644
473	450	1023	90	90	880793654
485	450	1023	90	90	880793665
496	451	1023	90	90	880793676
506	451	1023	90	90	880793687
515	451	1023	90	90	880793697
522	451	1023	90	90	880793708
528	452	1023	90	90	880793719
531	452	1023	90	90	880793730
533	452	1023	90	90	880793740
534	452	1023	90	90	880793773
532	453	304	90	90	880793794
32
485	487	664	90	90	880793937
480	488	1023	90	90	880793947
479	489	1023	90	90	880793980
480	489	1023	90	90	880793990
483	488	1023	90	90	880794001
486	487	1023	90	90	880794012
491	483	1023	90	90	880794023
496	480	1023	90	90	880794033
502	476	1023	90	90	880794044
508	472	1023	90	90	880794055
515	468	1023	90	90	880794066
522	465	1023	90	90	880794076
529	462	1023	90	90	880794087
535	459	1023	90	90	880794098
541	456	1023	90	90	880794109
545	453	1023	90	90	880794119
548	451	1023	90	90	880794130
549	449	1023	90	90	880794141
548	446	1023	90	90	880794152
545	443	1023	90	90	880794162
540	439	1023	90	90	880794173
534	435	1023	90	90	880794184
527	430	1023	90	90	880794195
519	425	1023	90	90	880794205
510	419	1023	90	90	880794216
502	414	1023	90	90	880794227
494	409	1023	90	90	880794238
488	405	1023	90	90	880794248
484	402	1023	90	90	880794259
481	401	1023	90	90	880794270
480	400	1023	90	90	880794281
481	401	364	90	90	880794302
20
601	448	930	90	90	880794609
604	448	972	90	90	880794619
610	449	1020	90	90	880794630
619	450	1023	90	90	880794641
631	451	1023	90	90	880794652
644	452	1023	90	90	880794662
658	453	1023	90	90	880794673
674	454	1023	90	90	880794684
690	454	1023	90	90	880794695
708	454	1023	90	90	880794705
725	454	1023	90	90	880794716
741	453	1023	90	90	880794727
756	452	1023	90	90	880794738
770	451	1023	90	90	880794748
782	450	1023	90	90	880794759
792	449	1023	90	90	880794770
800	449	1023	90	90	880794781
805	449	1023	90	90	880794791
807	449	887	90	90	880794813
801	452	0	90	90	880794834
23
302	429	828	90	90	880795296
298	429	896	90	90	880795306
296	430	960	90	90	880795317
293	430	1004	90	90	880795328
290	430	1023	90	90	880795339
284	430	1023	90	90	880795349
277	431	1023	90	90	880795360
267	431	1023	90	90	880795371
255	432	1023	90	90	880795382
242	432	1023	90	90	880795392
227	432	1023	90	90	880795403
211	432	1023	90	90	880795414
194	431	1023	90	90	880795425
176	430	1023	90	90	880795435
159	429	1023	90	90	880795446
142	427	1023	90	90	880795457
127	426	1023	90	90	880795468
114	426	1023	90	90	880795478
103	426	1023	90	90	880795489
95	426	1023	90	90	880795500
90	426	1023	90	90	880795511
86	426	1023	90	90	880795521
84	426	340	90	90	880795554
