6
1
449	506	0	90	90	881534244
47
464	529	314	90	90	881534453
458	532	714	90	90	881534463
454	532	724	90	90	881534474
450	532	740	90	90	881534485
445	532	746	90	90	881534496
439	531	746	90	90	881534506
433	528	746	90	90	881534517
425	522	746	90	90	881534528
418	515	746	90	90	881534539
409	506	746	90	90	881534549
400	494	730	90	90	881534560
391	480	728	90	90	881534571
382	463	764	90	90	881534582
376	443	818	90	90	881534592
372	422	874	90	90	881534603
372	400	900	90	90	881534614
375	378	926	90	90	881534625
381	358	948	90	90	881534635
390	342	936	90	90	881534646
403	329	964	90	90	881534657
418	319	990	90	90	881534668
436	313	986	90	90	881534678
455	309	1010	90	90	881534689
474	308	1023	90	90	881534700
494	310	1023	90	90	881534711
513	314	1023	90	90	881534721
530	321	1023	90	90	881534732
547	330	1023	90	90	881534743
562	342	1023	90	90	881534754
575	356	1023	90	90	881534764
586	371	1023	90	90	881534775
595	387	1023	90	90	881534786
601	404	1023	90	90	881534797
604	420	1023	90	90	881534807
604	436	1023	90	90	881534818
601	453	1023	90	90	881534829
596	469	1023	90	90	881534840
588	484	1023	90	90	881534850
578	499	1023	90	90	881534861
566	513	1023	90	90	881534872
553	524	1023	90	90	881534883
539	532	1023	90	90	881534893
524	537	1023	90	90	881534904
509	540	1023	90	90	881534915
494	540	1023	90	90	881534926
481	539	1023	90	90	881534936
468	538	300	90	90	881534958
21
604	426	442	90	90	881535796
602	426	793	90	90	881535817
604	427	872	90	90	881535828
608	428	914	90	90	881535839
615	429	964	90	90	881535849
624	430	984	90	90	881535860
637	431	1023	90	90	881535871
651	432	1023	90	90	881535882
666	432	1023	90	90	881535892
682	432	1023	90	90	881535903
699	432	1023	90	90	881535914
718	432	1023	90	90	881535925
736	432	1023	90	90	881535935
754	432	1023	90	90	881535946
771	433	1023	90	90	881535957
787	434	1023	90	90	881535968
803	434	1023	90	90	881535978
816	434	1023	90	90	881535989
826	434	1023	90	90	881536000
834	434	1008	90	90	881536011
837	436	282	90	90	881536032
20
369	423	434	90	90	881536500
361	423	816	90	90	881536510
357	423	862	90	90	881536521
352	424	920	90	90	881536532
346	424	970	90	90	881536543
338	425	1010	90	90	881536553
328	426	1023	90	90	881536564
316	427	1023	90	90	881536575
301	428	1023	90	90	881536586
284	428	1023	90	90	881536596
265	428	1023	90	90	881536607
246	427	1023	90	90	881536618
228	426	1023	90	90	881536629
210	424	1023	90	90	881536639
194	423	1023	90	90	881536650
180	420	1023	90	90	881536661
170	419	1023	90	90	881536672
163	418	1023	90	90	881536682
159	419	970	90	90	881536693
159	420	178	90	90	881536715
16
626	533	588	90	90	881537109
623	532	948	90	90	881537130
625	532	988	90	90	881537141
631	532	1008	90	90	881537152
639	532	1023	90	90	881537162
651	532	1023	90	90	881537173
665	533	1023	90	90	881537184
677	534	1023	90	90	881537195
689	535	1023	90	90	881537205
699	536	1023	90	90	881537216
707	537	1023	90	90	881537227
713	537	1023	90	90	881537238
717	538	1023	90	90	881537248
719	538	986	90	90	881537259
719	539	890	90	90	881537270
717	539	181	90	90	881537291
19
665	572	544	90	90	881537453
663	574	873	90	90	881537474
662	574	895	90	90	881537496
662	573	872	90	90	881537506
662	570	884	90	90	881537517
663	564	894	90	90	881537528
663	555	938	90	90	881537539
663	543	976	90	90	881537549
662	529	1014	90	90	881537560
661	513	1023	90	90	881537571
659	497	1023	90	90	881537582
657	482	1023	90	90	881537592
655	469	1023	90	90	881537603
653	458	1023	90	90	881537614
653	449	1023	90	90	881537625
653	441	1023	90	90	881537635
653	436	1023	90	90	881537646
653	433	948	90	90	881537657
654	432	186	90	90	881537678
6
1
495	501	0	90	90	881538416
46
467	537	600	90	90	881538609
450	530	622	90	90	881538619
442	524	668	90	90	881538630
433	517	700	90	90	881538641
424	507	754	90	90	881538652
415	495	786	90	90	881538662
406	482	816	90	90	881538673
399	468	826	90	90	881538684
394	454	822	90	90	881538695
389	438	826	90	90	881538705
387	421	852	90	90	881538716
387	404	896	90	90	881538727
388	385	924	90	90	881538738
392	366	958	90	90	881538748
399	346	988	90	90	881538759
409	328	986	90	90	881538770
421	313	998	90	90	881538781
436	302	1008	90	90	881538791
454	294	1023	90	90	881538802
473	290	1023	90	90	881538813
491	290	1023	90	90	881538824
511	293	1023	90	90	881538834
530	299	1023	90	90	881538845
548	307	1023	90	90	881538856
565	318	1023	90	90	881538867
580	331	1023	90	90	881538877
593	346	1023	90	90	881538888
604	363	1023	90	90	881538899
613	380	1023	90	90	881538910
618	397	1023	90	90	881538920
621	414	1023	90	90	881538931
620	432	1023	90	90	881538942
617	449	1023	90	90	881538953
612	466	1023	90	90	881538963
605	482	1023	90	90	881538974
595	497	1023	90	90	881538985
584	510	1023	90	90	881538996
570	521	1023	90	90	881539006
555	530	1023	90	90	881539017
538	537	1023	90	90	881539028
520	541	1023	90	90	881539039
503	542	1023	90	90	881539049
486	541	1023	90	90	881539060
470	539	1023	90	90	881539071
457	536	892	90	90	881539082
448	533	114	90	90	881539103
22
627	429	708	90	90	881539453
616	432	746	90	90	881539463
613	432	766	90	90	881539474
611	433	811	90	90	881539496
612	433	854	90	90	881539506
616	434	872	90	90	881539517
625	435	918	90	90	881539528
637	436	966	90	90	881539539
653	436	1002	90	90	881539549
672	436	1023	90	90	881539560
691	436	1023	90	90	881539571
711	436	1023	90	90	881539582
731	436	1023	90	90	881539592
750	436	1023	90	90	881539603
769	436	1023	90	90	881539614
786	435	1023	90	90	881539625
801	435	1023	90	90	881539635
813	435	1023	90	90	881539646
822	435	1023	90	90	881539657
828	435	1023	90	90	881539668
830	435	970	90	90	881539678
828	436	223	90	90	881539700
18
396	416	554	90	90	881540093
386	418	874	90	90	881540103
378	420	892	90	90	881540114
367	422	940	90	90	881540125
354	423	978	90	90	881540136
341	423	1023	90	90	881540146
326	423	1023	90	90	881540157
310	422	1023	90	90	881540168
293	422	1023	90	90	881540179
275	420	1023	90	90	881540189
257	419	1023	90	90	881540200
239	417	1023	90	90	881540211
222	415	1023	90	90	881540222
208	414	1023	90	90	881540232
196	413	1023	90	90	881540243
186	413	1023	90	90	881540254
179	413	906	90	90	881540265
175	414	104	90	90	881540286
14
644	540	813	90	90	881540666
638	539	1010	90	90	881540688
641	539	1020	90	90	881540699
647	539	1023	90	90	881540709
657	539	1023	90	90	881540720
670	539	1023	90	90	881540731
684	540	1023	90	90	881540742
698	541	1023	90	90	881540752
710	542	1023	90	90	881540763
721	543	1023	90	90	881540774
729	543	1023	90	90	881540785
735	544	1023	90	90	881540795
739	544	990	90	90	881540806
741	544	322	90	90	881540838
11
691	576	568	90	90	881541000
690	576	878	90	90	881541010
690	574	896	90	90	881541021
691	569	938	90	90	881541032
691	561	984	90	90	881541043
690	550	1023	90	90	881541053
689	536	1023	90	90	881541064
687	522	1023	90	90	881541075
685	509	1023	90	90	881541086
683	497	1020	90	90	881541096
683	488	309	90	90	881541118
6
1
518	503	0	90	90	881541463
37
507	508	692	90	90	881541609
500	508	730	90	90	881541619
495	507	788	90	90	881541630
490	506	828	90	90	881541641
484	504	854	90	90	881541652
478	500	874	90	90	881541662
471	496	890	90	90	881541673
465	489	902	90	90	881541684
458	479	894	90	90	881541695
452	467	900	90	90	881541705
446	453	914	90	90	881541716
443	437	936	90	90	881541727
443	420	936	90	90	881541738
446	404	954	90	90	881541748
452	389	970	90	90	881541759
461	377	984	90	90	881541770
472	369	984	90	90	881541781
486	363	1008	90	90	881541791
501	361	1023	90	90	881541802
516	361	1023	90	90	881541813
532	365	1023	90	90	881541824
546	371	1023	90	90	881541834
558	380	1023	90	90	881541845
568	392	1023	90	90	881541856
576	405	1023	90	90	881541867
581	419	1023	90	90	881541877
583	433	1023	90	90	881541888
583	447	1023	90	90	881541899
579	459	1023	90	90	881541910
574	471	1023	90	90	881541920
566	481	1023	90	90	881541931
557	490	1023	90	90	881541942
546	496	1023	90	90	881541953
534	500	1023	90	90	881541963
523	502	1023	90	90	881541974
512	503	1002	90	90	881541985
503	502	287	90	90	881542006
16
577	440	656	90	90	881542359
575	438	984	90	90	881542369
578	438	1008	90	90	881542380
585	438	1023	90	90	881542391
596	438	1023	90	90	881542402
612	438	1023	90	90	881542412
631	438	1023	90	90	881542423
653	438	1023	90	90	881542434
675	438	1023	90	90	881542445
698	438	1023	90	90	881542455
721	437	1023	90	90	881542466
742	436	1023	90	90	881542477
759	435	1023	90	90	881542488
774	435	1023	90	90	881542498
785	435	1023	90	90	881542509
791	436	344	90	90	881542531
16
436	433	940	90	90	881542921
426	433	1002	90	90	881542931
420	434	1023	90	90	881542942
412	435	1023	90	90	881542953
400	436	1023	90	90	881542964
386	438	1023	90	90	881542974
370	439	1023	90	90	881542985
351	439	1023	90	90	881542996
332	439	1023	90	90	881543007
313	439	1023	90	90	881543017
296	438	1023	90	90	881543028
282	436	1023	90	90	881543039
270	435	1023	90	90	881543050
263	434	1023	90	90	881543060
258	434	842	90	90	881543071
258	436	46	90	90	881543093
14
606	518	692	90	90	881543468
605	516	1023	90	90	881543478
606	516	1023	90	90	881543489
609	517	1023	90	90	881543500
614	517	1023	90	90	881543511
621	518	1023	90	90	881543521
630	519	1023	90	90	881543532
639	520	1023	90	90	881543543
647	521	1023	90	90	881543554
654	521	1023	90	90	881543564
658	521	1023	90	90	881543575
661	521	1023	90	90	881543586
663	521	875	90	90	881543607
661	520	63	90	90	881543629
11
642	543	538	90	90	881543750
640	546	908	90	90	881543760
639	547	978	90	90	881543793
638	544	1023	90	90	881543803
637	537	1023	90	90	881543814
636	526	1023	90	90	881543825
635	511	1023	90	90	881543836
634	497	1023	90	90	881543846
633	485	1023	90	90	881543857
633	475	938	90	90	881543868
634	468	110	90	90	881543889
6
1
544	525	0	90	90	881544275
47
511	554	978	90	90	881544406
502	559	958	90	90	881544416
496	561	946	90	90	881544427
489	562	936	90	90	881544438
480	561	940	90	90	881544449
471	559	946	90	90	881544459
460	555	948	90	90	881544470
448	548	948	90	90	881544481
436	538	946	90	90	881544492
424	526	934	90	90	881544502
412	511	940	90	90	881544513
401	494	964	90	90	881544524
393	476	988	90	90	881544535
386	458	978	90	90	881544545
383	439	992	90	90	881544556
383	420	1014	90	90	881544567
386	401	1023	90	90	881544578
393	383	1023	90	90	881544588
403	366	1023	90	90	881544599
417	351	1023	90	90	881544610
433	338	1023	90	90	881544621
451	328	1023	90	90	881544631
472	321	1023	90	90	881544642
494	318	1023	90	90	881544653
517	317	1023	90	90	881544664
540	319	1023	90	90	881544674
563	325	1023	90	90	881544685
584	333	1023	90	90	881544696
602	344	1023	90	90	881544707
618	357	1023	90	90	881544717
631	371	1023	90	90	881544728
641	386	1023	90	90	881544739
647	403	1023	90	90	881544750
650	420	1023	90	90	881544760
649	438	1023	90	90	881544771
645	455	1023	90	90	881544782
639	473	1023	90	90	881544793
629	489	1023	90	90	881544803
617	503	1023	90	90	881544814
603	515	1023	90	90	881544825
587	524	1023	90	90	881544836
571	532	1023	90	90	881544846
556	539	1023	90	90	881544857
541	544	1023	90	90	881544868
528	548	1023	90	90	881544879
517	551	852	90	90	881544889
507	553	52	90	90	881544911
19
648	442	626	90	90	881545234
645	444	982	90	90	881545244
644	444	1013	90	90	881545266
648	444	1023	90	90	881545277
655	444	1023	90	90	881545287
666	444	1023	90	90	881545298
681	444	1023	90	90	881545309
698	444	1023	90	90	881545320
716	444	1023	90	90	881545330
736	445	1023	90	90	881545341
755	445	1023	90	90	881545352
774	445	1023	90	90	881545363
792	444	1023	90	90	881545373
809	444	1023	90	90	881545384
823	444	1023	90	90	881545395
834	444	1023	90	90	881545406
841	444	1023	90	90	881545416
843	445	802	90	90	881545427
842	447	25	90	90	881545449
16
371	441	1023	90	90	881545812
361	441	1023	90	90	881545822
354	442	1023	90	90	881545833
343	443	1023	90	90	881545844
330	443	1023	90	90	881545855
316	442	1023	90	90	881545865
301	440	1023	90	90	881545876
285	438	1023	90	90	881545887
270	435	1023	90	90	881545898
255	432	1023	90	90	881545908
241	429	1023	90	90	881545919
230	426	1023	90	90	881545930
220	425	1023	90	90	881545941
213	425	1023	90	90	881545951
209	426	970	90	90	881545962
208	427	215	90	90	881545984
15
674	535	1004	90	90	881546359
676	535	1023	90	90	881546369
678	536	1023	90	90	881546380
681	537	1023	90	90	881546391
685	538	1023	90	90	881546402
691	538	1023	90	90	881546412
699	538	1023	90	90	881546423
708	539	1023	90	90	881546434
717	539	1023	90	90	881546445
726	539	1023	90	90	881546455
733	539	1023	90	90	881546466
738	539	1023	90	90	881546477
743	538	958	90	90	881546488
745	537	836	90	90	881546498
746	536	258	90	90	881546520
10
719	564	430	90	90	881546640
717	567	975	90	90	881546683
716	565	1016	90	90	881546693
715	559	1023	90	90	881546704
713	550	1023	90	90	881546715
712	539	1023	90	90	881546726
710	526	1023	90	90	881546736
709	514	1023	90	90	881546747
709	505	1023	90	90	881546758
708	498	288	90	90	881546779
6
1
537	538	0	90	90	881547291
45
522	538	562	90	90	881547437
513	541	884	90	90	881547447
507	543	880	90	90	881547458
500	543	880	90	90	881547469
491	542	892	90	90	881547480
480	538	892	90	90	881547490
469	532	902	90	90	881547501
456	523	908	90	90	881547512
444	513	918	90	90	881547523
433	500	920	90	90	881547533
423	484	914	90	90	881547544
413	467	918	90	90	881547555
406	449	924	90	90	881547566
402	429	932	90	90	881547576
401	409	970	90	90	881547587
403	389	976	90	90	881547598
409	371	992	90	90	881547609
418	354	1004	90	90	881547619
430	340	1023	90	90	881547630
445	328	1023	90	90	881547641
462	321	1023	90	90	881547652
481	316	1023	90	90	881547662
501	316	1023	90	90	881547673
523	318	1023	90	90	881547684
544	323	1023	90	90	881547695
563	332	1023	90	90	881547705
580	344	1023	90	90	881547716
595	359	1023	90	90	881547727
607	375	1023	90	90	881547738
616	393	1023	90	90	881547748
622	411	1023	90	90	881547759
626	430	1023	90	90	881547770
627	448	1023	90	90	881547781
625	466	1023	90	90	881547791
622	482	1023	90	90	881547802
616	498	1023	90	90	881547813
608	511	1023	90	90	881547824
598	523	1023	90	90	881547834
585	532	1023	90	90	881547845
571	538	1023	90	90	881547856
555	542	1023	90	90	881547867
540	543	1023	90	90	881547877
525	543	1023	90	90	881547888
514	543	802	90	90	881547899
504	543	26	90	90	881547920
23
629	443	466	90	90	881548312
631	443	826	90	90	881548322
635	444	920	90	90	881548333
642	445	976	90	90	881548344
650	446	980	90	90	881548355
659	447	986	90	90	881548365
669	447	992	90	90	881548376
681	448	992	90	90	881548387
693	448	1014	90	90	881548398
706	448	1023	90	90	881548408
720	448	1023	90	90	881548419
735	447	1023	90	90	881548430
750	447	1023	90	90	881548441
765	447	1023	90	90	881548451
779	446	1023	90	90	881548462
792	446	1023	90	90	881548473
804	445	1023	90	90	881548484
813	444	1023	90	90	881548494
821	443	1023	90	90	881548505
826	443	1023	90	90	881548516
829	443	1023	90	90	881548527
831	443	1023	90	90	881548537
830	444	288	90	90	881548559
17
382	448	644	90	90	881549078
367	448	980	90	90	881549088
357	450	1010	90	90	881549099
346	451	1023	90	90	881549110
333	452	1023	90	90	881549121
317	452	1023	90	90	881549131
301	450	1023	90	90	881549142
285	449	1023	90	90	881549153
267	447	1023	90	90	881549164
250	444	1023	90	90	881549174
234	441	1023	90	90	881549185
220	438	1023	90	90	881549196
208	435	1023	90	90	881549207
199	433	1023	90	90	881549217
193	432	1023	90	90	881549228
190	432	838	90	90	881549239
191	434	57	90	90	881549260
16
659	547	852	90	90	881549609
653	548	974	90	90	881549641
656	548	1014	90	90	881549652
661	549	1023	90	90	881549662
668	550	1023	90	90	881549673
677	550	1023	90	90	881549684
688	551	1023	90	90	881549695
699	551	1023	90	90	881549705
709	551	1023	90	90	881549716
719	551	1023	90	90	881549727
727	551	1023	90	90	881549738
733	551	1023	90	90	881549748
739	551	1023	90	90	881549759
742	550	1010	90	90	881549770
744	550	776	90	90	881549781
745	550	24	90	90	881549802
14
696	584	851	90	90	881549974
696	582	936	90	90	881549985
696	578	952	90	90	881549996
696	571	988	90	90	881550006
696	561	1008	90	90	881550017
695	549	1023	90	90	881550028
694	537	1023	90	90	881550039
692	524	1023	90	90	881550049
691	513	1023	90	90	881550060
690	502	1023	90	90	881550071
689	494	1023	90	90	881550082
689	487	1023	90	90	881550092
690	481	932	90	90	881550103
691	477	123	90	90	881550125
6
1
549	529	0	90	90	881553181
39
501	545	644	90	90	881553296
482	543	942	90	90	881553306
472	542	942	90	90	881553317
461	538	920	90	90	881553328
450	532	902	90	90	881553339
438	522	900	90	90	881553349
427	510	902	90	90	881553360
417	495	908	90	90	881553371
409	478	914	90	90	881553382
404	461	938	90	90	881553392
401	442	936	90	90	881553403
401	425	952	90	90	881553414
404	407	982	90	90	881553425
411	390	998	90	90	881553435
421	375	1023	90	90	881553446
433	362	1023	90	90	881553457
448	353	1023	90	90	881553468
465	346	1023	90	90	881553478
483	342	1023	90	90	881553489
502	341	1023	90	90	881553500
522	344	1023	90	90	881553511
542	349	1023	90	90	881553521
560	359	1023	90	90	881553532
576	372	1023	90	90	881553543
590	386	1023	90	90	881553554
601	402	1023	90	90	881553564
609	420	1023	90	90	881553575
613	437	1023	90	90	881553586
613	454	1023	90	90	881553597
609	470	1023	90	90	881553607
601	487	1023	90	90	881553618
590	502	1023	90	90	881553629
576	514	1023	90	90	881553640
562	525	1023	90	90	881553650
547	533	1023	90	90	881553661
532	539	1023	90	90	881553672
517	541	1023	90	90	881553683
502	541	1023	90	90	881553693
490	539	360	90	90	881553715
19
609	464	872	90	90	881554031
607	464	1023	90	90	881554041
608	464	1023	90	90	881554052
611	463	1023	90	90	881554063
618	463	1023	90	90	881554074
628	462	1023	90	90	881554084
642	461	1023	90	90	881554095
660	460	1023	90	90	881554106
681	460	1023	90	90	881554117
703	460	1023	90	90	881554127
726	460	1023	90	90	881554138
749	460	1023	90	90	881554149
770	459	1023	90	90	881554160
789	459	1023	90	90	881554170
805	458	1023	90	90	881554181
818	457	1023	90	90	881554192
827	456	1023	90	90	881554203
832	456	1004	90	90	881554224
828	456	194	90	90	881554246
15
396	446	694	90	90	881554593
380	446	1023	90	90	881554603
371	448	1023	90	90	881554614
359	450	1023	90	90	881554625
344	451	1023	90	90	881554636
326	451	1023	90	90	881554646
308	451	1023	90	90	881554657
288	450	1023	90	90	881554668
268	448	1023	90	90	881554679
250	447	1023	90	90	881554689
234	446	1023	90	90	881554700
220	445	1023	90	90	881554711
210	445	1023	90	90	881554722
203	445	1023	90	90	881554732
199	447	359	90	90	881554754
14
634	560	652	90	90	881555109
637	559	986	90	90	881555119
642	559	1023	90	90	881555130
648	559	1023	90	90	881555141
656	559	1023	90	90	881555152
666	559	1023	90	90	881555162
677	559	1023	90	90	881555173
688	559	1023	90	90	881555184
699	559	1023	90	90	881555195
710	559	1023	90	90	881555205
718	559	1023	90	90	881555216
724	559	1023	90	90	881555227
726	560	880	90	90	881555238
727	560	103	90	90	881555259
13
686	595	664	90	90	881555421
687	594	984	90	90	881555431
687	591	978	90	90	881555442
686	585	1002	90	90	881555453
684	575	1023	90	90	881555464
682	561	1023	90	90	881555474
680	545	1023	90	90	881555485
677	529	1023	90	90	881555496
675	513	1023	90	90	881555507
674	501	1023	90	90	881555517
674	492	1023	90	90	881555528
674	485	808	90	90	881555539
675	480	35	90	90	881555560
6
1
580	515	0	90	90	881555900
41
530	542	874	90	90	881556031
513	543	890	90	90	881556041
503	541	904	90	90	881556052
492	538	902	90	90	881556063
480	532	896	90	90	881556074
468	524	904	90	90	881556084
455	515	892	90	90	881556095
443	503	896	90	90	881556106
432	489	886	90	90	881556117
422	473	890	90	90	881556127
414	455	908	90	90	881556138
409	435	924	90	90	881556149
407	414	954	90	90	881556160
410	392	990	90	90	881556170
416	373	980	90	90	881556181
426	356	998	90	90	881556192
440	343	1023	90	90	881556203
456	333	1023	90	90	881556213
474	326	1023	90	90	881556224
493	323	1023	90	90	881556235
513	323	1023	90	90	881556246
533	326	1023	90	90	881556256
552	332	1023	90	90	881556267
570	340	1023	90	90	881556278
585	351	1023	90	90	881556289
599	364	1023	90	90	881556299
610	379	1023	90	90	881556310
618	395	1023	90	90	881556321
623	412	1023	90	90	881556332
625	429	1023	90	90	881556342
623	447	1023	90	90	881556353
619	465	1023	90	90	881556364
612	480	1023	90	90	881556375
602	494	1023	90	90	881556385
590	506	1023	90	90	881556396
577	516	1023	90	90	881556407
563	524	1023	90	90	881556418
550	530	1023	90	90	881556428
538	534	1023	90	90	881556439
527	537	1023	90	90	881556450
519	539	284	90	90	881556471
19
618	444	948	90	90	881556781
616	445	998	90	90	881556791
616	446	1023	90	90	881556802
620	446	1023	90	90	881556813
628	447	1023	90	90	881556824
641	447	1023	90	90	881556834
658	447	1023	90	90	881556845
678	447	1023	90	90	881556856
699	447	1023	90	90	881556867
721	446	1023	90	90	881556877
745	446	1023	90	90	881556888
768	445	1023	90	90	881556899
791	445	1023	90	90	881556910
812	443	1023	90	90	881556920
830	442	1023	90	90	881556931
844	440	1023	90	90	881556942
855	439	1023	90	90	881556953
861	438	1023	90	90	881556963
863	438	205	90	90	881556985
17
402	435	612	90	90	881557328
384	435	954	90	90	881557338
371	435	992	90	90	881557349
357	434	1023	90	90	881557360
340	433	1023	90	90	881557371
322	432	1023	90	90	881557381
303	432	1023	90	90	881557392
283	432	1023	90	90	881557403
262	431	1023	90	90	881557414
242	430	1023	90	90	881557424
223	428	1023	90	90	881557435
204	426	1023	90	90	881557446
189	424	1023	90	90	881557457
174	421	1023	90	90	881557467
163	419	1023	90	90	881557478
153	417	982	90	90	881557489
147	416	157	90	90	881557510
12
647	551	536	90	90	881557875
658	552	896	90	90	881557885
668	553	970	90	90	881557896
679	553	1023	90	90	881557907
691	553	1023	90	90	881557918
702	553	1023	90	90	881557928
713	553	1023	90	90	881557939
722	553	1023	90	90	881557950
729	553	1023	90	90	881557961
736	554	1023	90	90	881557971
742	554	930	90	90	881557982
744	555	108	90	90	881558004
11
690	590	646	90	90	881558156
687	585	1002	90	90	881558166
686	581	1014	90	90	881558177
685	574	1023	90	90	881558188
683	563	1023	90	90	881558199
681	548	1023	90	90	881558209
678	533	1023	90	90	881558220
675	518	1023	90	90	881558231
673	506	1023	90	90	881558242
673	497	1023	90	90	881558252
673	492	272	90	90	881558274
6
1
583	514	0	90	90	881558588
44
540	532	948	90	90	881558750
527	535	952	90	90	881558760
520	536	954	90	90	881558771
512	535	948	90	90	881558782
503	533	942	90	90	881558793
492	529	934	90	90	881558803
482	523	944	90	90	881558814
471	516	942	90	90	881558825
460	507	942	90	90	881558836
449	496	944	90	90	881558846
440	483	936	90	90	881558857
431	468	952	90	90	881558868
424	451	958	90	90	881558879
419	431	972	90	90	881558889
415	410	990	90	90	881558900
415	387	992	90	90	881558911
418	365	1010	90	90	881558922
424	345	1023	90	90	881558932
435	328	1023	90	90	881558943
449	315	1023	90	90	881558954
466	305	1023	90	90	881558965
486	300	1023	90	90	881558975
506	298	1023	90	90	881558986
528	299	1023	90	90	881558997
549	304	1023	90	90	881559008
569	312	1023	90	90	881559018
588	322	1023	90	90	881559029
605	335	1023	90	90	881559040
620	350	1023	90	90	881559051
631	366	1023	90	90	881559061
639	383	1023	90	90	881559072
643	400	1023	90	90	881559083
643	418	1023	90	90	881559094
640	435	1023	90	90	881559104
634	451	1023	90	90	881559115
625	467	1023	90	90	881559126
614	481	1023	90	90	881559137
600	493	1023	90	90	881559147
584	502	1023	90	90	881559158
568	509	1023	90	90	881559169
553	514	1023	90	90	881559180
540	517	1023	90	90	881559190
529	520	940	90	90	881559201
520	523	108	90	90	881559223
15
638	426	676	90	90	881559578
648	425	1023	90	90	881559588
660	426	1023	90	90	881559599
677	427	1023	90	90	881559610
696	429	1023	90	90	881559621
718	430	1023	90	90	881559631
742	432	1023	90	90	881559642
767	433	1023	90	90	881559653
792	434	1023	90	90	881559664
816	434	1023	90	90	881559674
838	432	1023	90	90	881559685
856	431	1023	90	90	881559696
870	429	1023	90	90	881559707
880	428	1023	90	90	881559717
885	427	498	90	90	881559750
16
408	417	1023	90	90	881560093
394	419	1023	90	90	881560103
384	421	1023	90	90	881560114
371	422	1023	90	90	881560125
354	423	1023	90	90	881560136
336	423	1023	90	90	881560146
315	422	1023	90	90	881560157
293	420	1023	90	90	881560168
271	417	1023	90	90	881560179
250	413	1023	90	90	881560189
231	409	1023	90	90	881560200
214	405	1023	90	90	881560211
200	401	1023	90	90	881560222
190	399	1023	90	90	881560232
185	398	1023	90	90	881560243
183	399	233	90	90	881560265
15
657	548	984	90	90	881560593
656	549	978	90	90	881560603
659	550	984	90	90	881560614
664	551	998	90	90	881560625
673	551	1014	90	90	881560636
683	551	1023	90	90	881560646
695	551	1023	90	90	881560657
707	552	1023	90	90	881560668
720	553	1023	90	90	881560679
731	553	1023	90	90	881560689
741	553	1023	90	90	881560700
747	553	1023	90	90	881560711
751	554	1023	90	90	881560722
754	554	892	90	90	881560732
755	555	103	90	90	881560754
10
704	600	701	90	90	881560916
705	597	964	90	90	881560927
705	591	978	90	90	881560938
705	583	1023	90	90	881560949
704	571	1023	90	90	881560959
702	557	1023	90	90	881560970
699	542	1023	90	90	881560981
696	527	1023	90	90	881560992
694	514	1023	90	90	881561002
692	503	385	90	90	881561024
6
1
598	525	0	90	90	881561322
43
567	546	664	90	90	881561437
552	546	978	90	90	881561447
543	546	978	90	90	881561458
534	546	990	90	90	881561469
524	545	970	90	90	881561480
513	542	952	90	90	881561490
500	537	918	90	90	881561501
486	529	862	90	90	881561512
471	519	854	90	90	881561523
456	506	866	90	90	881561533
442	490	884	90	90	881561544
430	472	930	90	90	881561555
420	452	982	90	90	881561566
413	431	1010	90	90	881561576
410	410	1023	90	90	881561587
411	389	1023	90	90	881561598
417	369	1023	90	90	881561609
426	352	1023	90	90	881561619
439	336	1023	90	90	881561630
455	324	1023	90	90	881561641
473	315	1023	90	90	881561652
495	309	1023	90	90	881561662
518	307	1023	90	90	881561673
543	308	1023	90	90	881561684
567	313	1023	90	90	881561695
590	320	1023	90	90	881561705
612	330	1023	90	90	881561716
631	342	1023	90	90	881561727
648	357	1023	90	90	881561738
661	373	1023	90	90	881561748
671	390	1023	90	90	881561759
678	408	1023	90	90	881561770
680	425	1023	90	90	881561781
679	443	1023	90	90	881561791
674	460	1023	90	90	881561802
666	477	1023	90	90	881561813
654	492	1023	90	90	881561824
641	504	1023	90	90	881561834
626	514	1023	90	90	881561845
612	521	1023	90	90	881561856
597	527	1023	90	90	881561867
583	530	1023	90	90	881561877
571	533	334	90	90	881561899
18
684	439	918	90	90	881562250
680	439	992	90	90	881562271
681	439	1023	90	90	881562282
685	438	1023	90	90	881562293
693	438	1023	90	90	881562303
706	437	1023	90	90	881562314
723	436	1023	90	90	881562325
743	436	1023	90	90	881562336
765	435	1023	90	90	881562346
787	435	1023	90	90	881562357
811	434	1023	90	90	881562368
832	432	1023	90	90	881562379
852	431	1023	90	90	881562389
868	429	1023	90	90	881562400
880	428	1023	90	90	881562411
889	427	1023	90	90	881562422
892	427	984	90	90	881562432
892	428	140	90	90	881562454
19
406	420	656	90	90	881562781
402	419	1023	90	90	881562791
397	420	1023	90	90	881562802
391	422	1023	90	90	881562813
381	424	1023	90	90	881562824
369	426	1023	90	90	881562834
354	427	1023	90	90	881562845
336	427	1023	90	90	881562856
316	426	1023	90	90	881562867
295	424	1023	90	90	881562877
272	421	1023	90	90	881562888
251	417	1023	90	90	881562899
230	413	1023	90	90	881562910
212	409	1023	90	90	881562920
196	405	1023	90	90	881562931
183	403	1023	90	90	881562942
174	401	1023	90	90	881562953
169	402	832	90	90	881562963
167	405	44	90	90	881562985
17
697	545	592	90	90	881563328
691	546	964	90	90	881563338
690	546	994	90	90	881563349
691	546	1002	90	90	881563360
695	547	1023	90	90	881563371
702	548	1023	90	90	881563381
713	549	1023	90	90	881563392
725	549	1023	90	90	881563403
739	550	1023	90	90	881563414
752	551	1023	90	90	881563424
764	551	1023	90	90	881563435
776	551	1023	90	90	881563446
784	552	1023	90	90	881563457
791	552	1023	90	90	881563467
794	552	1023	90	90	881563478
795	552	866	90	90	881563500
793	553	6	90	90	881563521
13
747	594	817	90	90	881563666
746	592	978	90	90	881563677
747	587	1008	90	90	881563688
747	580	1023	90	90	881563699
747	571	1023	90	90	881563709
745	559	1023	90	90	881563720
742	546	1023	90	90	881563731
739	532	1023	90	90	881563742
735	520	1023	90	90	881563752
732	509	1023	90	90	881563763
730	500	1023	90	90	881563774
728	493	1023	90	90	881563785
727	487	253	90	90	881563806
6
1
478	538	0	90	90	881572744
52
487	543	246	90	90	881572859
484	547	298	90	90	881572869
481	549	386	90	90	881572880
479	550	462	90	90	881572891
475	552	536	90	90	881572902
471	553	626	90	90	881572912
466	554	714	90	90	881572923
461	554	790	90	90	881572934
454	554	820	90	90	881572945
446	552	842	90	90	881572955
437	548	844	90	90	881572966
426	542	838	90	90	881572977
415	533	832	90	90	881572988
404	522	844	90	90	881572998
394	509	860	90	90	881573009
385	493	866	90	90	881573020
377	476	866	90	90	881573031
372	456	866	90	90	881573041
368	436	852	90	90	881573052
367	415	878	90	90	881573063
369	395	894	90	90	881573074
375	377	926	90	90	881573084
384	360	940	90	90	881573095
397	346	976	90	90	881573106
414	335	984	90	90	881573117
434	326	1010	90	90	881573127
455	320	1023	90	90	881573138
479	318	1023	90	90	881573149
503	319	1023	90	90	881573160
527	323	1023	90	90	881573170
549	329	1023	90	90	881573181
569	339	1023	90	90	881573192
587	350	1023	90	90	881573203
602	363	1023	90	90	881573213
615	378	1023	90	90	881573224
625	393	1023	90	90	881573235
631	408	1023	90	90	881573246
634	424	1023	90	90	881573256
634	439	1023	90	90	881573267
630	454	1023	90	90	881573278
624	469	1023	90	90	881573289
616	483	1023	90	90	881573299
606	496	1023	90	90	881573310
595	509	1023	90	90	881573321
581	521	1023	90	90	881573332
567	531	1023	90	90	881573342
552	538	1023	90	90	881573353
536	544	1023	90	90	881573364
520	546	1023	90	90	881573375
504	546	1023	90	90	881573385
489	542	984	90	90	881573396
477	537	245	90	90	881573418
20
635	439	458	90	90	881573734
632	441	824	90	90	881573755
634	442	940	90	90	881573766
638	444	996	90	90	881573777
646	446	1023	90	90	881573787
657	447	1023	90	90	881573798
673	448	1023	90	90	881573809
692	449	1023	90	90	881573820
713	450	1023	90	90	881573830
734	450	1023	90	90	881573841
756	450	1023	90	90	881573852
778	450	1023	90	90	881573863
800	450	1023	90	90	881573873
821	450	1023	90	90	881573884
839	450	1023	90	90	881573895
853	450	1023	90	90	881573906
864	450	1023	90	90	881573916
870	451	1023	90	90	881573927
873	452	1023	90	90	881573938
873	453	335	90	90	881573959
19
365	446	948	90	90	881574328
359	448	958	90	90	881574338
355	450	980	90	90	881574349
348	451	1014	90	90	881574360
339	453	1023	90	90	881574371
328	455	1023	90	90	881574381
315	456	1023	90	90	881574392
300	456	1023	90	90	881574403
284	456	1023	90	90	881574414
266	454	1023	90	90	881574424
247	452	1023	90	90	881574435
229	450	1023	90	90	881574446
212	448	1023	90	90	881574457
198	446	1023	90	90	881574467
185	444	1023	90	90	881574478
176	443	1023	90	90	881574489
169	443	1023	90	90	881574500
166	444	992	90	90	881574510
165	446	214	90	90	881574532
14
654	555	666	90	90	881574890
653	554	1016	90	90	881574900
655	554	1023	90	90	881574911
660	555	1023	90	90	881574922
667	556	1023	90	90	881574933
677	557	1023	90	90	881574943
689	558	1023	90	90	881574954
701	560	1023	90	90	881574965
713	561	1023	90	90	881574976
723	563	1023	90	90	881574986
731	564	1023	90	90	881574997
737	565	1023	90	90	881575008
741	565	1023	90	90	881575019
742	565	488	90	90	881575051
10
709	607	936	90	90	881575171
706	610	989	90	90	881575192
705	608	1004	90	90	881575203
704	601	1023	90	90	881575214
703	587	1023	90	90	881575224
701	567	1023	90	90	881575235
699	544	1023	90	90	881575246
696	522	1023	90	90	881575257
694	502	954	90	90	881575267
692	486	116	90	90	881575289
