3
1
531	591	0	90	90	3957515
123
564	612	254	90	90	3957958
563	612	491	90	90	3957965
562	612	535	90	90	3957971
561	612	563	90	90	3957977
560	612	592	90	90	3957983
558	611	616	90	90	3957990
557	611	636	90	90	3957996
555	611	656	90	90	3958002
553	611	676	90	90	3958008
551	611	692	90	90	3958015
549	610	708	90	90	3958021
546	610	724	90	90	3958027
543	610	737	90	90	3958033
539	610	749	90	90	3958040
536	610	761	90	90	3958046
532	610	773	90	90	3958052
528	610	781	90	90	3958058
524	610	793	90	90	3958065
520	610	801	90	90	3958071
517	610	809	90	90	3958077
513	610	817	90	90	3958083
510	610	821	90	90	3958090
507	610	829	90	90	3958096
504	610	833	90	90	3958102
501	610	837	90	90	3958108
499	611	845	90	90	3958115
497	611	849	90	90	3958121
496	611	853	90	90	3958127
495	611	857	90	90	3958133
494	611	861	90	90	3958146
493	611	865	90	90	3958177
493	610	863	90	90	3958190
493	609	865	90	90	3958196
493	608	865	90	90	3958202
494	606	869	90	90	3958208
494	604	869	90	90	3958215
494	602	869	90	90	3958221
494	599	869	90	90	3958227
495	596	869	90	90	3958233
495	593	869	90	90	3958240
495	589	869	90	90	3958246
495	585	869	90	90	3958252
495	581	869	90	90	3958258
495	576	869	90	90	3958265
495	571	869	90	90	3958271
495	566	869	90	90	3958277
495	561	873	90	90	3958283
494	555	873	90	90	3958290
494	549	873	90	90	3958296
494	543	873	90	90	3958302
494	537	873	90	90	3958308
493	531	873	90	90	3958315
493	525	873	90	90	3958321
492	518	873	90	90	3958327
492	512	873	90	90	3958333
491	506	873	90	90	3958340
491	500	873	90	90	3958346
490	493	873	90	90	3958352
490	487	873	90	90	3958358
489	481	873	90	90	3958365
488	475	873	90	90	3958371
488	468	878	90	90	3958377
487	462	878	90	90	3958383
486	456	878	90	90	3958390
486	449	882	90	90	3958396
485	443	882	90	90	3958402
485	437	882	90	90	3958408
484	430	882	90	90	3958415
484	424	886	90	90	3958421
484	418	886	90	90	3958427
483	411	890	90	90	3958433
483	405	890	90	90	3958440
483	398	890	90	90	3958446
483	392	890	90	90	3958452
483	386	894	90	90	3958458
482	380	894	90	90	3958465
482	374	898	90	90	3958471
482	368	898	90	90	3958477
481	363	898	90	90	3958483
481	358	902	90	90	3958490
481	354	902	90	90	3958496
480	350	906	90	90	3958502
480	346	906	90	90	3958508
480	343	906	90	90	3958515
479	340	906	90	90	3958521
479	338	906	90	90	3958527
479	335	906	90	90	3958533
479	334	906	90	90	3958540
479	332	906	90	90	3958546
479	331	906	90	90	3958552
479	329	906	90	90	3958558
479	328	906	90	90	3958565
479	327	906	90	90	3958577
480	326	906	90	90	3958590
481	325	906	90	90	3958596
483	325	906	90	90	3958602
484	325	906	90	90	3958608
486	324	906	90	90	3958615
488	324	906	90	90	3958621
490	324	906	90	90	3958627
493	324	906	90	90	3958633
496	324	906	90	90	3958640
500	325	910	90	90	3958646
504	325	910	90	90	3958652
508	325	914	90	90	3958658
513	325	914	90	90	3958665
518	325	918	90	90	3958671
523	325	922	90	90	3958677
528	324	926	90	90	3958683
533	324	930	90	90	3958690
538	324	934	90	90	3958696
543	324	938	90	90	3958702
548	324	938	90	90	3958708
553	324	942	90	90	3958715
558	323	942	90	90	3958721
562	323	938	90	90	3958727
565	323	930	90	90	3958733
569	323	918	90	90	3958740
572	323	886	90	90	3958746
574	323	765	90	90	3958752
575	323	529	90	90	3958765
576	324	273	90	90	3958771
575	326	46	90	90	3958783
134
773	588	68	90	90	3959271
772	589	235	90	90	3959283
770	589	428	90	90	3959296
769	590	565	90	90	3959327
771	591	660	90	90	3959333
772	591	688	90	90	3959340
774	591	720	90	90	3959346
776	592	741	90	90	3959352
778	592	757	90	90	3959358
781	592	765	90	90	3959365
785	592	773	90	90	3959371
789	593	777	90	90	3959377
793	593	781	90	90	3959383
797	593	785	90	90	3959390
801	593	789	90	90	3959396
805	593	789	90	90	3959402
809	592	789	90	90	3959408
812	592	793	90	90	3959415
816	592	793	90	90	3959421
819	592	793	90	90	3959427
822	592	793	90	90	3959433
825	592	797	90	90	3959440
827	592	797	90	90	3959446
829	592	797	90	90	3959452
830	592	797	90	90	3959458
832	591	797	90	90	3959465
833	591	797	90	90	3959477
834	591	799	90	90	3959496
834	590	801	90	90	3959508
834	589	805	90	90	3959515
833	588	805	90	90	3959521
833	587	809	90	90	3959527
833	586	809	90	90	3959533
832	584	813	90	90	3959540
832	582	817	90	90	3959546
831	580	821	90	90	3959552
831	578	821	90	90	3959558
831	575	825	90	90	3959565
830	572	829	90	90	3959571
830	568	833	90	90	3959577
830	564	837	90	90	3959583
830	560	841	90	90	3959590
829	555	845	90	90	3959596
829	550	849	90	90	3959602
829	545	857	90	90	3959608
829	540	861	90	90	3959615
829	535	865	90	90	3959621
829	530	873	90	90	3959627
829	525	878	90	90	3959633
829	519	886	90	90	3959640
829	514	894	90	90	3959646
829	509	902	90	90	3959652
829	503	906	90	90	3959658
830	498	914	90	90	3959665
830	492	922	90	90	3959671
830	487	926	90	90	3959677
830	482	930	90	90	3959683
831	476	934	90	90	3959690
831	471	934	90	90	3959696
832	466	938	90	90	3959702
832	461	938	90	90	3959708
832	456	938	90	90	3959715
832	451	942	90	90	3959721
832	445	942	90	90	3959727
832	440	946	90	90	3959733
832	435	950	90	90	3959740
832	431	950	90	90	3959746
832	426	954	90	90	3959752
832	421	954	90	90	3959758
832	416	958	90	90	3959765
832	411	962	90	90	3959771
832	407	962	90	90	3959777
832	403	966	90	90	3959783
832	398	966	90	90	3959790
832	394	966	90	90	3959796
831	390	966	90	90	3959802
831	387	966	90	90	3959808
831	383	970	90	90	3959815
831	380	970	90	90	3959821
830	377	970	90	90	3959827
830	374	970	90	90	3959833
829	370	970	90	90	3959840
829	368	970	90	90	3959846
828	365	970	90	90	3959852
828	362	970	90	90	3959858
827	360	970	90	90	3959865
827	357	970	90	90	3959871
826	355	966	90	90	3959877
825	353	966	90	90	3959883
824	351	966	90	90	3959890
824	349	966	90	90	3959896
823	348	966	90	90	3959902
822	346	966	90	90	3959908
821	345	966	90	90	3959915
820	344	966	90	90	3959921
819	343	966	90	90	3959927
818	343	970	90	90	3959933
816	342	966	90	90	3959940
815	342	966	90	90	3959946
813	341	966	90	90	3959952
811	341	966	90	90	3959958
809	340	962	90	90	3959965
806	340	962	90	90	3959971
803	340	962	90	90	3959977
800	339	962	90	90	3959983
796	339	962	90	90	3959990
792	339	958	90	90	3959996
788	339	958	90	90	3960002
783	338	958	90	90	3960008
779	338	958	90	90	3960015
773	338	958	90	90	3960021
768	337	958	90	90	3960027
762	337	958	90	90	3960033
756	336	958	90	90	3960040
750	336	962	90	90	3960046
743	335	962	90	90	3960052
737	335	962	90	90	3960058
730	334	966	90	90	3960065
724	333	966	90	90	3960071
717	332	970	90	90	3960077
711	331	970	90	90	3960083
705	331	974	90	90	3960090
700	330	974	90	90	3960096
694	329	978	90	90	3960102
690	328	978	90	90	3960108
685	328	982	90	90	3960115
681	327	982	90	90	3960121
677	327	982	90	90	3960127
674	327	982	90	90	3960133
671	326	982	90	90	3960140
669	326	974	90	90	3960146
668	326	966	90	90	3960152
667	326	635	90	90	3960196
667	327	0	90	90	3960208
3
1
525	599	0	90	90	4104827
141
546	630	40	90	90	4105077
545	630	275	90	90	4105089
543	631	571	90	90	4105102
542	631	765	90	90	4105108
541	631	773	90	90	4105114
539	631	781	90	90	4105120
538	631	785	90	90	4105127
536	630	789	90	90	4105133
533	630	797	90	90	4105139
530	630	809	90	90	4105145
527	630	821	90	90	4105152
523	630	833	90	90	4105158
519	630	845	90	90	4105164
514	631	857	90	90	4105170
509	631	869	90	90	4105177
504	631	878	90	90	4105183
499	631	882	90	90	4105189
494	631	890	90	90	4105195
490	630	894	90	90	4105202
485	630	894	90	90	4105208
480	630	898	90	90	4105214
476	630	902	90	90	4105220
472	629	906	90	90	4105227
467	629	910	90	90	4105233
464	629	918	90	90	4105239
460	629	922	90	90	4105245
457	629	926	90	90	4105252
455	629	934	90	90	4105258
452	629	938	90	90	4105264
450	629	942	90	90	4105270
449	629	942	90	90	4105277
447	629	946	90	90	4105295
445	629	950	90	90	4105320
445	628	950	90	90	4105333
445	626	946	90	90	4105339
445	625	946	90	90	4105345
445	623	946	90	90	4105352
445	621	946	90	90	4105358
445	618	946	90	90	4105364
445	616	946	90	90	4105370
445	613	946	90	90	4105377
445	609	946	90	90	4105383
445	605	946	90	90	4105389
445	601	946	90	90	4105395
444	597	950	90	90	4105402
444	592	950	90	90	4105408
444	588	950	90	90	4105414
444	583	950	90	90	4105420
444	577	950	90	90	4105427
444	572	954	90	90	4105433
444	567	954	90	90	4105439
444	561	954	90	90	4105445
445	556	958	90	90	4105452
445	550	958	90	90	4105458
445	543	958	90	90	4105464
446	537	958	90	90	4105470
446	530	958	90	90	4105477
446	523	958	90	90	4105483
447	517	954	90	90	4105489
447	509	954	90	90	4105495
448	502	954	90	90	4105502
448	495	954	90	90	4105508
448	488	954	90	90	4105514
448	480	954	90	90	4105520
449	473	950	90	90	4105527
449	465	950	90	90	4105533
449	458	950	90	90	4105539
450	450	950	90	90	4105545
450	443	950	90	90	4105552
450	435	950	90	90	4105558
451	428	950	90	90	4105564
451	420	950	90	90	4105570
451	413	950	90	90	4105577
451	405	954	90	90	4105583
451	398	954	90	90	4105589
451	390	954	90	90	4105595
450	383	954	90	90	4105602
450	375	958	90	90	4105608
450	368	958	90	90	4105614
450	361	958	90	90	4105620
450	353	962	90	90	4105627
450	346	962	90	90	4105633
450	339	966	90	90	4105639
450	332	966	90	90	4105645
450	326	966	90	90	4105652
450	319	970	90	90	4105658
450	313	970	90	90	4105664
450	306	970	90	90	4105670
449	300	974	90	90	4105677
449	294	974	90	90	4105683
448	288	974	90	90	4105689
448	283	974	90	90	4105695
447	277	978	90	90	4105702
446	272	978	90	90	4105708
446	267	982	90	90	4105714
445	263	982	90	90	4105720
444	258	982	90	90	4105727
443	255	982	90	90	4105733
442	251	986	90	90	4105739
441	248	982	90	90	4105745
440	245	982	90	90	4105752
439	242	978	90	90	4105758
438	239	978	90	90	4105764
438	237	974	90	90	4105770
437	235	970	90	90	4105777
437	234	970	90	90	4105783
436	233	966	90	90	4105789
436	232	966	90	90	4105802
437	230	966	90	90	4105814
438	230	966	90	90	4105820
439	230	966	90	90	4105827
441	230	966	90	90	4105833
443	230	966	90	90	4105839
445	230	970	90	90	4105845
448	230	970	90	90	4105852
452	231	970	90	90	4105858
456	231	970	90	90	4105864
460	232	970	90	90	4105870
465	232	970	90	90	4105877
470	233	970	90	90	4105883
475	233	974	90	90	4105889
481	233	974	90	90	4105895
486	233	978	90	90	4105902
492	233	982	90	90	4105908
498	233	986	90	90	4105914
504	233	986	90	90	4105920
510	233	990	90	90	4105927
515	232	994	90	90	4105933
521	232	994	90	90	4105939
526	232	994	90	90	4105945
531	232	994	90	90	4105952
535	232	994	90	90	4105958
539	231	990	90	90	4105964
542	231	982	90	90	4105970
545	231	974	90	90	4105977
548	231	954	90	90	4105983
549	231	918	90	90	4105989
550	231	704	90	90	4106002
550	233	455	90	90	4106008
550	234	277	90	90	4106014
548	236	46	90	90	4106027
147
750	616	64	90	90	4106826
748	618	193	90	90	4106832
747	618	396	90	90	4106845
746	619	608	90	90	4106857
745	620	715	90	90	4106882
746	620	785	90	90	4106889
748	620	809	90	90	4106895
749	620	829	90	90	4106901
752	621	849	90	90	4106907
754	621	865	90	90	4106914
758	621	873	90	90	4106920
762	621	882	90	90	4106926
766	622	890	90	90	4106932
771	622	890	90	90	4106939
775	622	894	90	90	4106945
780	623	898	90	90	4106951
785	623	898	90	90	4106957
790	623	902	90	90	4106964
795	624	906	90	90	4106970
800	624	906	90	90	4106976
804	624	910	90	90	4106982
808	624	914	90	90	4106989
812	625	914	90	90	4106995
816	625	918	90	90	4107001
819	625	922	90	90	4107007
822	624	922	90	90	4107014
825	624	922	90	90	4107020
827	624	922	90	90	4107026
828	624	922	90	90	4107032
830	623	926	90	90	4107051
831	623	926	90	90	4107064
831	622	928	90	90	4107076
831	620	930	90	90	4107082
830	619	930	90	90	4107089
830	618	934	90	90	4107095
829	616	934	90	90	4107101
829	615	938	90	90	4107107
828	613	942	90	90	4107114
828	611	946	90	90	4107120
827	608	950	90	90	4107126
827	605	954	90	90	4107132
827	602	958	90	90	4107139
826	598	962	90	90	4107145
826	595	966	90	90	4107151
826	590	970	90	90	4107157
826	586	970	90	90	4107164
826	581	970	90	90	4107170
826	576	974	90	90	4107176
825	571	974	90	90	4107182
825	566	974	90	90	4107189
825	561	978	90	90	4107195
825	556	978	90	90	4107201
824	550	978	90	90	4107207
824	545	982	90	90	4107214
824	539	982	90	90	4107220
823	533	986	90	90	4107226
823	527	986	90	90	4107232
823	521	990	90	90	4107239
822	514	990	90	90	4107245
822	508	994	90	90	4107251
821	501	998	90	90	4107257
821	495	998	90	90	4107264
820	488	1002	90	90	4107270
819	481	1006	90	90	4107276
819	475	1010	90	90	4107282
819	468	1010	90	90	4107289
818	461	1014	90	90	4107295
818	454	1023	90	90	4107301
817	448	1023	90	90	4107307
817	441	1023	90	90	4107314
817	434	1023	90	90	4107320
817	428	1023	90	90	4107326
816	421	1023	90	90	4107332
816	415	1023	90	90	4107339
816	408	1023	90	90	4107345
815	402	1023	90	90	4107351
815	395	1023	90	90	4107357
814	389	1023	90	90	4107364
814	382	1023	90	90	4107370
814	376	1023	90	90	4107376
814	370	1023	90	90	4107382
813	363	1023	90	90	4107389
813	357	1023	90	90	4107395
813	350	1023	90	90	4107401
813	344	1023	90	90	4107407
813	337	1023	90	90	4107414
813	331	1023	90	90	4107420
813	324	1023	90	90	4107426
813	318	1023	90	90	4107432
812	311	1023	90	90	4107439
812	305	1023	90	90	4107445
812	299	1023	90	90	4107451
812	293	1023	90	90	4107457
812	287	1023	90	90	4107464
812	281	1023	90	90	4107470
812	276	1023	90	90	4107476
812	270	1023	90	90	4107482
812	265	1023	90	90	4107489
812	259	1023	90	90	4107495
812	254	1023	90	90	4107501
812	250	1023	90	90	4107507
811	245	1023	90	90	4107514
811	241	1023	90	90	4107520
810	237	1023	90	90	4107526
809	234	1023	90	90	4107532
809	231	1023	90	90	4107539
808	228	1023	90	90	4107545
807	225	1023	90	90	4107551
806	223	1023	90	90	4107557
805	221	1023	90	90	4107564
804	219	1023	90	90	4107570
803	218	1023	90	90	4107576
802	217	1023	90	90	4107582
802	216	1023	90	90	4107589
801	215	1023	90	90	4107595
800	214	1023	90	90	4107601
799	214	1023	90	90	4107607
797	214	1023	90	90	4107614
796	213	1023	90	90	4107620
795	213	1014	90	90	4107626
793	213	1014	90	90	4107632
791	213	1014	90	90	4107639
789	213	1010	90	90	4107645
786	214	1010	90	90	4107651
783	214	1010	90	90	4107657
780	214	1006	90	90	4107664
776	214	1006	90	90	4107670
772	215	1006	90	90	4107676
768	215	1006	90	90	4107682
763	215	1006	90	90	4107689
758	216	1006	90	90	4107695
753	216	1010	90	90	4107701
748	217	1010	90	90	4107707
743	217	1010	90	90	4107714
738	217	1010	90	90	4107720
733	218	1010	90	90	4107726
728	218	1010	90	90	4107732
724	218	1006	90	90	4107739
720	219	1006	90	90	4107745
717	219	1002	90	90	4107751
714	220	990	90	90	4107757
712	220	970	90	90	4107764
710	221	942	90	90	4107770
709	222	760	90	90	4107782
708	223	515	90	90	4107789
707	225	322	90	90	4107795
706	227	68	90	90	4107807
3
1
556	592	0	90	90	4268424
158
555	607	64	90	90	4268737
556	607	169	90	90	4268743
557	608	345	90	90	4268762
557	609	487	90	90	4268774
556	610	575	90	90	4268787
554	610	620	90	90	4268793
553	610	640	90	90	4268799
551	610	656	90	90	4268805
549	610	672	90	90	4268812
546	610	680	90	90	4268818
544	610	692	90	90	4268824
541	610	696	90	90	4268830
538	610	704	90	90	4268837
534	610	712	90	90	4268843
531	610	720	90	90	4268849
528	610	728	90	90	4268855
525	610	737	90	90	4268862
522	610	745	90	90	4268868
519	610	749	90	90	4268874
516	610	757	90	90	4268880
514	610	765	90	90	4268887
512	610	769	90	90	4268893
510	610	777	90	90	4268899
508	610	781	90	90	4268905
507	610	785	90	90	4268912
506	610	789	90	90	4268924
505	610	793	90	90	4268955
505	609	793	90	90	4268968
505	608	797	90	90	4268974
505	607	797	90	90	4268980
505	606	801	90	90	4268987
506	604	801	90	90	4268993
506	603	805	90	90	4268999
506	601	809	90	90	4269005
506	599	813	90	90	4269012
506	596	813	90	90	4269018
506	594	817	90	90	4269024
506	591	821	90	90	4269030
506	588	825	90	90	4269037
506	585	829	90	90	4269043
506	582	833	90	90	4269049
505	579	837	90	90	4269055
505	575	841	90	90	4269062
505	572	845	90	90	4269068
505	568	849	90	90	4269074
505	564	853	90	90	4269080
504	561	857	90	90	4269087
504	557	861	90	90	4269093
504	553	865	90	90	4269099
504	549	869	90	90	4269105
504	545	873	90	90	4269112
504	541	878	90	90	4269118
505	538	882	90	90	4269124
505	534	886	90	90	4269130
505	530	886	90	90	4269137
505	526	890	90	90	4269143
505	522	890	90	90	4269149
505	519	894	90	90	4269155
505	515	898	90	90	4269162
505	511	898	90	90	4269168
506	508	902	90	90	4269174
506	504	906	90	90	4269180
506	500	910	90	90	4269187
506	496	910	90	90	4269193
506	492	914	90	90	4269199
506	488	914	90	90	4269205
506	484	918	90	90	4269212
507	480	918	90	90	4269218
507	476	918	90	90	4269224
507	471	918	90	90	4269230
507	467	918	90	90	4269237
507	463	918	90	90	4269243
507	459	918	90	90	4269249
507	455	922	90	90	4269255
506	450	922	90	90	4269262
506	446	922	90	90	4269268
506	441	922	90	90	4269274
506	437	922	90	90	4269280
506	432	922	90	90	4269287
506	428	922	90	90	4269293
506	423	922	90	90	4269299
506	419	922	90	90	4269305
507	414	922	90	90	4269312
507	409	922	90	90	4269318
507	405	926	90	90	4269324
507	400	926	90	90	4269330
507	395	926	90	90	4269337
507	390	926	90	90	4269343
507	386	930	90	90	4269349
507	381	930	90	90	4269355
507	377	934	90	90	4269362
507	372	934	90	90	4269368
507	368	934	90	90	4269374
507	363	934	90	90	4269380
507	358	934	90	90	4269387
507	354	938	90	90	4269393
507	350	938	90	90	4269399
507	345	938	90	90	4269405
507	340	938	90	90	4269412
506	336	938	90	90	4269418
506	331	942	90	90	4269424
506	327	942	90	90	4269430
506	323	942	90	90	4269437
506	318	942	90	90	4269443
506	314	942	90	90	4269449
505	310	942	90	90	4269455
505	306	942	90	90	4269462
505	302	946	90	90	4269468
504	298	946	90	90	4269474
504	294	950	90	90	4269480
503	290	950	90	90	4269487
503	287	950	90	90	4269493
503	284	954	90	90	4269499
502	280	954	90	90	4269505
501	277	958	90	90	4269512
501	274	958	90	90	4269518
500	272	958	90	90	4269524
500	269	958	90	90	4269530
500	267	958	90	90	4269537
499	266	962	90	90	4269543
499	264	962	90	90	4269549
499	263	962	90	90	4269555
498	262	966	90	90	4269568
498	261	966	90	90	4269605
499	260	966	90	90	4269618
500	261	966	90	90	4269624
501	261	970	90	90	4269630
502	262	966	90	90	4269637
504	262	966	90	90	4269643
505	262	962	90	90	4269649
507	263	962	90	90	4269655
510	263	958	90	90	4269662
512	264	954	90	90	4269668
515	264	954	90	90	4269674
518	264	950	90	90	4269680
521	265	950	90	90	4269687
525	265	950	90	90	4269693
528	265	950	90	90	4269699
532	265	950	90	90	4269705
536	265	950	90	90	4269712
540	265	950	90	90	4269718
544	265	950	90	90	4269724
548	265	950	90	90	4269730
551	265	950	90	90	4269737
555	265	950	90	90	4269743
559	265	950	90	90	4269749
562	265	950	90	90	4269755
565	265	950	90	90	4269762
568	265	950	90	90	4269768
570	265	942	90	90	4269774
572	265	934	90	90	4269780
574	265	914	90	90	4269787
575	266	882	90	90	4269793
577	267	797	90	90	4269799
578	268	644	90	90	4269805
578	270	487	90	90	4269812
579	272	318	90	90	4269818
580	275	72	90	90	4269830
189
751	592	28	90	90	4270312
749	593	120	90	90	4270318
748	593	213	90	90	4270324
747	593	307	90	90	4270337
746	594	503	90	90	4270368
747	594	644	90	90	4270374
749	595	672	90	90	4270380
750	595	696	90	90	4270387
753	595	712	90	90	4270393
755	595	733	90	90	4270399
758	595	741	90	90	4270405
761	595	749	90	90	4270412
764	596	753	90	90	4270418
767	596	761	90	90	4270424
770	596	765	90	90	4270430
773	596	773	90	90	4270437
776	596	777	90	90	4270443
779	597	785	90	90	4270449
782	597	793	90	90	4270455
784	597	797	90	90	4270462
787	598	801	90	90	4270468
789	598	809	90	90	4270474
792	598	809	90	90	4270480
794	598	813	90	90	4270487
796	598	813	90	90	4270493
797	598	817	90	90	4270499
799	599	817	90	90	4270505
800	599	821	90	90	4270512
801	599	823	90	90	4270524
802	599	831	90	90	4270568
803	598	837	90	90	4270580
803	597	841	90	90	4270587
803	596	841	90	90	4270593
802	595	841	90	90	4270599
802	593	845	90	90	4270605
802	592	845	90	90	4270612
802	591	849	90	90	4270618
802	589	849	90	90	4270624
802	587	853	90	90	4270630
802	585	857	90	90	4270637
802	583	861	90	90	4270643
802	581	865	90	90	4270649
803	578	865	90	90	4270655
803	576	869	90	90	4270662
803	573	873	90	90	4270668
803	570	878	90	90	4270674
803	567	882	90	90	4270680
803	564	886	90	90	4270687
804	561	890	90	90	4270693
804	558	898	90	90	4270699
804	555	902	90	90	4270705
804	552	906	90	90	4270712
804	549	910	90	90	4270718
804	545	914	90	90	4270724
804	542	914	90	90	4270730
804	538	918	90	90	4270737
804	535	922	90	90	4270743
804	531	922	90	90	4270749
804	528	926	90	90	4270755
804	524	930	90	90	4270762
804	521	930	90	90	4270768
804	517	934	90	90	4270774
804	514	934	90	90	4270780
804	510	938	90	90	4270787
804	507	942	90	90	4270793
804	503	942	90	90	4270799
804	500	946	90	90	4270805
804	496	946	90	90	4270812
804	492	950	90	90	4270818
804	489	950	90	90	4270824
804	485	950	90	90	4270830
804	482	950	90	90	4270837
804	478	954	90	90	4270843
804	474	954	90	90	4270849
804	471	954	90	90	4270855
804	467	954	90	90	4270862
804	464	954	90	90	4270868
804	460	954	90	90	4270874
804	457	954	90	90	4270880
804	453	954	90	90	4270887
805	450	958	90	90	4270893
805	446	958	90	90	4270899
805	443	958	90	90	4270905
805	439	958	90	90	4270912
805	436	958	90	90	4270918
805	432	958	90	90	4270924
805	429	958	90	90	4270930
805	425	958	90	90	4270937
805	422	958	90	90	4270943
805	418	958	90	90	4270949
805	415	958	90	90	4270955
805	412	962	90	90	4270962
805	408	962	90	90	4270968
805	405	962	90	90	4270974
804	402	962	90	90	4270980
804	398	962	90	90	4270987
804	395	966	90	90	4270993
803	391	966	90	90	4270999
803	388	966	90	90	4271005
803	385	966	90	90	4271012
803	382	966	90	90	4271018
803	378	970	90	90	4271024
803	375	970	90	90	4271030
803	372	970	90	90	4271037
803	369	970	90	90	4271043
804	366	970	90	90	4271049
804	363	974	90	90	4271055
804	360	974	90	90	4271062
804	357	974	90	90	4271068
804	354	974	90	90	4271074
804	351	974	90	90	4271080
804	348	974	90	90	4271087
804	345	974	90	90	4271093
804	343	974	90	90	4271099
804	340	974	90	90	4271105
804	337	974	90	90	4271112
804	334	974	90	90	4271118
804	331	974	90	90	4271124
805	328	974	90	90	4271130
805	325	974	90	90	4271137
805	322	974	90	90	4271143
805	319	974	90	90	4271149
805	316	974	90	90	4271155
805	313	974	90	90	4271162
804	310	974	90	90	4271168
804	308	974	90	90	4271174
804	305	974	90	90	4271180
803	302	974	90	90	4271187
803	299	974	90	90	4271193
802	296	974	90	90	4271199
802	293	974	90	90	4271205
802	291	978	90	90	4271212
801	288	978	90	90	4271218
801	286	978	90	90	4271224
800	283	978	90	90	4271230
800	281	978	90	90	4271237
800	278	978	90	90	4271243
799	276	978	90	90	4271249
799	273	978	90	90	4271255
798	271	978	90	90	4271262
798	269	978	90	90	4271268
798	267	978	90	90	4271274
797	265	978	90	90	4271280
797	263	978	90	90	4271287
797	261	978	90	90	4271293
797	259	978	90	90	4271299
796	258	978	90	90	4271305
796	256	978	90	90	4271312
796	254	978	90	90	4271318
796	253	978	90	90	4271324
796	252	978	90	90	4271330
795	250	978	90	90	4271337
795	249	978	90	90	4271343
795	248	978	90	90	4271349
795	247	978	90	90	4271362
794	246	978	90	90	4271374
794	245	978	90	90	4271399
793	244	978	90	90	4271412
792	244	978	90	90	4271424
790	244	978	90	90	4271430
789	245	978	90	90	4271437
788	245	974	90	90	4271443
787	245	974	90	90	4271449
786	245	974	90	90	4271455
784	245	974	90	90	4271462
782	245	974	90	90	4271468
780	245	974	90	90	4271474
778	245	974	90	90	4271480
775	246	974	90	90	4271487
773	246	974	90	90	4271493
770	246	974	90	90	4271499
767	246	974	90	90	4271505
764	246	974	90	90	4271512
761	246	974	90	90	4271518
758	246	974	90	90	4271524
755	246	974	90	90	4271530
751	246	974	90	90	4271537
748	246	974	90	90	4271543
745	246	970	90	90	4271549
742	247	970	90	90	4271555
739	247	962	90	90	4271562
737	247	954	90	90	4271568
735	247	934	90	90	4271574
734	247	898	90	90	4271580
732	247	769	90	90	4271587
731	248	616	90	90	4271593
730	248	443	90	90	4271599
729	249	265	90	90	4271605
727	251	40	90	90	4271618
4
1
549	562	0	90	90	4399020
37
470	593	120	90	90	4399332
469	594	374	90	90	4399351
469	595	616	90	90	4399363
470	595	628	90	90	4399370
472	595	636	90	90	4399376
474	595	644	90	90	4399382
477	594	660	90	90	4399388
480	594	676	90	90	4399395
483	595	696	90	90	4399401
487	595	720	90	90	4399407
491	595	741	90	90	4399413
495	595	757	90	90	4399420
500	595	773	90	90	4399426
505	595	789	90	90	4399432
510	596	797	90	90	4399438
516	596	805	90	90	4399445
521	596	813	90	90	4399451
527	596	821	90	90	4399457
533	596	825	90	90	4399463
538	596	833	90	90	4399470
544	596	837	90	90	4399476
549	596	845	90	90	4399482
554	596	853	90	90	4399488
558	597	857	90	90	4399495
562	597	865	90	90	4399501
565	597	869	90	90	4399507
568	596	873	90	90	4399513
571	596	878	90	90	4399520
573	596	882	90	90	4399526
574	596	882	90	90	4399532
575	595	873	90	90	4399545
576	595	819	90	90	4399563
575	595	708	90	90	4399570
574	595	567	90	90	4399576
571	595	414	90	90	4399582
569	595	261	90	90	4399588
565	595	52	90	90	4399601
133
468	585	267	90	90	4400101
468	584	527	90	90	4400113
468	583	563	90	90	4400120
468	582	592	90	90	4400126
468	581	616	90	90	4400132
468	580	640	90	90	4400138
468	579	656	90	90	4400145
468	577	676	90	90	4400151
468	575	692	90	90	4400157
468	573	704	90	90	4400163
468	570	724	90	90	4400170
468	568	737	90	90	4400176
468	565	753	90	90	4400182
468	562	765	90	90	4400188
468	559	777	90	90	4400195
468	555	789	90	90	4400201
468	552	797	90	90	4400207
468	548	805	90	90	4400213
468	545	813	90	90	4400220
469	541	817	90	90	4400226
469	537	825	90	90	4400232
469	533	829	90	90	4400238
469	529	837	90	90	4400245
469	526	841	90	90	4400251
469	522	849	90	90	4400257
470	518	857	90	90	4400263
470	514	861	90	90	4400270
470	510	869	90	90	4400276
470	506	873	90	90	4400282
470	502	878	90	90	4400288
470	498	882	90	90	4400295
470	494	886	90	90	4400301
470	490	886	90	90	4400307
470	485	890	90	90	4400313
469	481	894	90	90	4400320
469	477	898	90	90	4400326
469	472	902	90	90	4400332
468	468	902	90	90	4400338
468	463	906	90	90	4400345
467	459	910	90	90	4400351
467	454	914	90	90	4400357
466	449	914	90	90	4400363
466	445	918	90	90	4400370
466	440	918	90	90	4400376
465	435	922	90	90	4400382
465	431	926	90	90	4400388
465	426	926	90	90	4400395
465	421	926	90	90	4400401
465	416	930	90	90	4400407
465	411	930	90	90	4400413
465	406	934	90	90	4400420
465	401	934	90	90	4400426
465	396	934	90	90	4400432
465	391	934	90	90	4400438
465	386	938	90	90	4400445
465	381	938	90	90	4400451
465	376	942	90	90	4400457
465	371	942	90	90	4400463
465	365	942	90	90	4400470
465	360	946	90	90	4400476
465	355	946	90	90	4400482
465	350	950	90	90	4400488
464	345	950	90	90	4400495
464	340	950	90	90	4400501
464	335	954	90	90	4400507
463	330	958	90	90	4400513
463	325	962	90	90	4400520
463	320	962	90	90	4400526
462	315	966	90	90	4400532
462	311	966	90	90	4400538
461	307	970	90	90	4400545
461	302	974	90	90	4400551
461	299	974	90	90	4400557
460	295	974	90	90	4400563
460	291	978	90	90	4400570
460	288	978	90	90	4400576
460	285	978	90	90	4400582
459	282	978	90	90	4400588
459	280	982	90	90	4400595
459	277	978	90	90	4400601
459	275	978	90	90	4400607
458	273	978	90	90	4400613
458	271	978	90	90	4400620
458	270	978	90	90	4400626
458	269	978	90	90	4400632
458	268	978	90	90	4400638
459	267	978	90	90	4400651
459	266	976	90	90	4400663
460	265	974	90	90	4400676
461	265	974	90	90	4400688
463	265	974	90	90	4400695
464	265	974	90	90	4400701
465	265	974	90	90	4400707
467	265	974	90	90	4400713
469	265	974	90	90	4400720
471	265	974	90	90	4400726
473	265	974	90	90	4400732
476	265	974	90	90	4400738
479	265	974	90	90	4400745
482	265	974	90	90	4400751
486	265	974	90	90	4400757
489	265	970	90	90	4400763
494	265	970	90	90	4400770
498	264	970	90	90	4400776
503	264	974	90	90	4400782
507	264	974	90	90	4400788
512	264	978	90	90	4400795
517	263	978	90	90	4400801
522	263	982	90	90	4400807
528	263	982	90	90	4400813
533	262	986	90	90	4400820
538	262	986	90	90	4400826
543	261	990	90	90	4400832
549	261	990	90	90	4400838
554	260	990	90	90	4400845
559	260	990	90	90	4400851
564	259	994	90	90	4400857
569	259	994	90	90	4400863
574	258	994	90	90	4400870
578	258	994	90	90	4400876
583	257	994	90	90	4400882
587	257	994	90	90	4400888
591	256	990	90	90	4400895
594	256	986	90	90	4400901
597	256	978	90	90	4400907
600	256	962	90	90	4400913
602	256	938	90	90	4400920
604	256	890	90	90	4400926
606	256	757	90	90	4400932
607	257	600	90	90	4400938
607	258	426	90	90	4400945
608	260	253	90	90	4400951
608	262	36	90	90	4400963
151
770	577	76	90	90	4401915
768	577	269	90	90	4401927
767	578	585	90	90	4401965
769	578	684	90	90	4401971
771	578	712	90	90	4401977
773	578	745	90	90	4401984
775	579	773	90	90	4401990
779	579	797	90	90	4401996
783	580	813	90	90	4402002
787	580	825	90	90	4402009
792	580	833	90	90	4402015
797	581	841	90	90	4402021
802	581	845	90	90	4402027
807	581	849	90	90	4402034
812	582	853	90	90	4402040
817	582	857	90	90	4402046
821	582	861	90	90	4402052
824	582	865	90	90	4402059
828	582	869	90	90	4402065
831	582	869	90	90	4402071
834	582	873	90	90	4402077
837	582	878	90	90	4402084
839	582	882	90	90	4402090
841	582	882	90	90	4402096
843	582	882	90	90	4402102
844	582	886	90	90	4402109
846	581	886	90	90	4402115
847	581	886	90	90	4402127
848	581	890	90	90	4402146
849	580	890	90	90	4402159
849	578	892	90	90	4402171
849	577	894	90	90	4402177
849	575	894	90	90	4402184
849	574	894	90	90	4402190
849	572	898	90	90	4402196
849	570	898	90	90	4402202
849	568	902	90	90	4402209
849	566	902	90	90	4402215
849	563	906	90	90	4402221
849	560	906	90	90	4402227
850	557	910	90	90	4402234
850	554	910	90	90	4402240
850	551	910	90	90	4402246
850	548	914	90	90	4402252
851	544	914	90	90	4402259
851	540	914	90	90	4402265
851	537	918	90	90	4402271
851	533	922	90	90	4402277
851	529	926	90	90	4402284
851	525	930	90	90	4402290
851	521	934	90	90	4402296
852	517	938	90	90	4402302
852	513	942	90	90	4402309
852	508	942	90	90	4402315
853	504	946	90	90	4402321
853	499	950	90	90	4402327
854	494	950	90	90	4402334
854	489	954	90	90	4402340
854	485	954	90	90	4402346
855	480	958	90	90	4402352
855	475	958	90	90	4402359
855	470	958	90	90	4402365
855	465	962	90	90	4402371
855	461	962	90	90	4402377
856	456	966	90	90	4402384
856	451	966	90	90	4402390
856	446	970	90	90	4402396
856	441	970	90	90	4402402
856	436	974	90	90	4402409
855	431	974	90	90	4402415
855	426	978	90	90	4402421
855	421	978	90	90	4402427
855	416	978	90	90	4402434
855	411	982	90	90	4402440
854	406	986	90	90	4402446
854	401	990	90	90	4402452
853	396	990	90	90	4402459
853	391	990	90	90	4402465
853	386	994	90	90	4402471
852	382	994	90	90	4402477
852	377	998	90	90	4402484
852	373	998	90	90	4402490
851	368	1002	90	90	4402496
851	363	1002	90	90	4402502
851	358	1002	90	90	4402509
850	354	1006	90	90	4402515
850	349	1006	90	90	4402521
849	345	1006	90	90	4402527
849	340	1006	90	90	4402534
849	336	1006	90	90	4402540
849	331	1006	90	90	4402546
848	327	1006	90	90	4402552
848	323	1006	90	90	4402559
848	318	1006	90	90	4402565
847	314	1010	90	90	4402571
847	310	1010	90	90	4402577
847	306	1010	90	90	4402584
846	302	1010	90	90	4402590
846	299	1010	90	90	4402596
846	295	1010	90	90	4402602
845	292	1010	90	90	4402609
845	288	1014	90	90	4402615
844	285	1014	90	90	4402621
844	282	1014	90	90	4402627
843	280	1014	90	90	4402634
843	277	1014	90	90	4402640
843	275	1014	90	90	4402646
842	272	1010	90	90	4402652
842	271	1010	90	90	4402659
841	269	1010	90	90	4402665
841	267	1010	90	90	4402671
840	266	1010	90	90	4402677
839	265	1010	90	90	4402684
838	264	1006	90	90	4402690
837	263	1010	90	90	4402696
835	262	1010	90	90	4402702
834	262	1010	90	90	4402709
832	261	1010	90	90	4402715
830	261	1010	90	90	4402721
828	260	1010	90	90	4402727
825	260	1010	90	90	4402734
823	260	1010	90	90	4402740
820	259	1010	90	90	4402746
817	259	1010	90	90	4402752
814	259	1010	90	90	4402759
811	259	1010	90	90	4402765
807	258	1010	90	90	4402771
804	258	1010	90	90	4402777
800	258	1006	90	90	4402784
796	258	1006	90	90	4402790
792	258	1006	90	90	4402796
787	257	1006	90	90	4402802
783	257	1006	90	90	4402809
778	257	1010	90	90	4402815
774	257	1010	90	90	4402821
770	257	1010	90	90	4402827
766	256	1010	90	90	4402834
761	256	1010	90	90	4402840
757	256	1010	90	90	4402846
754	256	1010	90	90	4402852
750	255	1010	90	90	4402859
747	255	1010	90	90	4402865
744	255	1010	90	90	4402871
742	255	1010	90	90	4402877
740	255	1010	90	90	4402884
738	255	1006	90	90	4402890
737	255	1002	90	90	4402896
736	255	903	90	90	4402927
735	256	470	90	90	4402940
735	258	197	90	90	4402946
734	259	8	90	90	4402959
3
1
546	563	0	90	90	4515387
125
568	584	8	90	90	4515593
569	584	144	90	90	4515599
570	584	399	90	90	4515618
569	585	624	90	90	4515624
568	585	648	90	90	4515630
566	585	668	90	90	4515637
565	585	684	90	90	4515643
562	584	700	90	90	4515649
560	584	724	90	90	4515655
557	584	741	90	90	4515662
553	584	761	90	90	4515668
548	584	781	90	90	4515674
544	583	793	90	90	4515680
539	583	809	90	90	4515687
534	583	817	90	90	4515693
529	582	825	90	90	4515699
523	582	833	90	90	4515705
518	582	841	90	90	4515712
513	582	849	90	90	4515718
509	581	853	90	90	4515724
504	581	861	90	90	4515730
500	581	865	90	90	4515737
496	581	869	90	90	4515743
493	581	873	90	90	4515749
490	581	878	90	90	4515755
487	581	882	90	90	4515762
485	581	886	90	90	4515768
483	581	890	90	90	4515774
481	581	894	90	90	4515780
480	581	896	90	90	4515793
479	581	898	90	90	4515805
479	580	902	90	90	4515818
479	578	902	90	90	4515824
479	577	902	90	90	4515830
479	575	906	90	90	4515837
480	573	906	90	90	4515843
480	571	910	90	90	4515849
480	568	914	90	90	4515855
480	565	918	90	90	4515862
480	562	922	90	90	4515868
481	558	926	90	90	4515874
481	554	930	90	90	4515880
481	550	934	90	90	4515887
481	545	938	90	90	4515893
482	541	942	90	90	4515899
482	536	950	90	90	4515905
482	530	954	90	90	4515912
482	524	958	90	90	4515918
482	518	962	90	90	4515924
482	512	966	90	90	4515930
482	506	970	90	90	4515937
482	499	970	90	90	4515943
481	493	974	90	90	4515949
481	486	978	90	90	4515955
481	479	982	90	90	4515962
480	472	982	90	90	4515968
480	465	986	90	90	4515974
479	458	986	90	90	4515980
479	451	990	90	90	4515987
478	444	994	90	90	4515993
478	437	998	90	90	4515999
477	429	998	90	90	4516005
476	422	1002	90	90	4516012
475	415	1006	90	90	4516018
475	407	1006	90	90	4516024
474	400	1010	90	90	4516030
473	393	1010	90	90	4516037
472	386	1014	90	90	4516043
471	378	1014	90	90	4516049
470	371	1023	90	90	4516055
469	364	1023	90	90	4516062
468	357	1023	90	90	4516068
467	351	1023	90	90	4516074
466	344	1023	90	90	4516080
464	338	1023	90	90	4516087
463	331	1023	90	90	4516093
462	325	1023	90	90	4516099
460	320	1023	90	90	4516105
459	315	1023	90	90	4516112
458	310	1023	90	90	4516118
457	305	1023	90	90	4516124
456	301	1023	90	90	4516130
455	297	1023	90	90	4516137
454	294	1023	90	90	4516143
453	291	1023	90	90	4516149
453	289	1023	90	90	4516155
453	287	1023	90	90	4516162
452	285	1023	90	90	4516168
452	284	1023	90	90	4516174
453	282	1023	90	90	4516180
453	281	1023	90	90	4516187
454	281	1023	90	90	4516193
455	280	1023	90	90	4516199
456	279	1023	90	90	4516205
458	279	1023	90	90	4516212
460	278	1023	90	90	4516218
462	278	1023	90	90	4516224
465	277	1023	90	90	4516230
468	277	1023	90	90	4516237
472	276	1023	90	90	4516243
476	276	1023	90	90	4516249
480	275	1023	90	90	4516255
485	275	1023	90	90	4516262
490	275	1023	90	90	4516268
496	275	1023	90	90	4516274
502	274	1023	90	90	4516280
508	274	1023	90	90	4516287
514	274	1023	90	90	4516293
520	274	1023	90	90	4516299
526	273	1023	90	90	4516305
532	273	1023	90	90	4516312
538	273	1023	90	90	4516318
543	272	1023	90	90	4516324
548	272	1023	90	90	4516330
553	272	1023	90	90	4516337
557	272	1010	90	90	4516343
561	272	1002	90	90	4516349
564	272	990	90	90	4516355
567	272	962	90	90	4516362
569	273	910	90	90	4516368
570	274	757	90	90	4516374
571	275	596	90	90	4516380
571	277	418	90	90	4516387
571	280	241	90	90	4516393
571	283	26	90	90	4516405
122
788	575	214	90	90	4516862
789	574	555	90	90	4516880
790	574	702	90	90	4516893
792	573	724	90	90	4516899
793	573	737	90	90	4516905
796	573	753	90	90	4516912
798	573	769	90	90	4516918
801	573	785	90	90	4516924
804	573	801	90	90	4516930
808	573	817	90	90	4516937
811	574	829	90	90	4516943
816	574	841	90	90	4516949
820	574	849	90	90	4516955
824	574	857	90	90	4516962
828	575	865	90	90	4516968
832	575	869	90	90	4516974
836	575	878	90	90	4516980
840	575	878	90	90	4516987
844	575	882	90	90	4516993
848	576	886	90	90	4516999
851	576	890	90	90	4517005
853	576	890	90	90	4517012
856	576	894	90	90	4517018
858	576	894	90	90	4517024
860	576	898	90	90	4517030
861	576	902	90	90	4517037
862	576	904	90	90	4517049
863	575	907	90	90	4517068
864	574	910	90	90	4517080
864	573	914	90	90	4517087
864	572	914	90	90	4517093
864	570	918	90	90	4517099
864	568	922	90	90	4517105
864	566	926	90	90	4517112
863	563	926	90	90	4517118
863	560	930	90	90	4517124
862	557	934	90	90	4517130
862	553	938	90	90	4517137
861	548	942	90	90	4517143
861	544	946	90	90	4517149
861	539	950	90	90	4517155
860	534	954	90	90	4517162
860	529	954	90	90	4517168
860	523	958	90	90	4517174
860	518	962	90	90	4517180
859	512	966	90	90	4517187
859	506	970	90	90	4517193
859	500	974	90	90	4517199
859	494	978	90	90	4517205
858	488	982	90	90	4517212
858	482	982	90	90	4517218
858	475	986	90	90	4517224
858	469	990	90	90	4517230
858	462	994	90	90	4517237
857	456	994	90	90	4517243
857	449	998	90	90	4517249
857	443	1002	90	90	4517255
856	436	1006	90	90	4517262
856	430	1006	90	90	4517268
855	423	1010	90	90	4517274
855	417	1014	90	90	4517280
854	410	1023	90	90	4517287
854	403	1023	90	90	4517293
854	397	1023	90	90	4517299
853	390	1023	90	90	4517305
853	384	1023	90	90	4517312
852	377	1023	90	90	4517318
852	371	1023	90	90	4517324
852	365	1023	90	90	4517330
851	359	1023	90	90	4517337
851	353	1023	90	90	4517343
850	347	1023	90	90	4517349
849	341	1023	90	90	4517355
848	335	1023	90	90	4517362
847	330	1023	90	90	4517368
846	325	1023	90	90	4517374
845	320	1023	90	90	4517380
844	315	1023	90	90	4517387
842	311	1023	90	90	4517393
841	307	1023	90	90	4517399
840	303	1023	90	90	4517405
839	299	1023	90	90	4517412
838	296	1023	90	90	4517418
838	293	1023	90	90	4517424
837	290	1023	90	90	4517430
836	287	1023	90	90	4517437
835	285	1023	90	90	4517443
834	283	1023	90	90	4517449
833	281	1023	90	90	4517455
832	279	1023	90	90	4517462
832	277	1023	90	90	4517468
830	276	1023	90	90	4517474
829	275	1023	90	90	4517480
828	274	1023	90	90	4517487
826	274	1023	90	90	4517493
824	273	1023	90	90	4517499
822	273	1023	90	90	4517505
819	272	1023	90	90	4517512
816	272	1023	90	90	4517518
812	272	1023	90	90	4517524
808	271	1023	90	90	4517530
804	271	1023	90	90	4517537
799	271	1023	90	90	4517543
794	271	1023	90	90	4517549
788	271	1023	90	90	4517555
782	270	1023	90	90	4517562
776	270	1023	90	90	4517568
770	269	1023	90	90	4517574
764	269	1023	90	90	4517580
758	268	1023	90	90	4517587
752	268	1023	90	90	4517593
746	267	1023	90	90	4517599
741	267	1023	90	90	4517605
736	266	1023	90	90	4517612
733	266	1014	90	90	4517618
730	266	994	90	90	4517624
728	266	946	90	90	4517630
726	267	805	90	90	4517637
725	267	640	90	90	4517643
723	269	459	90	90	4517649
722	271	277	90	90	4517655
721	274	38	90	90	4517668
