5
1
516	566	0	90	90	4040346
117
749	440	28	90	90	4041052
750	441	161	90	90	4041059
751	442	347	90	90	4041071
751	444	535	90	90	4041077
751	445	563	90	90	4041084
750	446	575	90	90	4041090
750	447	592	90	90	4041096
749	448	608	90	90	4041102
749	449	628	90	90	4041109
748	450	648	90	90	4041115
747	452	668	90	90	4041121
745	454	692	90	90	4041127
744	456	712	90	90	4041134
742	458	733	90	90	4041140
740	460	745	90	90	4041146
738	462	757	90	90	4041152
737	464	765	90	90	4041159
735	467	773	90	90	4041165
732	469	777	90	90	4041171
730	471	785	90	90	4041177
727	473	793	90	90	4041184
724	475	801	90	90	4041190
721	477	805	90	90	4041196
718	479	813	90	90	4041202
714	480	821	90	90	4041209
710	482	825	90	90	4041215
706	483	833	90	90	4041221
701	485	837	90	90	4041227
697	486	845	90	90	4041234
692	487	849	90	90	4041240
687	487	853	90	90	4041246
682	487	857	90	90	4041252
676	487	865	90	90	4041259
671	487	869	90	90	4041265
665	486	873	90	90	4041271
659	484	878	90	90	4041277
653	483	882	90	90	4041284
647	481	890	90	90	4041290
641	479	894	90	90	4041296
635	476	902	90	90	4041302
629	473	906	90	90	4041309
623	470	910	90	90	4041315
617	466	914	90	90	4041321
611	461	922	90	90	4041327
606	457	926	90	90	4041334
600	451	930	90	90	4041340
595	445	934	90	90	4041346
591	439	934	90	90	4041352
586	433	938	90	90	4041359
583	427	938	90	90	4041365
580	420	942	90	90	4041371
578	413	942	90	90	4041377
576	406	942	90	90	4041384
575	399	942	90	90	4041390
575	392	942	90	90	4041396
575	385	946	90	90	4041402
576	379	946	90	90	4041409
577	372	950	90	90	4041415
579	365	950	90	90	4041421
582	359	954	90	90	4041427
586	352	954	90	90	4041434
591	346	958	90	90	4041440
596	340	958	90	90	4041446
602	335	962	90	90	4041452
609	329	962	90	90	4041459
616	324	966	90	90	4041465
624	320	966	90	90	4041471
632	316	966	90	90	4041477
640	312	966	90	90	4041484
649	309	970	90	90	4041490
658	306	970	90	90	4041496
668	304	966	90	90	4041502
677	302	966	90	90	4041509
686	301	966	90	90	4041515
695	300	962	90	90	4041521
704	299	962	90	90	4041527
712	299	962	90	90	4041534
719	299	962	90	90	4041540
727	299	962	90	90	4041546
733	301	962	90	90	4041552
740	302	962	90	90	4041559
746	304	962	90	90	4041565
751	306	962	90	90	4041571
756	309	962	90	90	4041577
761	312	962	90	90	4041584
765	316	962	90	90	4041590
769	320	962	90	90	4041596
772	324	962	90	90	4041602
775	328	962	90	90	4041609
777	333	962	90	90	4041615
779	338	958	90	90	4041621
781	344	962	90	90	4041627
782	349	962	90	90	4041634
782	355	958	90	90	4041640
782	361	958	90	90	4041646
782	368	958	90	90	4041652
781	374	958	90	90	4041659
780	381	958	90	90	4041665
778	387	958	90	90	4041671
776	393	958	90	90	4041677
774	400	958	90	90	4041684
771	406	958	90	90	4041690
768	412	958	90	90	4041696
764	418	958	90	90	4041702
760	423	958	90	90	4041709
756	429	958	90	90	4041715
752	435	954	90	90	4041721
748	440	950	90	90	4041727
744	445	946	90	90	4041734
739	450	934	90	90	4041740
735	454	918	90	90	4041746
731	458	882	90	90	4041752
727	462	781	90	90	4041759
723	465	624	90	90	4041765
719	468	463	90	90	4041771
716	470	294	90	90	4041777
712	472	60	90	90	4041790
37
677	397	48	90	90	4042652
676	400	169	90	90	4042658
676	401	443	90	90	4042683
675	400	583	90	90	4042689
675	397	612	90	90	4042695
675	393	636	90	90	4042702
675	389	668	90	90	4042708
675	383	704	90	90	4042714
674	376	745	90	90	4042720
674	368	781	90	90	4042727
674	358	809	90	90	4042733
673	348	837	90	90	4042739
673	337	857	90	90	4042745
673	326	878	90	90	4042752
672	314	894	90	90	4042758
672	303	906	90	90	4042764
672	290	922	90	90	4042770
672	278	930	90	90	4042777
672	266	938	90	90	4042783
671	253	946	90	90	4042789
671	241	954	90	90	4042795
671	229	958	90	90	4042802
671	217	966	90	90	4042808
670	206	970	90	90	4042814
670	195	974	90	90	4042820
670	184	982	90	90	4042827
669	175	986	90	90	4042833
669	166	990	90	90	4042839
669	158	990	90	90	4042845
668	151	986	90	90	4042852
668	145	974	90	90	4042858
668	140	954	90	90	4042864
668	137	918	90	90	4042870
668	134	777	90	90	4042877
668	133	529	90	90	4042889
667	134	261	90	90	4042895
666	137	36	90	90	4042908
90
560	621	64	90	90	4043704
559	622	161	90	90	4043710
559	624	335	90	90	4043729
559	625	433	90	90	4043747
560	624	485	90	90	4043760
561	622	535	90	90	4043766
561	621	571	90	90	4043772
562	619	612	90	90	4043779
562	617	648	90	90	4043785
562	615	684	90	90	4043791
562	612	720	90	90	4043797
562	608	745	90	90	4043804
563	604	761	90	90	4043810
563	600	773	90	90	4043816
563	596	789	90	90	4043822
564	591	797	90	90	4043829
564	587	809	90	90	4043835
564	582	817	90	90	4043841
564	577	825	90	90	4043847
564	572	837	90	90	4043854
564	567	845	90	90	4043860
564	563	857	90	90	4043866
564	558	869	90	90	4043872
564	554	882	90	90	4043879
564	549	890	90	90	4043885
564	545	898	90	90	4043891
565	541	906	90	90	4043897
565	537	910	90	90	4043904
565	532	914	90	90	4043910
565	528	918	90	90	4043916
566	524	922	90	90	4043922
566	521	926	90	90	4043929
566	517	930	90	90	4043935
566	514	934	90	90	4043941
566	510	938	90	90	4043947
566	507	942	90	90	4043954
566	503	946	90	90	4043960
567	500	950	90	90	4043966
567	497	950	90	90	4043972
567	493	954	90	90	4043979
567	490	954	90	90	4043985
568	487	954	90	90	4043991
568	484	958	90	90	4043997
568	481	962	90	90	4044004
568	478	962	90	90	4044010
568	475	966	90	90	4044016
568	471	966	90	90	4044022
568	468	970	90	90	4044029
568	465	974	90	90	4044035
569	463	974	90	90	4044041
569	460	978	90	90	4044047
569	457	978	90	90	4044054
569	454	982	90	90	4044060
569	452	982	90	90	4044066
570	449	986	90	90	4044072
570	447	986	90	90	4044079
570	444	986	90	90	4044085
570	442	990	90	90	4044091
570	440	990	90	90	4044097
570	437	990	90	90	4044104
571	435	990	90	90	4044110
571	432	990	90	90	4044116
571	430	990	90	90	4044122
571	428	994	90	90	4044129
571	426	994	90	90	4044135
571	423	994	90	90	4044141
572	421	994	90	90	4044147
572	419	994	90	90	4044154
572	418	994	90	90	4044160
572	416	994	90	90	4044166
573	414	994	90	90	4044172
573	412	994	90	90	4044179
573	410	994	90	90	4044185
573	409	994	90	90	4044191
573	407	994	90	90	4044197
574	405	994	90	90	4044204
574	404	994	90	90	4044210
574	402	994	90	90	4044216
574	401	994	90	90	4044222
574	400	994	90	90	4044229
574	398	994	90	90	4044235
574	397	994	90	90	4044241
574	396	998	90	90	4044247
575	395	994	90	90	4044260
575	394	992	90	90	4044272
575	393	906	90	90	4044297
574	394	612	90	90	4044304
573	395	443	90	90	4044310
572	397	261	90	90	4044316
571	399	36	90	90	4044329
102
762	650	439	90	90	4045117
763	648	628	90	90	4045123
763	647	648	90	90	4045129
763	645	668	90	90	4045136
763	643	692	90	90	4045142
763	641	724	90	90	4045148
763	638	753	90	90	4045154
763	635	781	90	90	4045161
763	632	801	90	90	4045167
763	629	817	90	90	4045173
763	625	833	90	90	4045179
763	621	849	90	90	4045186
763	617	861	90	90	4045192
764	612	869	90	90	4045198
764	608	878	90	90	4045204
764	603	886	90	90	4045211
765	599	894	90	90	4045217
765	594	902	90	90	4045223
765	590	910	90	90	4045229
765	586	918	90	90	4045236
765	582	922	90	90	4045242
765	578	930	90	90	4045248
765	574	938	90	90	4045254
765	570	942	90	90	4045261
765	566	950	90	90	4045267
765	563	950	90	90	4045273
765	559	954	90	90	4045279
765	555	958	90	90	4045286
765	552	958	90	90	4045292
765	548	962	90	90	4045298
765	545	962	90	90	4045304
764	542	962	90	90	4045311
764	539	966	90	90	4045317
764	536	966	90	90	4045323
764	532	970	90	90	4045329
764	529	970	90	90	4045336
764	526	974	90	90	4045342
764	523	974	90	90	4045348
763	520	974	90	90	4045354
763	517	974	90	90	4045361
763	514	978	90	90	4045367
763	511	978	90	90	4045373
763	507	978	90	90	4045379
763	504	978	90	90	4045386
763	501	978	90	90	4045392
763	498	978	90	90	4045398
763	495	978	90	90	4045404
763	492	978	90	90	4045411
764	489	978	90	90	4045417
764	487	978	90	90	4045423
764	484	978	90	90	4045429
764	481	978	90	90	4045436
765	478	978	90	90	4045442
765	475	978	90	90	4045448
765	473	978	90	90	4045454
765	470	978	90	90	4045461
766	468	978	90	90	4045467
766	465	978	90	90	4045473
766	462	978	90	90	4045479
766	460	978	90	90	4045486
767	457	978	90	90	4045492
767	455	978	90	90	4045498
767	452	982	90	90	4045504
767	450	982	90	90	4045511
768	447	982	90	90	4045517
768	445	982	90	90	4045523
768	443	982	90	90	4045529
768	440	982	90	90	4045536
769	438	982	90	90	4045542
769	435	982	90	90	4045548
769	433	982	90	90	4045554
770	431	982	90	90	4045561
770	428	982	90	90	4045567
770	426	982	90	90	4045573
771	424	982	90	90	4045579
771	422	986	90	90	4045586
771	420	986	90	90	4045592
772	418	986	90	90	4045598
772	416	986	90	90	4045604
772	414	986	90	90	4045611
773	412	986	90	90	4045617
773	409	986	90	90	4045623
773	407	986	90	90	4045629
774	405	986	90	90	4045636
774	403	986	90	90	4045642
774	401	986	90	90	4045648
775	399	986	90	90	4045654
775	398	986	90	90	4045661
775	396	986	90	90	4045667
775	394	990	90	90	4045673
775	393	990	90	90	4045679
776	391	990	90	90	4045686
776	390	990	90	90	4045692
776	389	986	90	90	4045698
776	387	986	90	90	4045704
776	386	986	90	90	4045711
776	385	982	90	90	4045717
776	384	962	90	90	4045729
776	383	761	90	90	4045748
775	383	426	90	90	4045754
774	385	245	90	90	4045761
773	386	28	90	90	4045773
5
1
545	552	0	90	90	4171034
48
512	644	52	90	90	4171465
512	645	158	90	90	4171478
512	646	359	90	90	4171503
512	645	527	90	90	4171509
512	644	583	90	90	4171515
512	642	628	90	90	4171522
512	639	668	90	90	4171528
512	636	708	90	90	4171534
512	632	745	90	90	4171540
512	628	773	90	90	4171547
513	622	793	90	90	4171553
513	617	809	90	90	4171559
513	610	825	90	90	4171565
514	604	841	90	90	4171572
514	596	853	90	90	4171578
515	589	865	90	90	4171584
515	582	878	90	90	4171590
516	575	890	90	90	4171597
516	567	902	90	90	4171603
517	560	914	90	90	4171609
517	553	922	90	90	4171615
518	546	930	90	90	4171622
518	538	942	90	90	4171628
518	531	950	90	90	4171634
518	524	958	90	90	4171640
518	517	966	90	90	4171647
518	509	970	90	90	4171653
519	502	974	90	90	4171659
519	495	982	90	90	4171665
519	488	986	90	90	4171672
519	482	990	90	90	4171678
519	476	994	90	90	4171684
519	469	994	90	90	4171690
518	464	998	90	90	4171697
518	459	1002	90	90	4171703
517	454	1002	90	90	4171709
517	450	998	90	90	4171715
516	446	994	90	90	4171722
515	442	990	90	90	4171728
515	439	978	90	90	4171734
514	437	962	90	90	4171740
513	435	934	90	90	4171747
512	433	894	90	90	4171753
512	432	801	90	90	4171759
511	431	640	90	90	4171765
510	431	471	90	90	4171772
509	432	298	90	90	4171778
508	433	62	90	90	4171790
47
738	647	72	90	90	4172665
737	648	411	90	90	4172697
737	647	592	90	90	4172703
737	646	612	90	90	4172709
737	644	632	90	90	4172715
738	642	656	90	90	4172722
738	639	684	90	90	4172728
738	635	720	90	90	4172734
738	631	753	90	90	4172740
738	626	781	90	90	4172747
738	621	805	90	90	4172753
738	614	821	90	90	4172759
739	607	837	90	90	4172765
739	600	849	90	90	4172772
740	591	861	90	90	4172778
740	583	869	90	90	4172784
741	575	882	90	90	4172790
741	566	890	90	90	4172797
742	558	902	90	90	4172803
742	550	914	90	90	4172809
742	542	922	90	90	4172815
742	534	934	90	90	4172822
742	526	942	90	90	4172828
742	518	954	90	90	4172834
741	510	962	90	90	4172840
741	503	974	90	90	4172847
740	495	978	90	90	4172853
739	488	986	90	90	4172859
739	482	990	90	90	4172865
738	475	994	90	90	4172872
737	469	994	90	90	4172878
737	463	998	90	90	4172884
736	458	1002	90	90	4172890
735	454	1002	90	90	4172897
735	449	1002	90	90	4172903
734	445	1002	90	90	4172909
734	442	998	90	90	4172915
733	439	994	90	90	4172922
733	436	986	90	90	4172928
732	433	978	90	90	4172934
732	431	962	90	90	4172940
731	429	942	90	90	4172947
731	428	898	90	90	4172953
731	427	746	90	90	4172965
730	426	511	90	90	4172972
729	426	334	90	90	4172978
728	427	76	90	90	4172990
141
515	424	88	90	90	4174178
514	425	213	90	90	4174184
513	426	338	90	90	4174191
513	427	418	90	90	4174197
512	428	491	90	90	4174203
512	429	555	90	90	4174209
511	431	608	90	90	4174216
511	432	644	90	90	4174222
511	434	672	90	90	4174228
511	436	692	90	90	4174234
511	438	708	90	90	4174241
512	440	724	90	90	4174247
512	442	737	90	90	4174253
513	444	749	90	90	4174259
514	447	757	90	90	4174266
516	449	765	90	90	4174272
517	452	773	90	90	4174278
519	455	777	90	90	4174284
521	458	785	90	90	4174291
523	461	793	90	90	4174297
525	464	801	90	90	4174303
528	467	809	90	90	4174309
532	470	817	90	90	4174316
535	473	821	90	90	4174322
539	476	829	90	90	4174328
543	479	833	90	90	4174334
548	482	837	90	90	4174341
553	485	841	90	90	4174347
558	488	845	90	90	4174353
563	491	849	90	90	4174359
569	493	849	90	90	4174366
574	496	853	90	90	4174372
580	498	857	90	90	4174378
586	500	857	90	90	4174384
591	501	857	90	90	4174391
597	503	861	90	90	4174397
603	504	861	90	90	4174403
609	505	861	90	90	4174409
616	506	861	90	90	4174416
622	507	861	90	90	4174422
628	508	861	90	90	4174428
635	509	861	90	90	4174434
641	509	861	90	90	4174441
647	510	865	90	90	4174447
653	510	865	90	90	4174453
659	510	865	90	90	4174459
665	509	865	90	90	4174466
670	509	865	90	90	4174472
675	508	865	90	90	4174478
680	507	865	90	90	4174484
684	506	865	90	90	4174491
689	505	865	90	90	4174497
694	503	865	90	90	4174503
698	502	865	90	90	4174509
702	500	865	90	90	4174516
706	497	865	90	90	4174522
711	495	865	90	90	4174528
715	492	865	90	90	4174534
719	489	865	90	90	4174541
723	486	869	90	90	4174547
726	483	869	90	90	4174553
730	479	873	90	90	4174559
733	476	873	90	90	4174566
736	472	878	90	90	4174572
739	468	882	90	90	4174578
742	464	882	90	90	4174584
745	460	886	90	90	4174591
747	456	890	90	90	4174597
749	451	890	90	90	4174603
751	447	894	90	90	4174609
753	443	898	90	90	4174616
754	438	902	90	90	4174622
755	434	906	90	90	4174628
756	430	910	90	90	4174634
756	425	914	90	90	4174641
756	421	914	90	90	4174647
756	417	918	90	90	4174653
756	412	922	90	90	4174659
755	408	926	90	90	4174666
754	404	926	90	90	4174672
753	400	930	90	90	4174678
751	395	934	90	90	4174684
750	391	934	90	90	4174691
748	387	938	90	90	4174697
746	383	942	90	90	4174703
744	378	946	90	90	4174709
742	374	950	90	90	4174716
740	370	954	90	90	4174722
738	366	958	90	90	4174728
735	361	962	90	90	4174734
732	357	966	90	90	4174741
729	353	970	90	90	4174747
726	349	970	90	90	4174753
723	345	974	90	90	4174759
720	341	974	90	90	4174766
716	336	978	90	90	4174772
712	333	978	90	90	4174778
707	329	982	90	90	4174784
703	326	982	90	90	4174791
698	322	986	90	90	4174797
694	319	986	90	90	4174803
688	317	986	90	90	4174809
683	315	986	90	90	4174816
677	313	990	90	90	4174822
671	312	990	90	90	4174828
665	311	990	90	90	4174834
659	311	990	90	90	4174841
653	310	990	90	90	4174847
646	311	994	90	90	4174853
639	311	994	90	90	4174859
632	312	994	90	90	4174866
624	313	994	90	90	4174872
617	314	994	90	90	4174878
609	316	994	90	90	4174884
601	319	994	90	90	4174891
593	322	994	90	90	4174897
585	325	994	90	90	4174903
578	329	990	90	90	4174909
570	333	990	90	90	4174916
563	337	990	90	90	4174922
556	342	990	90	90	4174928
550	347	990	90	90	4174934
544	352	986	90	90	4174941
538	358	986	90	90	4174947
533	364	986	90	90	4174953
529	370	986	90	90	4174959
525	376	982	90	90	4174966
521	383	982	90	90	4174972
518	389	978	90	90	4174978
515	396	978	90	90	4174984
513	403	978	90	90	4174991
511	409	974	90	90	4174997
509	415	966	90	90	4175003
508	421	954	90	90	4175009
507	426	930	90	90	4175016
507	430	857	90	90	4175022
508	434	700	90	90	4175028
508	438	543	90	90	4175034
509	441	370	90	90	4175041
511	445	181	90	90	4175047
512	449	0	90	90	4175059
40
639	442	80	90	90	4176107
638	440	225	90	90	4176114
638	438	366	90	90	4176120
637	435	511	90	90	4176126
637	431	640	90	90	4176132
636	427	672	90	90	4176139
636	421	708	90	90	4176145
635	414	745	90	90	4176151
635	406	777	90	90	4176157
635	398	809	90	90	4176164
635	389	837	90	90	4176170
634	380	865	90	90	4176176
634	369	890	90	90	4176182
634	359	910	90	90	4176189
634	348	930	90	90	4176195
634	337	946	90	90	4176201
634	325	962	90	90	4176207
634	314	970	90	90	4176214
634	302	982	90	90	4176220
634	290	990	90	90	4176226
633	278	998	90	90	4176232
633	265	1002	90	90	4176239
633	253	1006	90	90	4176245
632	241	1010	90	90	4176251
632	229	1014	90	90	4176257
631	217	1023	90	90	4176264
630	205	1023	90	90	4176270
629	194	1023	90	90	4176276
628	184	1023	90	90	4176282
627	174	1023	90	90	4176289
627	164	1023	90	90	4176295
626	156	1023	90	90	4176301
625	148	1023	90	90	4176307
625	141	1023	90	90	4176314
625	136	1002	90	90	4176320
625	131	950	90	90	4176326
625	128	789	90	90	4176332
625	126	529	90	90	4176345
624	126	249	90	90	4176351
622	128	28	90	90	4176364
5
1
547	578	0	90	90	4330473
156
744	430	40	90	90	4331165
744	432	169	90	90	4331172
744	434	294	90	90	4331178
744	435	414	90	90	4331184
744	436	531	90	90	4331190
744	438	555	90	90	4331197
744	439	571	90	90	4331203
744	441	592	90	90	4331209
744	443	604	90	90	4331215
744	444	620	90	90	4331222
743	446	640	90	90	4331228
742	448	660	90	90	4331234
742	450	680	90	90	4331240
741	452	704	90	90	4331247
739	455	728	90	90	4331253
738	458	745	90	90	4331259
737	460	757	90	90	4331265
735	463	769	90	90	4331272
734	466	781	90	90	4331278
732	468	789	90	90	4331284
730	471	797	90	90	4331290
727	473	801	90	90	4331297
725	476	809	90	90	4331303
722	478	809	90	90	4331309
719	480	813	90	90	4331315
715	482	813	90	90	4331322
711	484	817	90	90	4331328
707	486	821	90	90	4331334
703	488	821	90	90	4331340
698	490	825	90	90	4331347
693	491	829	90	90	4331353
688	493	833	90	90	4331359
683	494	833	90	90	4331365
677	495	837	90	90	4331372
671	495	841	90	90	4331378
666	496	845	90	90	4331384
660	496	845	90	90	4331390
653	496	849	90	90	4331397
647	496	849	90	90	4331403
641	495	849	90	90	4331409
634	495	853	90	90	4331415
628	494	853	90	90	4331422
622	493	857	90	90	4331428
616	492	861	90	90	4331434
610	490	865	90	90	4331440
604	488	869	90	90	4331447
599	487	873	90	90	4331453
594	485	878	90	90	4331459
589	482	882	90	90	4331465
584	480	886	90	90	4331472
579	477	890	90	90	4331478
574	474	890	90	90	4331484
570	471	894	90	90	4331490
566	468	894	90	90	4331497
563	464	898	90	90	4331503
560	460	898	90	90	4331509
557	456	898	90	90	4331515
554	451	902	90	90	4331522
552	446	902	90	90	4331528
550	441	906	90	90	4331534
548	436	906	90	90	4331540
546	431	910	90	90	4331547
545	425	910	90	90	4331553
544	420	914	90	90	4331559
544	414	914	90	90	4331565
544	409	918	90	90	4331572
544	403	918	90	90	4331578
544	398	922	90	90	4331584
545	392	922	90	90	4331590
546	387	926	90	90	4331597
548	382	926	90	90	4331603
549	377	930	90	90	4331609
551	372	930	90	90	4331615
553	367	934	90	90	4331622
555	362	934	90	90	4331628
558	358	938	90	90	4331634
561	353	938	90	90	4331640
565	349	942	90	90	4331647
568	345	942	90	90	4331653
572	341	942	90	90	4331659
576	337	942	90	90	4331665
581	334	946	90	90	4331672
586	330	946	90	90	4331678
591	327	946	90	90	4331684
595	323	946	90	90	4331690
601	320	950	90	90	4331697
606	318	950	90	90	4331703
612	315	954	90	90	4331709
617	313	954	90	90	4331715
622	311	954	90	90	4331722
628	308	954	90	90	4331728
633	307	954	90	90	4331734
638	305	954	90	90	4331740
644	304	954	90	90	4331747
649	302	954	90	90	4331753
654	301	954	90	90	4331759
659	301	954	90	90	4331765
664	300	954	90	90	4331772
669	300	954	90	90	4331778
674	300	954	90	90	4331784
678	300	954	90	90	4331790
683	301	954	90	90	4331797
688	302	954	90	90	4331803
693	303	954	90	90	4331809
697	304	954	90	90	4331815
701	305	954	90	90	4331822
705	307	954	90	90	4331828
709	308	954	90	90	4331834
712	310	954	90	90	4331840
716	313	954	90	90	4331847
719	315	954	90	90	4331853
722	317	954	90	90	4331859
725	320	954	90	90	4331865
728	323	954	90	90	4331872
731	326	954	90	90	4331878
733	329	954	90	90	4331884
735	333	958	90	90	4331890
737	336	958	90	90	4331897
739	339	958	90	90	4331903
741	343	958	90	90	4331909
742	346	958	90	90	4331915
744	349	958	90	90	4331922
745	353	958	90	90	4331928
746	357	958	90	90	4331934
747	360	958	90	90	4331940
748	364	958	90	90	4331947
749	367	958	90	90	4331953
749	371	958	90	90	4331959
749	375	958	90	90	4331965
749	378	958	90	90	4331972
749	382	958	90	90	4331978
749	386	954	90	90	4331984
749	389	954	90	90	4331990
749	393	954	90	90	4331997
748	397	958	90	90	4332003
748	400	958	90	90	4332009
747	404	958	90	90	4332015
747	407	958	90	90	4332022
746	411	958	90	90	4332028
745	414	958	90	90	4332034
744	418	958	90	90	4332040
743	421	958	90	90	4332047
742	424	958	90	90	4332053
741	428	958	90	90	4332059
740	431	954	90	90	4332065
739	433	954	90	90	4332072
738	436	950	90	90	4332078
737	439	942	90	90	4332084
736	442	930	90	90	4332090
735	444	910	90	90	4332097
734	446	869	90	90	4332103
734	448	733	90	90	4332109
733	449	575	90	90	4332115
733	451	402	90	90	4332122
732	453	233	90	90	4332128
731	454	28	90	90	4332140
47
656	425	40	90	90	4333002
657	428	173	90	90	4333008
657	429	487	90	90	4333040
657	427	616	90	90	4333046
657	425	628	90	90	4333052
657	422	644	90	90	4333058
657	418	664	90	90	4333065
657	414	688	90	90	4333071
656	410	712	90	90	4333077
656	404	741	90	90	4333083
656	398	765	90	90	4333090
655	392	785	90	90	4333096
655	385	805	90	90	4333102
655	377	821	90	90	4333108
654	370	837	90	90	4333115
654	362	849	90	90	4333121
654	353	861	90	90	4333127
654	345	873	90	90	4333133
654	336	886	90	90	4333140
654	327	894	90	90	4333146
654	317	902	90	90	4333152
654	307	910	90	90	4333158
654	297	918	90	90	4333165
654	287	926	90	90	4333171
653	277	934	90	90	4333177
653	266	934	90	90	4333183
652	256	938	90	90	4333190
652	246	942	90	90	4333196
651	236	946	90	90	4333202
650	226	946	90	90	4333208
649	216	950	90	90	4333215
647	207	954	90	90	4333221
646	197	958	90	90	4333227
644	188	958	90	90	4333233
642	180	966	90	90	4333240
640	172	966	90	90	4333246
638	164	966	90	90	4333252
637	157	966	90	90	4333258
635	151	958	90	90	4333265
634	146	946	90	90	4333271
634	142	930	90	90	4333277
633	138	902	90	90	4333283
633	136	837	90	90	4333290
632	135	603	90	90	4333302
631	135	350	90	90	4333308
630	137	173	90	90	4333315
629	139	2	90	90	4333327
89
534	618	72	90	90	4334249
533	620	173	90	90	4334256
533	621	285	90	90	4334262
533	622	374	90	90	4334274
533	623	562	90	90	4334306
534	621	676	90	90	4334312
534	620	696	90	90	4334318
534	618	724	90	90	4334324
534	615	745	90	90	4334331
534	613	765	90	90	4334337
534	609	777	90	90	4334343
534	606	793	90	90	4334349
534	602	805	90	90	4334356
534	597	817	90	90	4334362
534	593	829	90	90	4334368
534	588	841	90	90	4334374
534	584	849	90	90	4334381
534	578	861	90	90	4334387
534	573	869	90	90	4334393
534	569	882	90	90	4334399
534	564	890	90	90	4334406
534	560	902	90	90	4334412
534	555	910	90	90	4334418
534	550	918	90	90	4334424
534	546	926	90	90	4334431
534	541	934	90	90	4334437
533	537	942	90	90	4334443
533	533	946	90	90	4334449
533	528	950	90	90	4334456
533	524	950	90	90	4334462
533	520	954	90	90	4334468
533	516	958	90	90	4334474
533	512	958	90	90	4334481
533	508	962	90	90	4334487
533	505	962	90	90	4334493
533	501	962	90	90	4334499
534	497	966	90	90	4334506
534	494	966	90	90	4334512
534	490	970	90	90	4334518
535	487	970	90	90	4334524
535	484	970	90	90	4334531
535	481	970	90	90	4334537
536	478	974	90	90	4334543
536	475	974	90	90	4334549
536	472	974	90	90	4334556
537	470	974	90	90	4334562
537	467	974	90	90	4334568
537	464	974	90	90	4334574
537	462	974	90	90	4334581
538	459	974	90	90	4334587
538	456	974	90	90	4334593
538	454	974	90	90	4334599
538	451	974	90	90	4334606
538	449	974	90	90	4334612
537	447	974	90	90	4334618
537	445	974	90	90	4334624
537	443	974	90	90	4334631
537	441	974	90	90	4334637
537	439	974	90	90	4334643
537	437	974	90	90	4334649
536	435	974	90	90	4334656
536	433	974	90	90	4334662
536	431	974	90	90	4334668
536	430	974	90	90	4334674
536	428	974	90	90	4334681
535	427	974	90	90	4334687
535	425	974	90	90	4334693
535	424	974	90	90	4334699
535	423	974	90	90	4334706
535	422	974	90	90	4334712
535	420	974	90	90	4334718
536	419	978	90	90	4334724
536	418	978	90	90	4334731
536	417	974	90	90	4334737
536	416	978	90	90	4334743
536	415	978	90	90	4334749
536	414	978	90	90	4334756
536	413	978	90	90	4334762
536	412	978	90	90	4334768
536	411	978	90	90	4334787
536	409	978	90	90	4334799
536	408	978	90	90	4334818
536	407	977	90	90	4334843
536	406	942	90	90	4334874
536	407	741	90	90	4334881
536	409	588	90	90	4334887
536	410	406	90	90	4334893
536	413	233	90	90	4334899
536	415	26	90	90	4334912
74
733	639	60	90	90	4335644
733	640	392	90	90	4335681
733	638	612	90	90	4335688
733	636	652	90	90	4335694
733	634	692	90	90	4335700
733	631	733	90	90	4335706
733	628	761	90	90	4335713
732	624	785	90	90	4335719
732	619	805	90	90	4335725
732	614	821	90	90	4335731
731	608	833	90	90	4335738
731	602	845	90	90	4335744
731	597	853	90	90	4335750
730	591	865	90	90	4335756
730	586	873	90	90	4335763
730	580	882	90	90	4335769
730	575	890	90	90	4335775
730	570	898	90	90	4335781
730	565	906	90	90	4335788
730	560	914	90	90	4335794
730	556	918	90	90	4335800
730	552	926	90	90	4335806
730	547	930	90	90	4335813
730	544	934	90	90	4335819
730	540	938	90	90	4335825
730	536	938	90	90	4335831
730	533	942	90	90	4335838
730	529	946	90	90	4335844
730	526	946	90	90	4335850
731	522	946	90	90	4335856
731	519	950	90	90	4335863
731	516	950	90	90	4335869
731	513	954	90	90	4335875
731	510	954	90	90	4335881
731	507	958	90	90	4335888
731	505	958	90	90	4335894
731	502	962	90	90	4335900
731	499	962	90	90	4335906
732	496	966	90	90	4335913
732	494	966	90	90	4335919
732	491	966	90	90	4335925
732	488	966	90	90	4335931
732	486	966	90	90	4335938
732	483	966	90	90	4335944
732	480	966	90	90	4335950
732	478	966	90	90	4335956
732	475	966	90	90	4335963
732	473	970	90	90	4335969
732	471	970	90	90	4335975
732	468	970	90	90	4335981
733	466	970	90	90	4335988
733	463	970	90	90	4335994
733	461	970	90	90	4336000
733	458	970	90	90	4336006
733	456	974	90	90	4336013
733	453	974	90	90	4336019
734	451	974	90	90	4336025
734	449	974	90	90	4336031
734	447	978	90	90	4336038
735	445	978	90	90	4336044
735	443	978	90	90	4336050
735	440	978	90	90	4336056
735	438	978	90	90	4336063
736	436	978	90	90	4336069
736	434	978	90	90	4336075
736	432	978	90	90	4336081
736	430	978	90	90	4336088
737	428	974	90	90	4336094
737	427	974	90	90	4336100
737	426	970	90	90	4336106
737	425	954	90	90	4336119
738	424	671	90	90	4336144
738	425	249	90	90	4336150
738	427	30	90	90	4336163
5
1
557	557	0	90	90	4457706
147
746	418	104	90	90	4458425
747	417	197	90	90	4458431
748	417	321	90	90	4458444
749	417	360	90	90	4458456
750	418	367	90	90	4458475
750	419	454	90	90	4458487
750	421	569	90	90	4458500
749	422	636	90	90	4458506
748	423	660	90	90	4458512
748	424	680	90	90	4458519
747	426	692	90	90	4458525
746	427	700	90	90	4458531
746	429	708	90	90	4458537
745	430	712	90	90	4458544
744	432	724	90	90	4458550
743	435	733	90	90	4458556
741	437	741	90	90	4458562
740	439	753	90	90	4458569
738	442	761	90	90	4458575
736	444	769	90	90	4458581
734	446	777	90	90	4458587
732	449	785	90	90	4458594
729	451	789	90	90	4458600
726	452	793	90	90	4458606
723	454	797	90	90	4458612
720	456	797	90	90	4458619
716	458	801	90	90	4458625
712	459	805	90	90	4458631
708	461	809	90	90	4458637
704	462	813	90	90	4458644
699	464	817	90	90	4458650
695	465	821	90	90	4458656
690	465	829	90	90	4458662
685	466	833	90	90	4458669
679	466	841	90	90	4458675
674	466	845	90	90	4458681
669	465	849	90	90	4458687
663	464	853	90	90	4458694
658	463	857	90	90	4458700
652	462	861	90	90	4458706
646	460	865	90	90	4458712
641	458	869	90	90	4458719
636	456	878	90	90	4458725
631	453	882	90	90	4458731
626	451	886	90	90	4458737
621	448	890	90	90	4458744
616	444	890	90	90	4458750
612	441	894	90	90	4458756
608	437	898	90	90	4458762
604	433	902	90	90	4458769
601	429	902	90	90	4458775
597	425	902	90	90	4458781
595	420	906	90	90	4458787
592	415	906	90	90	4458794
589	410	910	90	90	4458800
587	406	914	90	90	4458806
586	401	914	90	90	4458812
584	396	918	90	90	4458819
583	390	918	90	90	4458825
583	385	922	90	90	4458831
582	380	926	90	90	4458837
583	375	926	90	90	4458844
583	370	926	90	90	4458850
584	365	930	90	90	4458856
585	361	930	90	90	4458862
587	356	934	90	90	4458869
589	351	934	90	90	4458875
592	347	938	90	90	4458881
595	342	938	90	90	4458887
598	338	938	90	90	4458894
601	334	938	90	90	4458900
604	330	942	90	90	4458906
608	326	946	90	90	4458912
612	323	946	90	90	4458919
617	320	946	90	90	4458925
621	317	950	90	90	4458931
626	314	950	90	90	4458937
631	311	950	90	90	4458944
636	309	954	90	90	4458950
641	307	950	90	90	4458956
646	305	950	90	90	4458962
651	303	950	90	90	4458969
657	302	950	90	90	4458975
662	301	950	90	90	4458981
667	300	950	90	90	4458987
672	299	950	90	90	4458994
677	298	950	90	90	4459000
682	298	950	90	90	4459006
687	298	950	90	90	4459012
691	298	950	90	90	4459019
695	298	954	90	90	4459025
699	299	954	90	90	4459031
703	299	954	90	90	4459037
707	300	954	90	90	4459044
711	301	954	90	90	4459050
714	303	954	90	90	4459056
718	304	954	90	90	4459062
721	306	954	90	90	4459069
724	308	954	90	90	4459075
727	310	954	90	90	4459081
730	312	954	90	90	4459087
732	314	954	90	90	4459094
735	316	954	90	90	4459100
737	319	954	90	90	4459106
739	321	954	90	90	4459112
741	324	954	90	90	4459119
744	327	954	90	90	4459125
746	330	954	90	90	4459131
748	333	958	90	90	4459137
750	336	958	90	90	4459144
751	339	958	90	90	4459150
753	342	958	90	90	4459156
754	345	958	90	90	4459162
756	348	958	90	90	4459169
757	352	958	90	90	4459175
758	355	958	90	90	4459181
759	358	958	90	90	4459187
760	362	958	90	90	4459194
760	365	954	90	90	4459200
761	368	954	90	90	4459206
761	371	954	90	90	4459212
762	375	954	90	90	4459219
762	378	954	90	90	4459225
762	381	954	90	90	4459231
762	384	954	90	90	4459237
761	387	954	90	90	4459244
761	390	954	90	90	4459250
760	393	954	90	90	4459256
760	396	954	90	90	4459262
759	398	954	90	90	4459269
758	401	954	90	90	4459275
757	404	954	90	90	4459281
756	406	954	90	90	4459287
755	409	954	90	90	4459294
753	412	954	90	90	4459300
752	414	954	90	90	4459306
751	416	950	90	90	4459312
750	418	946	90	90	4459319
749	420	938	90	90	4459325
747	422	922	90	90	4459331
746	424	902	90	90	4459337
746	425	857	90	90	4459344
745	426	733	90	90	4459350
743	427	571	90	90	4459356
742	428	402	90	90	4459362
741	429	233	90	90	4459369
740	430	30	90	90	4459381
102
555	597	70	90	90	4460759
556	597	235	90	90	4460771
557	596	291	90	90	4460784
558	594	296	90	90	4460796
559	593	302	90	90	4460809
560	591	328	90	90	4460821
561	590	383	90	90	4460840
562	589	465	90	90	4460853
563	588	531	90	90	4460865
563	587	563	90	90	4460871
563	586	583	90	90	4460878
564	585	600	90	90	4460884
564	584	612	90	90	4460890
564	583	624	90	90	4460896
564	582	636	90	90	4460903
564	581	652	90	90	4460909
564	579	664	90	90	4460915
564	578	680	90	90	4460921
564	576	696	90	90	4460928
564	575	712	90	90	4460934
564	573	733	90	90	4460940
564	570	745	90	90	4460946
564	568	757	90	90	4460953
565	565	765	90	90	4460959
565	563	773	90	90	4460965
565	560	781	90	90	4460971
566	557	785	90	90	4460978
566	555	793	90	90	4460984
566	552	797	90	90	4460990
566	549	805	90	90	4460996
567	546	813	90	90	4461003
567	544	817	90	90	4461009
567	541	825	90	90	4461015
567	538	833	90	90	4461021
567	535	841	90	90	4461028
567	532	849	90	90	4461034
568	529	853	90	90	4461040
568	526	857	90	90	4461046
568	523	861	90	90	4461053
568	520	865	90	90	4461059
569	516	869	90	90	4461065
569	513	873	90	90	4461071
569	510	878	90	90	4461078
570	507	882	90	90	4461084
570	504	882	90	90	4461090
570	501	886	90	90	4461096
571	498	890	90	90	4461103
571	495	894	90	90	4461109
571	492	894	90	90	4461115
572	489	898	90	90	4461121
572	486	902	90	90	4461128
572	483	906	90	90	4461134
573	480	906	90	90	4461140
573	478	910	90	90	4461146
573	475	910	90	90	4461153
574	472	914	90	90	4461159
574	469	914	90	90	4461165
574	466	914	90	90	4461171
574	463	914	90	90	4461178
575	460	918	90	90	4461184
575	457	918	90	90	4461190
575	454	922	90	90	4461196
575	451	922	90	90	4461203
575	448	926	90	90	4461209
575	445	926	90	90	4461215
575	442	926	90	90	4461221
575	439	930	90	90	4461228
574	436	930	90	90	4461234
574	434	934	90	90	4461240
574	431	934	90	90	4461246
574	428	934	90	90	4461253
574	426	938	90	90	4461259
574	423	938	90	90	4461265
574	421	938	90	90	4461271
573	418	942	90	90	4461278
573	416	942	90	90	4461284
573	414	942	90	90	4461290
573	411	946	90	90	4461296
573	409	946	90	90	4461303
573	407	946	90	90	4461309
573	405	946	90	90	4461315
573	402	950	90	90	4461321
573	400	950	90	90	4461328
573	398	954	90	90	4461334
573	397	954	90	90	4461340
573	395	954	90	90	4461346
573	393	958	90	90	4461353
573	391	958	90	90	4461359
573	390	962	90	90	4461365
573	388	962	90	90	4461371
573	387	962	90	90	4461378
573	385	962	90	90	4461384
573	384	962	90	90	4461390
573	382	966	90	90	4461396
573	381	966	90	90	4461403
573	380	966	90	90	4461415
573	379	966	90	90	4461428
573	378	915	90	90	4461484
574	380	604	90	90	4461490
574	381	439	90	90	4461496
574	383	265	90	90	4461503
574	386	46	90	90	4461515
87
744	616	122	90	90	4462267
744	617	351	90	90	4462286
745	617	424	90	90	4462298
746	615	465	90	90	4462311
746	613	527	90	90	4462317
747	612	563	90	90	4462323
747	610	608	90	90	4462329
747	608	652	90	90	4462336
747	606	688	90	90	4462342
746	603	724	90	90	4462348
746	599	753	90	90	4462354
746	596	773	90	90	4462361
746	592	789	90	90	4462367
746	588	797	90	90	4462373
747	584	805	90	90	4462379
747	579	813	90	90	4462386
747	575	821	90	90	4462392
747	571	829	90	90	4462398
747	567	837	90	90	4462404
748	563	845	90	90	4462411
748	559	853	90	90	4462417
748	555	865	90	90	4462423
748	551	873	90	90	4462429
748	547	882	90	90	4462436
748	543	886	90	90	4462442
748	540	894	90	90	4462448
748	536	898	90	90	4462454
748	532	902	90	90	4462461
749	528	906	90	90	4462467
749	525	910	90	90	4462473
749	521	910	90	90	4462479
749	518	910	90	90	4462486
749	514	914	90	90	4462492
749	511	914	90	90	4462498
749	508	914	90	90	4462504
749	505	918	90	90	4462511
749	502	918	90	90	4462517
748	499	922	90	90	4462523
748	496	922	90	90	4462529
748	493	926	90	90	4462536
748	490	926	90	90	4462542
748	487	926	90	90	4462548
748	485	926	90	90	4462554
748	482	930	90	90	4462561
748	479	930	90	90	4462567
748	477	930	90	90	4462573
747	474	930	90	90	4462579
747	472	930	90	90	4462586
747	469	930	90	90	4462592
747	467	930	90	90	4462598
747	464	930	90	90	4462604
747	461	934	90	90	4462611
746	459	934	90	90	4462617
746	456	934	90	90	4462623
746	454	934	90	90	4462629
746	451	938	90	90	4462636
746	449	938	90	90	4462642
746	447	938	90	90	4462648
747	445	938	90	90	4462654
747	443	942	90	90	4462661
747	441	942	90	90	4462667
747	439	942	90	90	4462673
747	437	942	90	90	4462679
747	435	942	90	90	4462686
748	433	942	90	90	4462692
748	431	942	90	90	4462698
748	430	942	90	90	4462704
748	428	942	90	90	4462711
748	427	946	90	90	4462717
748	425	946	90	90	4462723
749	424	946	90	90	4462729
749	422	950	90	90	4462736
749	421	950	90	90	4462742
749	419	950	90	90	4462748
749	418	954	90	90	4462754
750	417	954	90	90	4462761
750	415	954	90	90	4462767
750	414	954	90	90	4462773
750	413	954	90	90	4462779
751	411	954	90	90	4462786
751	410	954	90	90	4462792
751	409	954	90	90	4462804
751	408	950	90	90	4462817
752	407	821	90	90	4462854
750	408	386	90	90	4462861
749	409	209	90	90	4462867
747	411	14	90	90	4462879
49
661	404	104	90	90	4463779
662	405	317	90	90	4463791
662	403	527	90	90	4463798
662	402	652	90	90	4463804
662	400	676	90	90	4463810
662	397	700	90	90	4463816
662	393	724	90	90	4463823
662	388	749	90	90	4463829
662	383	769	90	90	4463835
662	377	793	90	90	4463841
662	371	813	90	90	4463848
662	364	829	90	90	4463854
662	356	849	90	90	4463860
662	349	865	90	90	4463866
662	341	882	90	90	4463873
662	333	894	90	90	4463879
662	324	906	90	90	4463885
662	316	918	90	90	4463891
662	307	930	90	90	4463898
662	299	938	90	90	4463904
662	290	946	90	90	4463910
662	281	954	90	90	4463916
662	272	958	90	90	4463923
662	264	962	90	90	4463929
662	255	962	90	90	4463935
662	246	966	90	90	4463941
662	237	970	90	90	4463948
662	228	974	90	90	4463954
661	219	978	90	90	4463960
660	210	982	90	90	4463966
660	201	990	90	90	4463973
659	192	994	90	90	4463979
658	184	1006	90	90	4463985
656	175	1014	90	90	4463991
655	167	1023	90	90	4463998
654	159	1023	90	90	4464004
652	152	1023	90	90	4464010
651	146	1023	90	90	4464016
649	140	1023	90	90	4464023
648	134	1023	90	90	4464029
646	130	1023	90	90	4464035
645	126	1023	90	90	4464041
644	124	998	90	90	4464048
644	122	966	90	90	4464054
643	121	790	90	90	4464066
642	122	543	90	90	4464073
641	124	362	90	90	4464079
639	127	173	90	90	4464085
637	131	0	90	90	4464098
5
1
555	534	0	90	90	4570428
126
725	417	96	90	90	4571097
726	418	225	90	90	4571103
726	420	350	90	90	4571109
726	421	475	90	90	4571116
726	422	543	90	90	4571122
726	423	588	90	90	4571128
725	424	624	90	90	4571134
725	425	652	90	90	4571141
725	427	680	90	90	4571147
724	428	704	90	90	4571153
723	430	728	90	90	4571159
722	432	749	90	90	4571166
721	434	761	90	90	4571172
720	436	777	90	90	4571178
718	438	785	90	90	4571184
717	441	797	90	90	4571191
715	443	805	90	90	4571197
713	445	817	90	90	4571203
711	447	825	90	90	4571209
708	450	833	90	90	4571216
705	452	845	90	90	4571222
702	454	853	90	90	4571228
699	457	861	90	90	4571234
695	459	869	90	90	4571241
692	461	878	90	90	4571247
688	463	886	90	90	4571253
683	465	890	90	90	4571259
679	467	894	90	90	4571266
675	468	898	90	90	4571272
670	470	902	90	90	4571278
666	471	906	90	90	4571284
661	471	910	90	90	4571291
656	472	910	90	90	4571297
651	472	914	90	90	4571303
647	472	914	90	90	4571309
642	472	918	90	90	4571316
637	471	918	90	90	4571322
632	471	922	90	90	4571328
627	470	922	90	90	4571334
622	468	926	90	90	4571341
617	466	926	90	90	4571347
612	464	930	90	90	4571353
608	462	930	90	90	4571359
603	459	934	90	90	4571366
599	456	938	90	90	4571372
595	453	942	90	90	4571378
592	449	942	90	90	4571384
588	446	946	90	90	4571391
585	441	946	90	90	4571397
582	437	946	90	90	4571403
580	433	950	90	90	4571409
578	428	950	90	90	4571416
576	423	950	90	90	4571422
575	418	950	90	90	4571428
574	414	950	90	90	4571434
573	409	950	90	90	4571441
573	404	950	90	90	4571447
573	400	954	90	90	4571453
573	395	954	90	90	4571459
574	390	954	90	90	4571466
575	385	958	90	90	4571472
575	381	958	90	90	4571478
577	377	962	90	90	4571484
578	372	962	90	90	4571491
580	368	962	90	90	4571497
582	364	966	90	90	4571503
584	360	966	90	90	4571509
587	357	966	90	90	4571516
590	353	966	90	90	4571522
594	350	970	90	90	4571528
597	348	970	90	90	4571534
601	345	974	90	90	4571541
606	343	974	90	90	4571547
610	341	974	90	90	4571553
615	339	978	90	90	4571559
619	338	978	90	90	4571566
624	337	978	90	90	4571572
630	336	982	90	90	4571578
635	336	982	90	90	4571584
640	335	982	90	90	4571591
646	335	982	90	90	4571597
651	335	982	90	90	4571603
656	336	982	90	90	4571609
661	336	982	90	90	4571616
666	337	982	90	90	4571622
670	337	982	90	90	4571628
675	338	982	90	90	4571634
679	339	982	90	90	4571641
683	340	982	90	90	4571647
688	341	982	90	90	4571653
691	342	982	90	90	4571659
695	344	982	90	90	4571666
699	346	978	90	90	4571672
702	348	978	90	90	4571678
705	350	978	90	90	4571684
707	352	978	90	90	4571691
709	355	978	90	90	4571697
711	358	978	90	90	4571703
713	361	978	90	90	4571709
715	364	978	90	90	4571716
717	367	978	90	90	4571722
718	370	978	90	90	4571728
719	373	978	90	90	4571734
721	376	978	90	90	4571741
722	380	978	90	90	4571747
723	383	978	90	90	4571753
723	387	978	90	90	4571759
724	390	978	90	90	4571766
724	394	978	90	90	4571772
725	397	978	90	90	4571778
725	400	978	90	90	4571784
725	404	978	90	90	4571791
725	407	978	90	90	4571797
724	410	978	90	90	4571803
724	413	978	90	90	4571809
723	416	978	90	90	4571816
723	418	974	90	90	4571822
722	420	970	90	90	4571828
721	423	958	90	90	4571834
721	424	942	90	90	4571841
720	426	906	90	90	4571847
719	427	797	90	90	4571853
718	429	640	90	90	4571859
717	430	471	90	90	4571866
715	432	298	90	90	4571872
714	433	56	90	90	4571884
39
636	412	80	90	90	4572769
636	413	283	90	90	4572781
636	412	471	90	90	4572787
635	410	600	90	90	4572794
635	408	620	90	90	4572800
635	405	640	90	90	4572806
635	402	660	90	90	4572812
635	397	688	90	90	4572819
635	392	724	90	90	4572825
634	386	757	90	90	4572831
633	379	793	90	90	4572837
633	372	829	90	90	4572844
632	364	857	90	90	4572850
632	356	882	90	90	4572856
632	347	906	90	90	4572862
631	338	926	90	90	4572869
631	328	942	90	90	4572875
631	318	954	90	90	4572881
631	307	966	90	90	4572887
631	297	974	90	90	4572894
631	286	978	90	90	4572900
631	275	982	90	90	4572906
631	263	986	90	90	4572912
631	252	986	90	90	4572919
630	241	990	90	90	4572925
630	231	990	90	90	4572931
629	220	990	90	90	4572937
628	210	990	90	90	4572944
627	200	990	90	90	4572950
626	191	986	90	90	4572956
624	182	982	90	90	4572962
623	175	970	90	90	4572969
621	168	950	90	90	4572975
619	162	906	90	90	4572981
618	157	785	90	90	4572987
616	155	628	90	90	4572994
615	153	455	90	90	4573000
614	154	281	90	90	4573006
612	156	46	90	90	4573019
126
557	607	168	90	90	4574252
557	608	466	90	90	4574283
556	607	608	90	90	4574289
556	606	636	90	90	4574296
556	605	660	90	90	4574302
556	603	684	90	90	4574308
555	601	704	90	90	4574314
555	598	728	90	90	4574321
555	595	741	90	90	4574327
555	592	753	90	90	4574333
555	589	765	90	90	4574339
556	586	777	90	90	4574346
556	582	789	90	90	4574352
556	579	801	90	90	4574358
556	575	813	90	90	4574364
556	572	825	90	90	4574371
556	569	837	90	90	4574377
556	566	845	90	90	4574383
556	563	857	90	90	4574389
556	559	869	90	90	4574396
556	556	878	90	90	4574402
556	553	890	90	90	4574408
557	550	898	90	90	4574414
557	547	906	90	90	4574421
557	545	914	90	90	4574427
557	542	922	90	90	4574433
557	539	926	90	90	4574439
557	536	934	90	90	4574446
557	534	938	90	90	4574452
557	531	942	90	90	4574458
557	529	946	90	90	4574464
557	527	950	90	90	4574471
557	524	954	90	90	4574477
557	522	958	90	90	4574483
557	520	962	90	90	4574489
557	518	966	90	90	4574496
557	515	966	90	90	4574502
557	513	970	90	90	4574508
557	511	970	90	90	4574514
557	509	974	90	90	4574521
557	507	974	90	90	4574527
557	505	974	90	90	4574533
557	503	978	90	90	4574539
557	501	978	90	90	4574546
557	499	978	90	90	4574552
557	497	982	90	90	4574558
557	495	982	90	90	4574564
557	494	982	90	90	4574571
557	492	986	90	90	4574577
557	490	986	90	90	4574583
557	488	986	90	90	4574589
557	486	990	90	90	4574596
558	484	990	90	90	4574602
558	483	990	90	90	4574608
558	481	990	90	90	4574614
558	480	994	90	90	4574621
558	478	994	90	90	4574627
558	477	994	90	90	4574633
558	475	998	90	90	4574639
558	474	998	90	90	4574646
558	473	998	90	90	4574652
558	471	998	90	90	4574658
558	470	1002	90	90	4574664
558	468	1002	90	90	4574671
558	467	1002	90	90	4574677
558	465	1002	90	90	4574683
558	464	1002	90	90	4574689
559	463	1002	90	90	4574696
559	461	1002	90	90	4574702
559	460	1002	90	90	4574708
559	459	1002	90	90	4574714
559	457	1002	90	90	4574721
559	456	1006	90	90	4574727
559	455	1006	90	90	4574733
559	454	1006	90	90	4574739
559	453	1006	90	90	4574746
559	452	1006	90	90	4574752
560	451	1006	90	90	4574758
560	450	1006	90	90	4574764
560	449	1006	90	90	4574771
560	448	1006	90	90	4574777
560	447	1006	90	90	4574783
561	446	1006	90	90	4574789
561	445	1006	90	90	4574796
561	444	1006	90	90	4574802
561	443	1006	90	90	4574808
562	442	1006	90	90	4574814
562	441	1010	90	90	4574821
562	440	1010	90	90	4574827
563	439	1010	90	90	4574833
563	438	1010	90	90	4574839
563	436	1010	90	90	4574846
563	435	1010	90	90	4574852
564	434	1010	90	90	4574858
564	433	1010	90	90	4574864
565	432	1010	90	90	4574871
565	431	1010	90	90	4574877
565	430	1010	90	90	4574883
566	428	1010	90	90	4574889
566	427	1010	90	90	4574896
567	426	1010	90	90	4574902
567	425	1010	90	90	4574908
567	424	1014	90	90	4574914
568	422	1014	90	90	4574921
568	421	1014	90	90	4574927
568	420	1014	90	90	4574933
569	419	1023	90	90	4574939
569	418	1023	90	90	4574946
569	417	1023	90	90	4574952
570	416	1023	90	90	4574958
570	415	1023	90	90	4574964
570	414	1023	90	90	4574971
571	413	1023	90	90	4574977
571	411	1023	90	90	4574983
571	410	1023	90	90	4574989
572	409	1023	90	90	4574996
572	408	1023	90	90	4575002
572	407	1023	90	90	4575014
573	406	1023	90	90	4575033
573	405	1020	90	90	4575052
573	406	982	90	90	4575058
573	407	869	90	90	4575064
573	409	708	90	90	4575071
573	411	539	90	90	4575077
572	413	346	90	90	4575083
571	416	76	90	90	4575096
72
698	612	76	90	90	4575910
699	612	296	90	90	4575929
700	614	620	90	90	4575972
700	612	753	90	90	4575979
700	610	777	90	90	4575985
700	608	797	90	90	4575991
700	606	817	90	90	4575997
700	603	837	90	90	4576004
700	599	853	90	90	4576010
700	595	865	90	90	4576016
700	591	882	90	90	4576022
700	587	894	90	90	4576029
700	582	902	90	90	4576035
700	577	910	90	90	4576041
700	572	918	90	90	4576047
700	568	926	90	90	4576054
701	563	934	90	90	4576060
701	558	938	90	90	4576066
701	553	942	90	90	4576072
701	549	950	90	90	4576079
702	544	954	90	90	4576085
702	540	962	90	90	4576091
703	536	966	90	90	4576097
703	533	970	90	90	4576104
704	529	974	90	90	4576110
704	525	978	90	90	4576116
705	521	982	90	90	4576122
705	517	986	90	90	4576129
706	514	986	90	90	4576135
706	510	990	90	90	4576141
707	507	990	90	90	4576147
707	504	990	90	90	4576154
708	501	994	90	90	4576160
708	498	994	90	90	4576166
709	495	994	90	90	4576172
709	492	994	90	90	4576179
709	489	994	90	90	4576185
710	486	994	90	90	4576191
710	484	994	90	90	4576197
710	481	994	90	90	4576204
710	479	998	90	90	4576210
711	477	998	90	90	4576216
711	475	998	90	90	4576222
711	472	998	90	90	4576229
711	470	998	90	90	4576235
711	468	998	90	90	4576241
712	466	998	90	90	4576247
712	464	998	90	90	4576254
712	462	998	90	90	4576260
712	460	998	90	90	4576266
711	458	998	90	90	4576272
711	455	1002	90	90	4576279
711	453	1002	90	90	4576285
711	451	1006	90	90	4576291
711	449	1006	90	90	4576297
711	447	1006	90	90	4576304
711	445	1010	90	90	4576310
711	443	1010	90	90	4576316
711	440	1014	90	90	4576322
711	438	1014	90	90	4576329
711	436	1014	90	90	4576335
712	433	1014	90	90	4576341
712	431	1023	90	90	4576347
712	429	1023	90	90	4576354
713	427	1023	90	90	4576360
713	425	1023	90	90	4576366
714	423	1023	90	90	4576372
714	422	1014	90	90	4576379
714	421	1006	90	90	4576385
715	420	976	90	90	4576397
716	419	585	90	90	4576422
716	421	66	90	90	4576435
