7
1
495	548	0	90	90	7293752
35
501	568	52	90	90	7294389
501	569	307	90	90	7294414
501	570	458	90	90	7294452
502	570	539	90	90	7294464
502	569	575	90	90	7294470
502	568	600	90	90	7294477
502	566	624	90	90	7294483
502	565	644	90	90	7294489
502	563	660	90	90	7294495
503	561	676	90	90	7294502
503	560	692	90	90	7294508
503	557	704	90	90	7294514
503	555	724	90	90	7294520
503	552	741	90	90	7294527
503	548	749	90	90	7294533
503	544	761	90	90	7294539
503	540	769	90	90	7294545
503	535	773	90	90	7294552
502	530	781	90	90	7294558
502	524	789	90	90	7294564
501	519	793	90	90	7294570
501	513	797	90	90	7294577
500	508	805	90	90	7294583
500	502	805	90	90	7294589
500	496	809	90	90	7294595
499	491	809	90	90	7294602
499	486	809	90	90	7294608
499	481	809	90	90	7294614
499	476	809	90	90	7294620
499	472	805	90	90	7294627
499	469	797	90	90	7294633
498	466	773	90	90	7294639
498	464	704	90	90	7294645
498	463	416	90	90	7294664
499	465	54	90	90	7294677
152
498	555	48	90	90	7294914
499	556	241	90	90	7294927
500	557	515	90	90	7294939
501	558	642	90	90	7294952
502	559	684	90	90	7294958
503	559	712	90	90	7294964
504	560	737	90	90	7294970
505	561	749	90	90	7294977
507	561	761	90	90	7294983
509	562	773	90	90	7294989
511	562	781	90	90	7294995
514	563	785	90	90	7295002
516	564	789	90	90	7295008
519	565	793	90	90	7295014
523	566	797	90	90	7295020
526	567	801	90	90	7295027
530	568	801	90	90	7295033
535	570	805	90	90	7295039
539	571	805	90	90	7295045
544	573	805	90	90	7295052
549	574	809	90	90	7295058
555	575	809	90	90	7295064
561	576	809	90	90	7295070
566	577	813	90	90	7295077
572	577	813	90	90	7295083
578	577	813	90	90	7295089
585	578	813	90	90	7295095
591	578	813	90	90	7295102
597	578	813	90	90	7295108
603	578	813	90	90	7295114
610	578	813	90	90	7295120
616	578	813	90	90	7295127
623	578	813	90	90	7295133
629	578	813	90	90	7295139
636	578	813	90	90	7295145
642	578	813	90	90	7295152
648	578	813	90	90	7295158
654	578	813	90	90	7295164
660	578	813	90	90	7295170
666	578	813	90	90	7295177
671	578	813	90	90	7295183
676	578	809	90	90	7295189
681	578	809	90	90	7295195
686	578	809	90	90	7295202
690	578	809	90	90	7295208
694	578	813	90	90	7295214
698	578	813	90	90	7295220
701	578	813	90	90	7295227
704	577	813	90	90	7295233
707	577	813	90	90	7295239
709	576	809	90	90	7295245
710	576	809	90	90	7295252
711	575	809	90	90	7295264
712	574	813	90	90	7295270
712	573	813	90	90	7295277
712	572	813	90	90	7295283
712	571	817	90	90	7295289
711	569	817	90	90	7295295
711	568	817	90	90	7295302
710	566	821	90	90	7295308
709	563	821	90	90	7295314
708	561	821	90	90	7295320
707	558	821	90	90	7295327
705	554	825	90	90	7295333
704	551	825	90	90	7295339
702	547	829	90	90	7295345
701	542	833	90	90	7295352
699	538	837	90	90	7295358
698	534	837	90	90	7295364
696	529	841	90	90	7295370
695	524	845	90	90	7295377
694	519	849	90	90	7295383
693	514	849	90	90	7295389
692	510	849	90	90	7295395
691	505	849	90	90	7295402
690	500	849	90	90	7295408
690	496	849	90	90	7295414
689	492	849	90	90	7295420
688	489	849	90	90	7295427
687	486	849	90	90	7295433
686	484	849	90	90	7295439
686	482	849	90	90	7295445
685	481	849	90	90	7295452
685	479	849	90	90	7295470
684	477	851	90	90	7295483
683	476	853	90	90	7295495
682	476	853	90	90	7295508
680	476	853	90	90	7295514
679	476	853	90	90	7295520
678	477	853	90	90	7295527
677	477	853	90	90	7295533
675	477	849	90	90	7295539
674	478	849	90	90	7295545
672	478	849	90	90	7295552
669	478	849	90	90	7295558
667	478	849	90	90	7295564
665	478	849	90	90	7295570
662	478	849	90	90	7295577
659	478	849	90	90	7295583
656	478	845	90	90	7295589
653	478	845	90	90	7295595
649	478	845	90	90	7295602
646	478	845	90	90	7295608
642	478	841	90	90	7295614
638	478	841	90	90	7295620
634	478	837	90	90	7295627
629	477	837	90	90	7295633
625	477	837	90	90	7295639
620	477	837	90	90	7295645
616	476	837	90	90	7295652
611	476	837	90	90	7295658
606	476	837	90	90	7295664
601	476	837	90	90	7295670
596	476	841	90	90	7295677
592	476	841	90	90	7295683
587	476	841	90	90	7295689
583	475	841	90	90	7295695
578	475	841	90	90	7295702
573	475	841	90	90	7295708
569	475	841	90	90	7295714
565	475	837	90	90	7295720
561	474	837	90	90	7295727
557	474	837	90	90	7295733
553	474	837	90	90	7295739
549	474	837	90	90	7295745
546	474	837	90	90	7295752
542	473	837	90	90	7295758
539	473	837	90	90	7295764
535	472	837	90	90	7295770
532	472	837	90	90	7295777
529	471	837	90	90	7295783
526	471	837	90	90	7295789
523	470	833	90	90	7295795
520	470	833	90	90	7295802
518	469	833	90	90	7295808
515	469	833	90	90	7295814
513	468	833	90	90	7295820
511	468	833	90	90	7295827
509	467	833	90	90	7295833
507	467	833	90	90	7295839
505	466	833	90	90	7295845
503	466	833	90	90	7295852
502	466	833	90	90	7295858
501	465	833	90	90	7295864
499	465	833	90	90	7295870
498	465	833	90	90	7295877
497	466	833	90	90	7295883
496	466	833	90	90	7295889
495	466	833	90	90	7295902
494	467	831	90	90	7295914
493	468	829	90	90	7295927
492	468	518	90	90	7295983
29
559	473	397	90	90	7296564
558	473	662	90	90	7296583
557	472	692	90	90	7296589
557	471	704	90	90	7296595
556	469	712	90	90	7296602
555	467	724	90	90	7296608
554	465	728	90	90	7296614
553	463	733	90	90	7296620
552	460	737	90	90	7296627
550	457	741	90	90	7296633
548	454	745	90	90	7296639
546	450	749	90	90	7296645
544	447	749	90	90	7296652
541	443	753	90	90	7296658
539	438	757	90	90	7296664
536	434	757	90	90	7296670
533	429	757	90	90	7296677
530	425	757	90	90	7296683
527	420	757	90	90	7296689
524	415	753	90	90	7296695
521	411	757	90	90	7296702
519	407	757	90	90	7296708
516	403	753	90	90	7296714
514	400	741	90	90	7296720
513	398	700	90	90	7296727
512	398	571	90	90	7296739
511	400	390	90	90	7296745
512	402	249	90	90	7296752
513	406	46	90	90	7296764
62
559	474	357	90	90	7297045
559	473	642	90	90	7297058
559	471	672	90	90	7297064
560	470	692	90	90	7297070
560	469	704	90	90	7297077
561	467	708	90	90	7297083
562	464	720	90	90	7297089
562	462	724	90	90	7297095
563	459	733	90	90	7297102
564	456	741	90	90	7297108
565	453	749	90	90	7297114
566	449	757	90	90	7297120
567	445	765	90	90	7297127
569	441	773	90	90	7297133
570	436	781	90	90	7297139
571	432	785	90	90	7297145
572	428	789	90	90	7297152
572	424	789	90	90	7297158
573	420	789	90	90	7297164
573	417	793	90	90	7297170
573	414	793	90	90	7297177
573	411	793	90	90	7297183
573	409	793	90	90	7297189
573	408	793	90	90	7297195
572	407	793	90	90	7297202
571	406	793	90	90	7297208
570	406	793	90	90	7297214
569	406	789	90	90	7297220
568	407	789	90	90	7297227
566	407	789	90	90	7297233
565	407	789	90	90	7297239
563	408	785	90	90	7297245
561	408	785	90	90	7297252
560	408	785	90	90	7297258
558	408	785	90	90	7297264
556	408	789	90	90	7297270
555	408	789	90	90	7297277
553	408	789	90	90	7297283
551	408	789	90	90	7297289
550	408	789	90	90	7297295
548	407	789	90	90	7297302
546	407	789	90	90	7297308
544	407	789	90	90	7297314
541	406	789	90	90	7297320
539	406	789	90	90	7297327
536	406	789	90	90	7297333
534	405	789	90	90	7297339
531	405	789	90	90	7297345
529	405	789	90	90	7297352
527	405	789	90	90	7297358
524	404	793	90	90	7297364
522	404	793	90	90	7297370
519	403	793	90	90	7297377
516	402	793	90	90	7297383
514	401	793	90	90	7297389
511	400	793	90	90	7297395
509	399	793	90	90	7297402
506	398	793	90	90	7297408
504	397	785	90	90	7297414
503	396	745	90	90	7297420
502	395	539	90	90	7297433
502	394	116	90	90	7297458
28
641	476	16	90	90	7298039
642	476	116	90	90	7298058
643	477	462	90	90	7298102
642	477	702	90	90	7298114
641	475	733	90	90	7298120
641	474	745	90	90	7298127
640	473	753	90	90	7298133
639	472	761	90	90	7298139
639	470	765	90	90	7298145
638	467	769	90	90	7298152
637	465	777	90	90	7298158
635	462	781	90	90	7298164
634	458	785	90	90	7298170
632	454	789	90	90	7298177
629	449	793	90	90	7298183
627	444	797	90	90	7298189
624	439	797	90	90	7298195
621	435	797	90	90	7298202
619	430	797	90	90	7298208
616	426	797	90	90	7298214
614	423	793	90	90	7298220
612	421	789	90	90	7298227
611	420	765	90	90	7298239
610	419	692	90	90	7298245
610	420	563	90	90	7298252
610	421	422	90	90	7298258
610	423	277	90	90	7298264
611	426	62	90	90	7298277
80
630	466	8	90	90	7298377
630	467	186	90	90	7298389
629	468	422	90	90	7298402
629	470	537	90	90	7298414
629	471	579	90	90	7298427
629	472	608	90	90	7298439
630	473	620	90	90	7298452
632	474	632	90	90	7298464
633	474	654	90	90	7298477
634	474	684	90	90	7298489
635	474	720	90	90	7298502
636	474	757	90	90	7298514
637	473	781	90	90	7298520
637	471	797	90	90	7298527
638	470	813	90	90	7298533
639	468	825	90	90	7298539
640	465	833	90	90	7298545
641	463	841	90	90	7298552
642	460	849	90	90	7298558
644	457	857	90	90	7298564
646	454	861	90	90	7298570
648	450	865	90	90	7298577
650	447	869	90	90	7298583
652	443	869	90	90	7298589
654	439	873	90	90	7298595
655	436	873	90	90	7298602
657	432	878	90	90	7298608
658	429	878	90	90	7298614
660	426	878	90	90	7298620
661	423	878	90	90	7298627
662	421	878	90	90	7298633
663	419	878	90	90	7298639
664	417	878	90	90	7298645
664	416	878	90	90	7298652
665	414	878	90	90	7298658
665	413	878	90	90	7298664
665	412	878	90	90	7298670
665	411	873	90	90	7298683
664	410	867	90	90	7298702
663	411	863	90	90	7298714
662	412	861	90	90	7298727
661	414	861	90	90	7298739
660	414	865	90	90	7298752
659	415	869	90	90	7298764
657	415	871	90	90	7298777
656	415	873	90	90	7298789
654	415	873	90	90	7298795
653	416	878	90	90	7298802
652	416	878	90	90	7298808
651	416	878	90	90	7298814
650	417	878	90	90	7298820
648	417	878	90	90	7298827
647	417	878	90	90	7298833
645	417	878	90	90	7298839
642	417	878	90	90	7298845
640	417	878	90	90	7298852
638	417	878	90	90	7298858
635	417	878	90	90	7298864
633	416	878	90	90	7298870
630	416	878	90	90	7298877
627	416	878	90	90	7298883
624	416	878	90	90	7298889
621	416	878	90	90	7298895
617	416	878	90	90	7298902
614	417	878	90	90	7298908
610	417	873	90	90	7298914
606	418	873	90	90	7298920
603	420	873	90	90	7298927
599	421	873	90	90	7298933
596	422	873	90	90	7298939
594	423	873	90	90	7298945
592	423	873	90	90	7298952
590	424	873	90	90	7298958
589	423	863	90	90	7298970
589	422	825	90	90	7298977
590	421	684	90	90	7298983
591	420	539	90	90	7298989
593	420	378	90	90	7298995
594	420	209	90	90	7299002
596	420	18	90	90	7299014
7
1
328	416	0	90	90	7454986
29
496	554	56	90	90	7455742
497	554	505	90	90	7455780
496	554	790	90	90	7455805
496	552	841	90	90	7455811
496	550	857	90	90	7455817
496	548	873	90	90	7455824
496	545	886	90	90	7455830
496	541	898	90	90	7455836
496	537	910	90	90	7455842
496	532	918	90	90	7455849
496	525	926	90	90	7455855
496	518	934	90	90	7455861
496	510	938	90	90	7455867
495	501	942	90	90	7455874
494	492	946	90	90	7455880
493	483	946	90	90	7455886
492	473	950	90	90	7455892
491	464	950	90	90	7455899
490	454	950	90	90	7455905
489	445	946	90	90	7455911
488	437	942	90	90	7455917
487	430	938	90	90	7455924
486	423	926	90	90	7455930
486	418	906	90	90	7455936
486	413	873	90	90	7455942
486	411	765	90	90	7455949
487	410	529	90	90	7455961
487	411	277	90	90	7455967
488	414	48	90	90	7455980
183
490	536	132	90	90	7456242
491	537	422	90	90	7456261
491	538	726	90	90	7456274
491	539	807	90	90	7456292
492	540	857	90	90	7456305
493	540	884	90	90	7456317
494	541	902	90	90	7456324
496	541	914	90	90	7456330
497	542	922	90	90	7456336
499	542	934	90	90	7456342
501	543	942	90	90	7456349
504	544	950	90	90	7456355
507	544	958	90	90	7456361
511	545	966	90	90	7456367
514	546	970	90	90	7456374
519	547	974	90	90	7456380
523	547	978	90	90	7456386
528	548	982	90	90	7456392
534	549	986	90	90	7456399
539	550	990	90	90	7456405
545	551	994	90	90	7456411
552	552	994	90	90	7456417
558	552	998	90	90	7456424
565	552	998	90	90	7456430
572	553	998	90	90	7456436
580	553	998	90	90	7456442
588	552	998	90	90	7456449
596	552	998	90	90	7456455
604	552	998	90	90	7456461
612	552	998	90	90	7456467
621	552	998	90	90	7456474
630	552	998	90	90	7456480
639	552	998	90	90	7456486
648	552	1002	90	90	7456492
657	552	1002	90	90	7456499
666	553	1002	90	90	7456505
675	553	1006	90	90	7456511
685	553	1006	90	90	7456517
694	553	1006	90	90	7456524
703	553	1006	90	90	7456530
712	553	1006	90	90	7456536
720	553	1010	90	90	7456542
729	553	1010	90	90	7456549
738	553	1010	90	90	7456555
746	553	1010	90	90	7456561
754	554	1010	90	90	7456567
762	554	1010	90	90	7456574
770	554	1010	90	90	7456580
777	554	1010	90	90	7456586
784	555	1010	90	90	7456592
791	555	1014	90	90	7456599
797	555	1014	90	90	7456605
802	555	1014	90	90	7456611
807	555	1014	90	90	7456617
811	555	1014	90	90	7456624
815	555	1014	90	90	7456630
818	555	1014	90	90	7456636
821	555	1014	90	90	7456642
823	554	1014	90	90	7456649
824	554	1014	90	90	7456655
826	553	1014	90	90	7456661
827	553	1010	90	90	7456674
828	552	1010	90	90	7456686
828	550	1010	90	90	7456692
827	549	1010	90	90	7456699
827	548	1010	90	90	7456705
827	547	1014	90	90	7456711
826	546	1014	90	90	7456717
825	544	1014	90	90	7456724
824	542	1014	90	90	7456730
823	540	1014	90	90	7456736
823	538	1014	90	90	7456742
821	535	1010	90	90	7456749
820	532	1010	90	90	7456755
819	528	1010	90	90	7456761
818	525	1010	90	90	7456767
817	521	1006	90	90	7456774
816	517	1006	90	90	7456780
815	512	1006	90	90	7456786
814	507	1006	90	90	7456792
813	502	1006	90	90	7456799
812	497	1006	90	90	7456805
810	492	1006	90	90	7456811
809	486	1006	90	90	7456817
807	481	1006	90	90	7456824
806	475	1006	90	90	7456830
804	469	1006	90	90	7456836
803	463	1006	90	90	7456842
801	458	1006	90	90	7456849
800	453	1006	90	90	7456855
799	448	1006	90	90	7456861
797	443	1006	90	90	7456867
796	439	1006	90	90	7456874
795	436	1006	90	90	7456880
793	432	1006	90	90	7456886
792	430	1006	90	90	7456892
791	427	1006	90	90	7456899
790	425	1006	90	90	7456905
789	424	1006	90	90	7456911
787	423	1006	90	90	7456917
786	422	1006	90	90	7456924
785	421	1010	90	90	7456930
784	420	1010	90	90	7456936
782	420	1010	90	90	7456942
780	419	1010	90	90	7456949
778	419	1010	90	90	7456955
776	419	1010	90	90	7456961
774	418	1010	90	90	7456967
771	418	1010	90	90	7456974
768	418	1010	90	90	7456980
765	417	1006	90	90	7456986
761	417	1006	90	90	7456992
758	417	1006	90	90	7456999
754	417	1006	90	90	7457005
750	416	1006	90	90	7457011
746	416	1006	90	90	7457017
742	416	1006	90	90	7457024
737	416	1006	90	90	7457030
732	416	1002	90	90	7457036
728	416	1002	90	90	7457042
723	416	1002	90	90	7457049
718	416	1002	90	90	7457055
712	416	1002	90	90	7457061
707	416	1002	90	90	7457067
702	416	1002	90	90	7457074
696	416	998	90	90	7457080
691	415	998	90	90	7457086
685	415	998	90	90	7457092
679	415	998	90	90	7457099
673	415	998	90	90	7457105
667	415	998	90	90	7457111
661	415	998	90	90	7457117
655	414	998	90	90	7457124
649	414	998	90	90	7457130
643	414	998	90	90	7457136
636	413	998	90	90	7457142
630	413	998	90	90	7457149
624	412	994	90	90	7457155
618	412	994	90	90	7457161
612	411	994	90	90	7457167
606	411	994	90	90	7457174
600	410	994	90	90	7457180
594	409	994	90	90	7457186
588	409	994	90	90	7457192
583	408	990	90	90	7457199
577	408	990	90	90	7457205
572	407	990	90	90	7457211
566	407	990	90	90	7457217
561	407	990	90	90	7457224
556	406	986	90	90	7457230
551	406	986	90	90	7457236
546	406	986	90	90	7457242
541	406	986	90	90	7457249
537	405	986	90	90	7457255
533	405	986	90	90	7457261
528	405	982	90	90	7457267
524	406	982	90	90	7457274
520	406	982	90	90	7457280
517	406	982	90	90	7457286
513	406	982	90	90	7457292
510	407	982	90	90	7457299
506	407	982	90	90	7457305
503	408	982	90	90	7457311
501	408	982	90	90	7457317
498	409	982	90	90	7457324
496	409	982	90	90	7457330
494	410	982	90	90	7457336
493	411	982	90	90	7457342
491	411	982	90	90	7457349
489	412	982	90	90	7457355
488	412	982	90	90	7457361
487	413	982	90	90	7457367
485	414	978	90	90	7457374
484	414	978	90	90	7457380
483	414	978	90	90	7457386
482	415	978	90	90	7457399
481	415	976	90	90	7457411
480	415	955	90	90	7457480
481	414	776	90	90	7457492
481	413	547	90	90	7457499
482	412	374	90	90	7457505
483	411	193	90	90	7457511
483	410	6	90	90	7457524
39
604	409	102	90	90	7457855
605	408	351	90	90	7457880
605	407	514	90	90	7457936
604	408	636	90	90	7457955
604	409	742	90	90	7457974
603	410	817	90	90	7457986
602	409	857	90	90	7457999
601	409	884	90	90	7458011
599	407	894	90	90	7458017
598	406	902	90	90	7458024
597	405	906	90	90	7458030
596	404	910	90	90	7458036
594	403	914	90	90	7458042
593	401	922	90	90	7458049
591	400	926	90	90	7458055
589	398	930	90	90	7458061
586	396	934	90	90	7458067
584	393	938	90	90	7458074
582	390	938	90	90	7458080
579	387	942	90	90	7458086
576	384	942	90	90	7458092
573	381	942	90	90	7458099
570	377	942	90	90	7458105
566	373	946	90	90	7458111
563	369	946	90	90	7458117
560	364	946	90	90	7458124
556	359	946	90	90	7458130
553	354	946	90	90	7458136
549	349	946	90	90	7458142
546	344	946	90	90	7458149
543	340	946	90	90	7458155
540	335	942	90	90	7458161
537	332	934	90	90	7458167
535	329	914	90	90	7458174
533	326	865	90	90	7458180
532	325	641	90	90	7458192
531	325	394	90	90	7458199
531	326	217	90	90	7458205
532	328	20	90	90	7458217
89
601	411	295	90	90	7458511
600	410	670	90	90	7458524
600	409	801	90	90	7458536
600	408	845	90	90	7458542
601	407	865	90	90	7458549
601	406	878	90	90	7458555
602	404	890	90	90	7458561
604	402	898	90	90	7458567
605	400	910	90	90	7458574
606	397	918	90	90	7458580
608	395	926	90	90	7458586
610	391	934	90	90	7458592
612	388	942	90	90	7458599
614	385	946	90	90	7458605
616	382	954	90	90	7458611
618	378	954	90	90	7458617
620	375	958	90	90	7458624
623	372	962	90	90	7458630
625	368	962	90	90	7458636
626	365	966	90	90	7458642
628	362	966	90	90	7458649
630	358	966	90	90	7458655
632	355	970	90	90	7458661
633	351	970	90	90	7458667
635	348	970	90	90	7458674
636	345	974	90	90	7458680
637	342	974	90	90	7458686
638	340	974	90	90	7458692
639	337	978	90	90	7458699
640	335	978	90	90	7458705
641	334	978	90	90	7458711
642	332	978	90	90	7458717
642	331	978	90	90	7458730
643	330	978	90	90	7458755
642	330	982	90	90	7458767
641	331	982	90	90	7458774
640	332	982	90	90	7458780
639	332	982	90	90	7458786
638	333	982	90	90	7458792
636	334	982	90	90	7458799
635	334	982	90	90	7458805
634	335	982	90	90	7458811
632	335	982	90	90	7458817
630	335	982	90	90	7458824
629	336	978	90	90	7458830
627	336	978	90	90	7458836
624	337	978	90	90	7458842
622	337	978	90	90	7458849
619	337	978	90	90	7458855
617	337	978	90	90	7458861
614	337	978	90	90	7458867
611	337	978	90	90	7458874
608	337	978	90	90	7458880
606	337	978	90	90	7458886
603	336	978	90	90	7458892
600	336	974	90	90	7458899
596	335	974	90	90	7458905
593	335	974	90	90	7458911
590	334	974	90	90	7458917
587	333	974	90	90	7458924
583	333	974	90	90	7458930
580	332	974	90	90	7458936
577	332	974	90	90	7458942
573	332	974	90	90	7458949
570	331	974	90	90	7458955
566	331	974	90	90	7458961
563	331	974	90	90	7458967
560	332	974	90	90	7458974
556	332	974	90	90	7458980
553	332	974	90	90	7458986
549	332	974	90	90	7458992
546	332	970	90	90	7458999
543	332	970	90	90	7459005
540	331	970	90	90	7459011
537	331	970	90	90	7459017
534	330	970	90	90	7459024
531	330	970	90	90	7459030
529	329	970	90	90	7459036
527	328	970	90	90	7459042
525	327	966	90	90	7459049
524	327	966	90	90	7459055
523	326	962	90	90	7459067
522	325	928	90	90	7459086
523	324	825	90	90	7459092
523	325	676	90	90	7459099
525	325	523	90	90	7459105
526	326	350	90	90	7459111
528	328	173	90	90	7459117
531	329	2	90	90	7459130
36
745	414	258	90	90	7459549
744	416	642	90	90	7459580
744	417	789	90	90	7459617
743	418	873	90	90	7459630
742	418	904	90	90	7459642
741	416	922	90	90	7459649
740	415	930	90	90	7459655
739	414	938	90	90	7459661
738	412	946	90	90	7459667
737	409	950	90	90	7459674
736	407	954	90	90	7459680
735	404	954	90	90	7459686
733	400	954	90	90	7459692
732	397	954	90	90	7459699
730	392	954	90	90	7459705
728	388	958	90	90	7459711
725	383	958	90	90	7459717
723	379	958	90	90	7459724
720	374	958	90	90	7459730
717	369	958	90	90	7459736
715	364	954	90	90	7459742
712	359	954	90	90	7459749
710	355	954	90	90	7459755
708	351	950	90	90	7459761
705	347	950	90	90	7459767
703	343	946	90	90	7459774
701	340	942	90	90	7459780
700	338	938	90	90	7459786
698	336	934	90	90	7459792
697	335	906	90	90	7459805
696	334	821	90	90	7459811
696	335	672	90	90	7459817
696	337	523	90	90	7459824
697	339	354	90	90	7459830
698	341	177	90	90	7459836
699	344	2	90	90	7459849
98
731	403	76	90	90	7459999
731	404	189	90	90	7460005
730	405	352	90	90	7460017
730	407	465	90	90	7460030
730	408	525	90	90	7460042
731	409	595	90	90	7460055
731	410	666	90	90	7460067
732	411	746	90	90	7460080
733	413	797	90	90	7460086
733	414	825	90	90	7460092
734	415	849	90	90	7460099
734	416	869	90	90	7460105
735	417	886	90	90	7460111
736	418	902	90	90	7460117
737	419	920	90	90	7460130
738	419	938	90	90	7460142
740	418	950	90	90	7460149
741	418	954	90	90	7460155
741	417	958	90	90	7460161
742	416	962	90	90	7460167
743	415	966	90	90	7460174
744	413	970	90	90	7460180
745	411	974	90	90	7460186
746	409	978	90	90	7460192
748	406	982	90	90	7460199
749	403	986	90	90	7460205
751	400	990	90	90	7460211
753	396	998	90	90	7460217
755	392	1002	90	90	7460224
757	388	1006	90	90	7460230
759	384	1010	90	90	7460236
761	381	1014	90	90	7460242
763	377	1014	90	90	7460249
765	373	1023	90	90	7460255
767	369	1023	90	90	7460261
769	366	1023	90	90	7460267
772	362	1023	90	90	7460274
774	359	1023	90	90	7460280
776	356	1023	90	90	7460286
778	353	1023	90	90	7460292
780	351	1023	90	90	7460299
782	348	1023	90	90	7460305
783	346	1023	90	90	7460311
784	345	1023	90	90	7460317
785	343	1023	90	90	7460324
786	342	1023	90	90	7460330
787	341	1023	90	90	7460342
787	340	1023	90	90	7460374
786	340	1023	90	90	7460386
785	341	1023	90	90	7460392
784	342	1023	90	90	7460399
782	342	1023	90	90	7460405
781	343	1023	90	90	7460411
779	343	1023	90	90	7460417
778	343	1023	90	90	7460424
776	343	1023	90	90	7460430
774	343	1023	90	90	7460436
771	343	1023	90	90	7460442
769	343	1023	90	90	7460449
767	343	1023	90	90	7460455
764	343	1014	90	90	7460461
761	342	1014	90	90	7460467
758	342	1014	90	90	7460474
755	342	1014	90	90	7460480
752	342	1014	90	90	7460486
748	342	1014	90	90	7460492
745	342	1010	90	90	7460499
741	342	1010	90	90	7460505
737	342	1010	90	90	7460511
734	342	1010	90	90	7460517
730	341	1010	90	90	7460524
727	341	1010	90	90	7460530
724	340	1006	90	90	7460536
722	340	1006	90	90	7460542
720	339	1006	90	90	7460549
718	339	1006	90	90	7460555
716	338	1006	90	90	7460561
715	338	1002	90	90	7460567
713	337	1002	90	90	7460574
712	337	1000	90	90	7460586
711	337	998	90	90	7460599
710	337	994	90	90	7460611
709	337	992	90	90	7460630
708	338	988	90	90	7460649
707	339	982	90	90	7460667
707	340	968	90	90	7460730
706	341	968	90	90	7460742
705	341	970	90	90	7460755
704	342	972	90	90	7460767
703	343	974	90	90	7460780
702	343	976	90	90	7460799
701	343	978	90	90	7460830
700	343	978	90	90	7460855
699	342	978	90	90	7460874
698	342	978	90	90	7460892
697	341	978	90	90	7460911
696	341	741	90	90	7460967
697	343	26	90	90	7460980
7
1
324	416	0	90	90	7579527
31
495	559	210	90	90	7580152
496	558	499	90	90	7580158
497	557	632	90	90	7580164
497	556	704	90	90	7580170
497	553	737	90	90	7580177
498	550	761	90	90	7580183
498	547	785	90	90	7580189
499	543	805	90	90	7580195
500	538	817	90	90	7580202
501	533	829	90	90	7580208
501	527	845	90	90	7580214
502	521	857	90	90	7580220
503	515	869	90	90	7580227
503	507	886	90	90	7580233
504	500	898	90	90	7580239
504	491	906	90	90	7580245
504	482	910	90	90	7580252
504	472	914	90	90	7580258
504	462	918	90	90	7580264
503	451	918	90	90	7580270
503	440	914	90	90	7580277
503	431	914	90	90	7580283
502	422	910	90	90	7580289
502	414	906	90	90	7580295
502	408	898	90	90	7580302
502	404	882	90	90	7580308
502	401	849	90	90	7580314
502	399	674	90	90	7580327
503	400	439	90	90	7580333
503	402	273	90	90	7580339
504	405	48	90	90	7580352
172
494	532	24	90	90	7580533
493	534	132	90	90	7580539
492	535	245	90	90	7580545
491	536	366	90	90	7580552
491	537	465	90	90	7580564
490	538	579	90	90	7580577
490	540	704	90	90	7580595
492	540	781	90	90	7580602
493	541	813	90	90	7580608
494	541	845	90	90	7580614
495	541	869	90	90	7580620
497	542	894	90	90	7580627
498	543	914	90	90	7580633
500	544	930	90	90	7580639
503	545	942	90	90	7580645
505	546	950	90	90	7580652
508	547	958	90	90	7580658
512	548	962	90	90	7580664
515	549	970	90	90	7580670
519	550	974	90	90	7580677
523	551	978	90	90	7580683
528	552	982	90	90	7580689
533	553	982	90	90	7580695
538	553	986	90	90	7580702
544	554	986	90	90	7580708
550	554	986	90	90	7580714
556	555	990	90	90	7580720
562	555	990	90	90	7580727
569	555	990	90	90	7580733
576	555	990	90	90	7580739
583	555	990	90	90	7580745
591	555	990	90	90	7580752
598	556	990	90	90	7580758
606	556	994	90	90	7580764
614	557	994	90	90	7580770
623	558	994	90	90	7580777
631	559	994	90	90	7580783
640	560	994	90	90	7580789
648	560	994	90	90	7580795
657	561	994	90	90	7580802
665	561	994	90	90	7580808
674	562	994	90	90	7580814
683	562	994	90	90	7580820
692	563	994	90	90	7580827
700	563	994	90	90	7580833
709	564	994	90	90	7580839
718	565	994	90	90	7580845
726	566	994	90	90	7580852
735	567	994	90	90	7580858
743	568	998	90	90	7580864
752	569	998	90	90	7580870
760	570	998	90	90	7580877
767	571	998	90	90	7580883
775	571	998	90	90	7580889
782	572	998	90	90	7580895
789	572	1002	90	90	7580902
795	572	1002	90	90	7580908
801	572	1002	90	90	7580914
806	571	1002	90	90	7580920
811	571	1002	90	90	7580927
816	571	1002	90	90	7580933
819	570	1002	90	90	7580939
823	569	1002	90	90	7580945
826	569	1002	90	90	7580952
828	568	1002	90	90	7580958
830	567	1002	90	90	7580964
832	566	998	90	90	7580970
833	565	998	90	90	7580977
834	563	998	90	90	7580983
835	562	998	90	90	7580989
835	561	998	90	90	7580995
835	559	998	90	90	7581002
834	557	998	90	90	7581008
834	555	998	90	90	7581014
833	553	998	90	90	7581020
832	550	998	90	90	7581027
831	547	998	90	90	7581033
829	544	998	90	90	7581039
828	540	994	90	90	7581045
826	536	994	90	90	7581052
824	531	994	90	90	7581058
822	526	994	90	90	7581064
820	521	990	90	90	7581070
818	515	990	90	90	7581077
816	510	990	90	90	7581083
814	504	986	90	90	7581089
812	498	986	90	90	7581095
810	491	986	90	90	7581102
808	485	986	90	90	7581108
805	478	986	90	90	7581114
803	471	986	90	90	7581120
800	464	986	90	90	7581127
798	457	986	90	90	7581133
795	451	986	90	90	7581139
793	445	982	90	90	7581145
791	439	982	90	90	7581152
789	433	986	90	90	7581158
787	428	986	90	90	7581164
785	424	982	90	90	7581170
784	419	982	90	90	7581177
782	416	982	90	90	7581183
780	413	982	90	90	7581189
778	410	982	90	90	7581195
776	408	982	90	90	7581202
774	406	982	90	90	7581208
772	404	982	90	90	7581214
771	403	982	90	90	7581220
769	403	982	90	90	7581227
767	402	982	90	90	7581233
765	402	982	90	90	7581239
763	402	982	90	90	7581245
761	402	982	90	90	7581252
759	402	982	90	90	7581258
756	402	982	90	90	7581264
753	402	978	90	90	7581270
750	402	978	90	90	7581277
747	402	978	90	90	7581283
744	402	978	90	90	7581289
740	402	978	90	90	7581295
736	402	978	90	90	7581302
731	402	978	90	90	7581308
727	402	978	90	90	7581314
722	403	978	90	90	7581320
717	403	978	90	90	7581327
712	403	978	90	90	7581333
706	403	978	90	90	7581339
701	404	978	90	90	7581345
695	404	978	90	90	7581352
689	404	978	90	90	7581358
683	404	978	90	90	7581364
677	404	974	90	90	7581370
670	404	974	90	90	7581377
664	405	974	90	90	7581383
657	405	974	90	90	7581389
651	405	974	90	90	7581395
645	405	974	90	90	7581402
638	405	974	90	90	7581408
632	405	974	90	90	7581414
625	405	974	90	90	7581420
619	404	970	90	90	7581427
613	404	970	90	90	7581433
607	404	970	90	90	7581439
600	404	970	90	90	7581445
594	404	970	90	90	7581452
588	404	970	90	90	7581458
582	404	970	90	90	7581464
576	405	970	90	90	7581470
570	405	970	90	90	7581477
564	405	970	90	90	7581483
559	405	970	90	90	7581489
554	405	966	90	90	7581495
548	405	966	90	90	7581502
543	405	966	90	90	7581508
538	405	966	90	90	7581514
533	405	966	90	90	7581520
528	405	966	90	90	7581527
524	404	962	90	90	7581533
519	404	962	90	90	7581539
514	403	962	90	90	7581545
510	402	962	90	90	7581552
506	402	962	90	90	7581558
502	401	962	90	90	7581564
499	400	962	90	90	7581570
495	399	962	90	90	7581577
492	399	958	90	90	7581583
489	398	950	90	90	7581589
486	398	938	90	90	7581595
484	397	910	90	90	7581602
482	397	857	90	90	7581608
481	396	553	90	90	7581627
483	397	225	90	90	7581633
485	397	24	90	90	7581645
33
590	402	164	90	90	7582002
591	403	400	90	90	7582014
591	404	563	90	90	7582027
591	405	662	90	90	7582039
591	406	720	90	90	7582052
591	407	758	90	90	7582070
591	408	802	90	90	7582114
590	408	861	90	90	7582127
589	407	882	90	90	7582133
588	405	894	90	90	7582139
587	404	902	90	90	7582145
586	402	910	90	90	7582152
585	400	914	90	90	7582158
583	397	918	90	90	7582164
581	393	922	90	90	7582170
579	389	922	90	90	7582177
577	384	922	90	90	7582183
575	379	922	90	90	7582189
572	373	922	90	90	7582195
570	368	922	90	90	7582202
567	362	922	90	90	7582208
565	356	918	90	90	7582214
562	351	918	90	90	7582220
560	346	910	90	90	7582227
558	342	902	90	90	7582233
556	338	894	90	90	7582239
554	335	878	90	90	7582245
553	333	849	90	90	7582252
552	332	722	90	90	7582264
552	333	511	90	90	7582270
552	336	346	90	90	7582277
552	339	181	90	90	7582283
553	342	12	90	90	7582295
57
587	405	68	90	90	7582464
586	404	537	90	90	7582508
587	403	724	90	90	7582514
588	402	745	90	90	7582520
589	401	761	90	90	7582527
590	399	777	90	90	7582533
592	398	789	90	90	7582539
594	395	805	90	90	7582545
596	393	821	90	90	7582552
598	389	833	90	90	7582558
600	386	849	90	90	7582564
603	382	865	90	90	7582570
605	378	882	90	90	7582577
607	374	894	90	90	7582583
610	370	906	90	90	7582589
612	366	918	90	90	7582595
614	362	922	90	90	7582602
615	359	930	90	90	7582608
617	356	934	90	90	7582614
618	353	934	90	90	7582620
620	351	938	90	90	7582627
620	349	938	90	90	7582633
621	348	938	90	90	7582639
622	347	938	90	90	7582652
622	346	938	90	90	7582664
620	346	938	90	90	7582670
619	346	938	90	90	7582677
618	347	934	90	90	7582683
616	347	934	90	90	7582689
614	348	934	90	90	7582695
612	348	934	90	90	7582702
609	349	934	90	90	7582708
607	349	934	90	90	7582714
604	349	930	90	90	7582720
601	350	930	90	90	7582727
597	350	930	90	90	7582733
594	350	930	90	90	7582739
590	351	926	90	90	7582745
586	351	926	90	90	7582752
582	351	922	90	90	7582758
578	351	922	90	90	7582764
573	351	918	90	90	7582770
569	350	918	90	90	7582777
565	349	914	90	90	7582783
562	348	918	90	90	7582789
558	346	918	90	90	7582795
556	345	918	90	90	7582802
553	344	922	90	90	7582808
552	343	918	90	90	7582814
551	342	908	90	90	7582827
551	341	873	90	90	7582833
552	341	805	90	90	7582839
553	341	656	90	90	7582845
555	341	511	90	90	7582852
557	342	342	90	90	7582858
560	342	169	90	90	7582864
563	343	2	90	90	7582877
26
735	405	48	90	90	7583227
735	406	189	90	90	7583233
735	407	408	90	90	7583245
735	408	688	90	90	7583264
734	408	813	90	90	7583277
732	407	845	90	90	7583283
731	406	857	90	90	7583289
730	405	869	90	90	7583295
728	403	878	90	90	7583302
725	401	890	90	90	7583308
723	398	898	90	90	7583314
720	395	906	90	90	7583320
717	391	910	90	90	7583327
714	387	914	90	90	7583333
710	383	918	90	90	7583339
707	378	918	90	90	7583345
703	374	918	90	90	7583352
700	369	918	90	90	7583358
697	365	918	90	90	7583364
695	362	910	90	90	7583370
693	359	902	90	90	7583377
691	357	878	90	90	7583383
690	356	686	90	90	7583402
691	357	378	90	90	7583408
693	359	213	90	90	7583414
694	361	24	90	90	7583427
55
726	406	120	90	90	7583514
727	407	398	90	90	7583533
726	407	682	90	90	7583545
725	406	712	90	90	7583552
725	405	737	90	90	7583558
725	403	761	90	90	7583564
726	402	777	90	90	7583570
727	400	793	90	90	7583577
728	397	805	90	90	7583583
729	394	821	90	90	7583589
730	391	833	90	90	7583595
732	387	849	90	90	7583602
734	383	861	90	90	7583608
735	379	873	90	90	7583614
737	375	886	90	90	7583620
739	371	890	90	90	7583627
740	367	898	90	90	7583633
742	364	902	90	90	7583639
743	360	910	90	90	7583645
744	357	914	90	90	7583652
746	354	914	90	90	7583658
747	352	918	90	90	7583664
747	350	918	90	90	7583670
748	348	922	90	90	7583677
749	347	922	90	90	7583689
749	345	926	90	90	7583714
748	346	926	90	90	7583720
747	347	926	90	90	7583727
746	348	926	90	90	7583733
745	348	926	90	90	7583739
743	349	926	90	90	7583745
742	350	922	90	90	7583752
740	351	922	90	90	7583758
739	352	922	90	90	7583764
736	353	922	90	90	7583770
734	354	922	90	90	7583777
731	355	918	90	90	7583783
728	357	918	90	90	7583789
725	358	918	90	90	7583795
721	359	918	90	90	7583802
717	360	918	90	90	7583808
714	361	922	90	90	7583814
710	362	922	90	90	7583820
706	362	922	90	90	7583827
703	362	922	90	90	7583833
700	362	926	90	90	7583839
698	362	926	90	90	7583845
695	362	926	90	90	7583852
693	362	926	90	90	7583858
692	361	922	90	90	7583864
691	361	906	90	90	7583877
690	360	825	90	90	7583889
691	360	557	90	90	7583902
693	360	318	90	90	7583908
694	361	74	90	90	7583920
6
1
365	405	0	90	90	7791102
209
492	550	28	90	90	7791671
490	549	328	90	90	7791690
491	549	686	90	90	7791702
492	547	765	90	90	7791708
493	547	773	90	90	7791715
495	546	777	90	90	7791721
497	545	789	90	90	7791727
499	545	797	90	90	7791733
502	544	805	90	90	7791740
505	543	817	90	90	7791746
508	543	825	90	90	7791752
512	542	833	90	90	7791758
517	542	841	90	90	7791765
521	542	849	90	90	7791771
527	541	857	90	90	7791777
532	541	861	90	90	7791783
538	540	865	90	90	7791790
545	540	869	90	90	7791796
551	540	873	90	90	7791802
559	540	878	90	90	7791808
566	540	882	90	90	7791815
574	540	886	90	90	7791821
582	540	890	90	90	7791827
591	540	890	90	90	7791833
600	540	894	90	90	7791840
609	540	894	90	90	7791846
619	541	898	90	90	7791852
628	541	898	90	90	7791858
638	541	898	90	90	7791865
647	542	898	90	90	7791871
657	543	902	90	90	7791877
667	544	902	90	90	7791883
676	545	902	90	90	7791890
686	547	906	90	90	7791896
695	548	906	90	90	7791902
705	549	910	90	90	7791908
714	550	910	90	90	7791915
723	550	914	90	90	7791921
732	551	918	90	90	7791927
741	552	922	90	90	7791933
749	552	922	90	90	7791940
758	553	926	90	90	7791946
765	554	930	90	90	7791952
773	554	930	90	90	7791958
780	555	934	90	90	7791965
787	556	934	90	90	7791971
793	557	934	90	90	7791977
799	558	938	90	90	7791983
805	558	938	90	90	7791990
810	559	938	90	90	7791996
815	560	938	90	90	7792002
819	560	938	90	90	7792008
822	560	938	90	90	7792015
826	560	942	90	90	7792021
828	560	942	90	90	7792027
830	560	942	90	90	7792033
832	560	942	90	90	7792040
833	559	944	90	90	7792052
834	558	946	90	90	7792065
834	557	950	90	90	7792071
833	555	950	90	90	7792077
833	554	950	90	90	7792083
832	553	950	90	90	7792090
831	551	954	90	90	7792096
831	549	954	90	90	7792102
830	547	954	90	90	7792108
828	544	954	90	90	7792115
827	542	954	90	90	7792121
826	539	954	90	90	7792127
825	537	954	90	90	7792133
825	534	954	90	90	7792140
824	530	954	90	90	7792146
823	527	954	90	90	7792152
822	523	954	90	90	7792158
821	518	954	90	90	7792165
820	514	954	90	90	7792171
819	509	954	90	90	7792177
818	504	954	90	90	7792183
817	498	954	90	90	7792190
816	493	954	90	90	7792196
814	487	954	90	90	7792202
813	482	950	90	90	7792208
812	476	950	90	90	7792215
810	470	950	90	90	7792221
809	465	950	90	90	7792227
807	459	950	90	90	7792233
806	454	954	90	90	7792240
804	448	954	90	90	7792246
803	443	954	90	90	7792252
801	438	954	90	90	7792258
799	433	954	90	90	7792265
797	429	958	90	90	7792271
796	425	958	90	90	7792277
794	421	958	90	90	7792283
792	418	958	90	90	7792290
790	416	958	90	90	7792296
788	414	958	90	90	7792302
786	412	958	90	90	7792308
783	410	958	90	90	7792315
780	409	958	90	90	7792321
778	408	958	90	90	7792327
775	407	958	90	90	7792333
772	407	958	90	90	7792340
768	406	958	90	90	7792346
765	406	958	90	90	7792352
762	406	958	90	90	7792358
758	406	962	90	90	7792365
754	406	962	90	90	7792371
750	406	958	90	90	7792377
745	406	958	90	90	7792383
740	406	958	90	90	7792390
735	406	958	90	90	7792396
730	406	958	90	90	7792402
724	406	958	90	90	7792408
719	406	958	90	90	7792415
713	405	958	90	90	7792421
706	405	958	90	90	7792427
700	405	958	90	90	7792433
694	405	958	90	90	7792440
687	405	958	90	90	7792446
680	405	958	90	90	7792452
673	404	958	90	90	7792458
666	404	954	90	90	7792465
659	404	954	90	90	7792471
651	403	954	90	90	7792477
644	403	954	90	90	7792483
636	403	954	90	90	7792490
628	402	950	90	90	7792496
620	402	950	90	90	7792502
612	401	950	90	90	7792508
605	401	950	90	90	7792515
597	401	950	90	90	7792521
589	400	950	90	90	7792527
582	400	950	90	90	7792533
574	399	946	90	90	7792540
567	399	946	90	90	7792546
560	398	946	90	90	7792552
553	398	946	90	90	7792558
546	397	950	90	90	7792565
540	397	950	90	90	7792571
533	397	950	90	90	7792577
527	396	950	90	90	7792583
521	396	950	90	90	7792590
515	395	954	90	90	7792596
510	395	954	90	90	7792602
505	395	954	90	90	7792608
500	395	954	90	90	7792615
495	395	954	90	90	7792621
491	395	954	90	90	7792627
488	395	954	90	90	7792633
484	396	954	90	90	7792640
481	397	954	90	90	7792646
479	398	954	90	90	7792652
476	399	954	90	90	7792658
474	400	950	90	90	7792665
473	402	950	90	90	7792671
472	404	950	90	90	7792677
471	406	950	90	90	7792683
470	409	950	90	90	7792690
470	412	950	90	90	7792696
470	415	950	90	90	7792702
470	419	950	90	90	7792708
470	423	950	90	90	7792715
471	427	950	90	90	7792721
471	432	950	90	90	7792727
472	436	950	90	90	7792733
473	441	950	90	90	7792740
474	447	950	90	90	7792746
475	452	950	90	90	7792752
477	457	950	90	90	7792758
478	462	950	90	90	7792765
479	467	954	90	90	7792771
480	472	954	90	90	7792777
481	476	954	90	90	7792783
482	481	954	90	90	7792790
483	485	958	90	90	7792796
484	489	958	90	90	7792802
485	493	958	90	90	7792808
486	497	958	90	90	7792815
487	501	962	90	90	7792821
487	504	962	90	90	7792827
488	507	962	90	90	7792833
488	510	962	90	90	7792840
488	513	962	90	90	7792846
488	515	966	90	90	7792852
488	518	966	90	90	7792858
489	520	966	90	90	7792865
489	523	966	90	90	7792871
489	525	970	90	90	7792877
489	527	970	90	90	7792883
489	529	970	90	90	7792890
490	532	974	90	90	7792896
490	534	974	90	90	7792902
490	536	974	90	90	7792908
490	538	974	90	90	7792915
490	540	974	90	90	7792921
491	542	978	90	90	7792927
491	545	978	90	90	7792933
491	546	978	90	90	7792940
492	548	978	90	90	7792946
492	550	978	90	90	7792952
492	551	978	90	90	7792958
493	552	982	90	90	7792965
493	553	982	90	90	7792977
494	555	984	90	90	7792996
494	556	969	90	90	7793096
495	555	688	90	90	7793108
496	554	358	90	90	7793121
497	553	48	90	90	7793133
41
598	398	28	90	90	7793702
597	399	64	90	90	7793708
597	400	156	90	90	7793727
597	401	303	90	90	7793746
597	403	434	90	90	7793765
597	404	576	90	90	7793790
597	405	689	90	90	7793815
595	405	749	90	90	7793827
594	404	777	90	90	7793840
593	403	797	90	90	7793846
592	402	805	90	90	7793852
590	401	817	90	90	7793858
589	400	821	90	90	7793865
587	398	829	90	90	7793871
585	397	833	90	90	7793877
583	395	833	90	90	7793883
581	392	837	90	90	7793890
579	390	841	90	90	7793896
576	387	841	90	90	7793902
573	383	845	90	90	7793908
569	379	849	90	90	7793915
566	375	849	90	90	7793921
562	370	853	90	90	7793927
558	365	857	90	90	7793933
554	360	861	90	90	7793940
550	355	865	90	90	7793946
546	350	869	90	90	7793952
542	345	869	90	90	7793958
538	340	869	90	90	7793965
534	335	869	90	90	7793971
531	331	865	90	90	7793977
527	326	865	90	90	7793983
524	323	857	90	90	7793990
522	319	841	90	90	7793996
519	317	821	90	90	7794002
518	315	793	90	90	7794008
517	313	686	90	90	7794021
516	313	479	90	90	7794027
516	314	326	90	90	7794033
517	316	173	90	90	7794040
519	319	12	90	90	7794052
74
587	397	12	90	90	7794246
587	398	120	90	90	7794252
587	399	267	90	90	7794265
587	401	521	90	90	7794302
588	402	652	90	90	7794315
589	401	680	90	90	7794321
589	400	700	90	90	7794327
590	399	728	90	90	7794333
591	398	753	90	90	7794340
591	396	777	90	90	7794346
592	394	805	90	90	7794352
593	391	829	90	90	7794358
594	388	849	90	90	7794365
595	384	869	90	90	7794371
596	380	882	90	90	7794377
597	376	890	90	90	7794383
597	371	898	90	90	7794390
598	366	902	90	90	7794396
599	361	906	90	90	7794402
600	356	910	90	90	7794408
601	351	914	90	90	7794415
601	346	914	90	90	7794421
602	340	914	90	90	7794427
603	335	914	90	90	7794433
603	331	918	90	90	7794440
604	327	918	90	90	7794446
605	323	918	90	90	7794452
605	320	922	90	90	7794458
605	318	922	90	90	7794465
606	315	922	90	90	7794471
606	314	922	90	90	7794477
606	313	922	90	90	7794483
606	311	922	90	90	7794490
605	311	922	90	90	7794502
605	310	920	90	90	7794515
603	310	918	90	90	7794527
602	311	918	90	90	7794533
600	311	918	90	90	7794540
599	312	914	90	90	7794546
597	313	914	90	90	7794552
596	314	914	90	90	7794558
594	314	914	90	90	7794565
592	315	914	90	90	7794571
590	315	914	90	90	7794577
588	315	914	90	90	7794583
586	315	914	90	90	7794590
584	315	914	90	90	7794596
581	315	914	90	90	7794602
579	315	914	90	90	7794608
576	315	914	90	90	7794615
572	315	914	90	90	7794621
569	315	914	90	90	7794627
565	315	914	90	90	7794633
561	315	914	90	90	7794640
557	315	914	90	90	7794646
553	315	914	90	90	7794652
548	316	914	90	90	7794658
544	316	914	90	90	7794665
539	316	910	90	90	7794671
535	317	910	90	90	7794677
531	317	910	90	90	7794683
526	317	910	90	90	7794690
522	317	910	90	90	7794696
519	316	910	90	90	7794702
516	316	906	90	90	7794708
513	315	910	90	90	7794715
510	314	910	90	90	7794721
509	313	906	90	90	7794727
507	312	898	90	90	7794733
506	312	871	90	90	7794746
506	311	712	90	90	7794758
508	310	479	90	90	7794765
509	310	318	90	90	7794771
511	311	74	90	90	7794783
32
738	406	32	90	90	7795158
739	405	456	90	90	7795196
738	406	744	90	90	7795208
737	405	797	90	90	7795221
735	405	837	90	90	7795233
734	403	857	90	90	7795240
732	402	869	90	90	7795246
731	400	878	90	90	7795252
729	398	882	90	90	7795258
727	395	886	90	90	7795265
724	391	886	90	90	7795271
721	387	886	90	90	7795277
718	382	886	90	90	7795283
715	376	886	90	90	7795290
711	370	886	90	90	7795296
707	364	886	90	90	7795302
704	358	886	90	90	7795308
700	351	886	90	90	7795315
696	345	882	90	90	7795321
693	339	873	90	90	7795327
689	334	865	90	90	7795333
686	329	849	90	90	7795340
684	325	837	90	90	7795346
681	322	817	90	90	7795352
679	319	797	90	90	7795358
678	318	759	90	90	7795371
677	318	692	90	90	7795377
677	320	616	90	90	7795383
678	323	475	90	90	7795390
679	327	342	90	90	7795396
681	332	197	90	90	7795402
683	336	28	90	90	7795415
70
719	397	104	90	90	7795515
720	398	241	90	90	7795521
720	399	448	90	90	7795540
719	401	744	90	90	7795596
721	402	803	90	90	7795608
722	402	809	90	90	7795615
723	402	809	90	90	7795621
724	402	809	90	90	7795627
725	402	813	90	90	7795633
726	401	821	90	90	7795640
727	401	829	90	90	7795646
727	400	841	90	90	7795652
728	398	853	90	90	7795658
729	396	865	90	90	7795665
729	394	878	90	90	7795671
730	391	890	90	90	7795677
731	388	902	90	90	7795683
731	385	910	90	90	7795690
732	381	918	90	90	7795696
732	378	926	90	90	7795702
733	374	930	90	90	7795708
734	370	934	90	90	7795715
735	366	942	90	90	7795721
736	361	946	90	90	7795727
737	356	950	90	90	7795733
739	351	954	90	90	7795740
740	346	958	90	90	7795746
742	341	958	90	90	7795752
743	336	958	90	90	7795758
745	332	958	90	90	7795765
746	328	962	90	90	7795771
748	325	958	90	90	7795777
750	322	958	90	90	7795783
751	320	958	90	90	7795790
752	319	958	90	90	7795796
753	317	954	90	90	7795802
754	317	952	90	90	7795815
755	316	943	90	90	7795840
755	317	932	90	90	7795852
753	318	930	90	90	7795858
752	319	926	90	90	7795865
751	320	926	90	90	7795871
750	321	926	90	90	7795877
749	321	926	90	90	7795883
747	322	926	90	90	7795890
745	323	926	90	90	7795896
743	324	926	90	90	7795902
740	325	926	90	90	7795908
737	326	926	90	90	7795915
734	326	926	90	90	7795921
730	327	926	90	90	7795927
726	327	922	90	90	7795933
722	327	922	90	90	7795940
718	327	922	90	90	7795946
713	326	922	90	90	7795952
708	326	922	90	90	7795958
703	325	918	90	90	7795965
698	325	918	90	90	7795971
692	326	914	90	90	7795977
687	326	910	90	90	7795983
682	327	910	90	90	7795990
677	328	906	90	90	7795996
672	329	898	90	90	7796002
669	329	878	90	90	7796008
666	330	845	90	90	7796015
664	330	708	90	90	7796021
662	329	563	90	90	7796027
662	328	398	90	90	7796033
663	327	233	90	90	7796040
663	326	28	90	90	7796052
4
1
371	425	0	90	90	7914684
181
492	515	12	90	90	7915221
494	514	161	90	90	7915228
496	513	306	90	90	7915234
497	512	451	90	90	7915240
499	511	596	90	90	7915246
500	510	728	90	90	7915253
502	510	745	90	90	7915259
504	509	757	90	90	7915265
507	509	769	90	90	7915271
510	509	785	90	90	7915278
514	509	805	90	90	7915284
518	509	821	90	90	7915290
522	509	837	90	90	7915296
527	509	853	90	90	7915303
532	509	865	90	90	7915309
538	510	873	90	90	7915315
544	511	886	90	90	7915321
550	511	894	90	90	7915328
557	513	898	90	90	7915334
564	514	906	90	90	7915340
572	515	910	90	90	7915346
580	517	914	90	90	7915353
589	518	918	90	90	7915359
598	520	922	90	90	7915365
608	522	926	90	90	7915371
618	523	930	90	90	7915378
628	524	934	90	90	7915384
638	526	934	90	90	7915390
649	527	934	90	90	7915396
659	528	938	90	90	7915403
670	529	938	90	90	7915409
680	530	938	90	90	7915415
691	531	938	90	90	7915421
701	532	938	90	90	7915428
712	532	938	90	90	7915434
723	533	938	90	90	7915440
733	534	938	90	90	7915446
743	535	942	90	90	7915453
753	535	942	90	90	7915459
763	536	942	90	90	7915465
772	536	942	90	90	7915471
781	536	942	90	90	7915478
789	536	946	90	90	7915484
797	536	946	90	90	7915490
804	536	946	90	90	7915496
811	536	946	90	90	7915503
817	536	946	90	90	7915509
823	536	950	90	90	7915515
829	535	950	90	90	7915521
833	535	950	90	90	7915528
837	534	950	90	90	7915534
840	534	950	90	90	7915540
843	533	950	90	90	7915546
845	532	950	90	90	7915553
847	532	954	90	90	7915559
848	531	954	90	90	7915565
848	530	954	90	90	7915571
848	529	954	90	90	7915578
848	528	958	90	90	7915584
848	526	958	90	90	7915590
848	525	962	90	90	7915596
847	522	962	90	90	7915603
846	520	966	90	90	7915609
844	516	966	90	90	7915615
843	513	966	90	90	7915621
841	508	970	90	90	7915628
839	503	970	90	90	7915634
837	498	970	90	90	7915640
834	492	974	90	90	7915646
832	486	974	90	90	7915653
829	479	978	90	90	7915659
826	472	978	90	90	7915665
823	465	982	90	90	7915671
821	458	982	90	90	7915678
818	450	986	90	90	7915684
815	443	986	90	90	7915690
812	435	986	90	90	7915696
810	428	986	90	90	7915703
807	421	986	90	90	7915709
804	414	986	90	90	7915715
801	408	986	90	90	7915721
799	403	990	90	90	7915728
796	398	986	90	90	7915734
794	394	986	90	90	7915740
791	391	986	90	90	7915746
789	388	986	90	90	7915753
787	385	986	90	90	7915759
784	383	986	90	90	7915765
781	382	986	90	90	7915771
778	380	982	90	90	7915778
774	379	982	90	90	7915784
771	378	982	90	90	7915790
767	377	982	90	90	7915796
763	377	982	90	90	7915803
759	376	978	90	90	7915809
754	376	978	90	90	7915815
749	375	978	90	90	7915821
744	375	978	90	90	7915828
738	375	978	90	90	7915834
732	375	978	90	90	7915840
726	375	974	90	90	7915846
719	375	974	90	90	7915853
712	376	974	90	90	7915859
705	376	974	90	90	7915865
697	376	974	90	90	7915871
689	377	974	90	90	7915878
682	377	974	90	90	7915884
673	377	970	90	90	7915890
665	377	970	90	90	7915896
656	377	970	90	90	7915903
647	377	970	90	90	7915909
639	376	970	90	90	7915915
630	375	970	90	90	7915921
621	375	970	90	90	7915928
612	374	970	90	90	7915934
603	373	970	90	90	7915940
594	372	970	90	90	7915946
586	370	970	90	90	7915953
578	369	970	90	90	7915959
570	368	974	90	90	7915965
562	367	974	90	90	7915971
555	366	974	90	90	7915978
549	365	974	90	90	7915984
543	364	974	90	90	7915990
537	363	974	90	90	7915996
532	362	974	90	90	7916003
528	361	974	90	90	7916009
524	361	974	90	90	7916015
520	361	978	90	90	7916021
517	361	978	90	90	7916028
514	362	978	90	90	7916034
512	363	978	90	90	7916040
510	364	978	90	90	7916046
508	365	978	90	90	7916053
507	367	974	90	90	7916059
506	369	974	90	90	7916065
506	372	974	90	90	7916071
506	375	974	90	90	7916078
506	378	974	90	90	7916084
506	382	970	90	90	7916090
506	386	970	90	90	7916096
506	391	970	90	90	7916103
507	396	970	90	90	7916109
508	402	970	90	90	7916115
508	407	970	90	90	7916121
509	412	970	90	90	7916128
509	418	970	90	90	7916134
510	424	970	90	90	7916140
510	430	970	90	90	7916146
511	435	970	90	90	7916153
511	441	970	90	90	7916159
511	446	970	90	90	7916165
511	452	970	90	90	7916171
511	457	974	90	90	7916178
511	463	974	90	90	7916184
512	468	974	90	90	7916190
512	473	974	90	90	7916196
512	477	974	90	90	7916203
512	482	978	90	90	7916209
512	486	978	90	90	7916215
512	490	978	90	90	7916221
512	493	978	90	90	7916228
512	496	978	90	90	7916234
511	499	978	90	90	7916240
511	502	978	90	90	7916246
510	504	982	90	90	7916253
510	506	982	90	90	7916259
509	508	982	90	90	7916265
509	509	982	90	90	7916271
509	510	978	90	90	7916278
509	511	976	90	90	7916290
508	513	972	90	90	7916303
508	514	958	90	90	7916321
509	515	942	90	90	7916334
510	515	924	90	90	7916346
511	515	892	90	90	7916359
513	514	801	90	90	7916365
513	513	652	90	90	7916371
514	511	503	90	90	7916378
515	510	334	90	90	7916384
515	508	78	90	90	7916396
127
592	359	52	90	90	7916996
593	360	108	90	90	7917003
594	362	112	90	90	7917009
595	363	96	90	90	7917015
596	364	96	90	90	7917021
597	365	96	90	90	7917028
598	366	96	90	90	7917034
599	367	104	90	90	7917040
600	368	120	90	90	7917046
601	369	140	90	90	7917053
602	370	169	90	90	7917059
602	371	213	90	90	7917065
603	372	295	90	90	7917078
603	373	422	90	90	7917090
603	375	553	90	90	7917103
603	376	654	90	90	7917115
603	377	744	90	90	7917134
603	378	844	90	90	7917196
601	376	886	90	90	7917203
601	375	894	90	90	7917209
600	373	902	90	90	7917215
598	371	910	90	90	7917221
597	368	914	90	90	7917228
595	364	918	90	90	7917234
593	361	922	90	90	7917240
590	356	922	90	90	7917246
588	352	926	90	90	7917253
585	347	926	90	90	7917259
583	341	926	90	90	7917265
580	336	926	90	90	7917271
578	331	926	90	90	7917278
575	326	930	90	90	7917284
573	321	930	90	90	7917290
570	316	930	90	90	7917296
567	312	930	90	90	7917303
565	308	930	90	90	7917309
563	305	930	90	90	7917315
560	302	926	90	90	7917321
558	299	926	90	90	7917328
557	297	926	90	90	7917334
555	295	926	90	90	7917340
554	293	926	90	90	7917346
553	292	926	90	90	7917353
552	291	926	90	90	7917365
552	290	930	90	90	7917390
552	289	927	90	90	7917409
554	289	926	90	90	7917428
555	289	930	90	90	7917484
555	288	930	90	90	7917509
556	288	934	90	90	7917540
557	288	934	90	90	7917565
558	288	938	90	90	7917571
559	288	938	90	90	7917578
561	288	938	90	90	7917584
562	288	942	90	90	7917590
564	288	942	90	90	7917596
567	288	946	90	90	7917603
570	288	950	90	90	7917609
573	288	954	90	90	7917615
576	289	954	90	90	7917621
580	289	958	90	90	7917628
583	289	962	90	90	7917634
587	289	966	90	90	7917640
591	290	966	90	90	7917646
595	290	970	90	90	7917653
598	290	970	90	90	7917659
602	291	974	90	90	7917665
606	291	974	90	90	7917671
609	292	974	90	90	7917678
612	292	978	90	90	7917684
614	293	978	90	90	7917690
617	294	978	90	90	7917696
619	294	978	90	90	7917703
620	295	978	90	90	7917709
621	295	978	90	90	7917715
622	296	982	90	90	7917728
623	297	982	90	90	7917740
622	299	982	90	90	7917746
622	300	986	90	90	7917753
622	301	986	90	90	7917759
621	302	986	90	90	7917765
621	303	986	90	90	7917771
621	304	986	90	90	7917778
621	305	986	90	90	7917790
620	307	990	90	90	7917803
620	308	990	90	90	7917815
620	309	990	90	90	7917828
620	311	990	90	90	7917834
619	312	990	90	90	7917840
619	313	990	90	90	7917846
619	314	990	90	90	7917853
618	315	990	90	90	7917859
617	316	990	90	90	7917865
616	318	990	90	90	7917871
615	320	986	90	90	7917878
614	323	986	90	90	7917884
613	325	986	90	90	7917890
612	329	986	90	90	7917896
611	332	982	90	90	7917903
609	335	982	90	90	7917909
608	339	982	90	90	7917915
607	342	978	90	90	7917921
605	346	978	90	90	7917928
604	349	978	90	90	7917934
603	353	974	90	90	7917940
602	356	974	90	90	7917946
601	359	974	90	90	7917953
600	362	974	90	90	7917959
599	365	974	90	90	7917965
598	368	970	90	90	7917971
597	370	966	90	90	7917978
596	372	966	90	90	7917984
595	374	962	90	90	7917990
594	376	958	90	90	7917996
593	378	958	90	90	7918003
593	379	954	90	90	7918009
592	380	954	90	90	7918021
592	381	948	90	90	7918034
592	380	938	90	90	7918040
593	379	926	90	90	7918046
593	377	902	90	90	7918053
594	376	865	90	90	7918059
595	374	793	90	90	7918065
596	372	644	90	90	7918071
597	370	487	90	90	7918078
598	369	322	90	90	7918084
598	368	52	90	90	7918103
100
739	375	88	90	90	7918465
740	377	289	90	90	7918478
741	378	531	90	90	7918490
740	379	662	90	90	7918503
740	380	759	90	90	7918521
740	381	840	90	90	7918553
739	380	878	90	90	7918559
738	379	886	90	90	7918565
738	378	898	90	90	7918571
737	376	906	90	90	7918578
736	375	914	90	90	7918584
735	372	922	90	90	7918590
733	370	930	90	90	7918596
731	366	938	90	90	7918603
729	362	946	90	90	7918609
727	358	950	90	90	7918615
724	353	954	90	90	7918621
721	348	958	90	90	7918628
718	343	962	90	90	7918634
715	337	962	90	90	7918640
712	332	966	90	90	7918646
709	326	966	90	90	7918653
706	321	970	90	90	7918659
704	316	970	90	90	7918665
701	311	966	90	90	7918671
699	306	966	90	90	7918678
697	302	966	90	90	7918684
696	299	970	90	90	7918690
694	296	966	90	90	7918696
693	293	966	90	90	7918703
692	292	966	90	90	7918709
692	291	968	90	90	7918721
692	290	970	90	90	7918740
693	289	970	90	90	7918753
695	290	970	90	90	7918759
696	290	970	90	90	7918765
697	291	970	90	90	7918771
698	292	974	90	90	7918778
700	293	974	90	90	7918784
702	294	978	90	90	7918790
704	294	982	90	90	7918796
707	295	982	90	90	7918803
710	295	986	90	90	7918809
714	295	990	90	90	7918815
718	295	994	90	90	7918821
722	294	998	90	90	7918828
726	294	1002	90	90	7918834
731	293	1002	90	90	7918840
735	293	1006	90	90	7918846
740	292	1006	90	90	7918853
745	292	1010	90	90	7918859
749	292	1010	90	90	7918865
753	292	1014	90	90	7918871
756	292	1014	90	90	7918878
760	292	1014	90	90	7918884
763	292	1023	90	90	7918890
766	292	1023	90	90	7918896
768	292	1023	90	90	7918903
770	292	1023	90	90	7918909
771	292	1023	90	90	7918915
772	292	1023	90	90	7918928
773	293	1023	90	90	7918940
773	294	1023	90	90	7918946
773	295	1023	90	90	7918953
773	296	1023	90	90	7918959
772	297	1023	90	90	7918965
772	298	1023	90	90	7918971
771	300	1023	90	90	7918978
771	302	1023	90	90	7918984
771	304	1023	90	90	7918990
770	307	1023	90	90	7918996
769	310	1023	90	90	7919003
768	313	1023	90	90	7919009
767	316	1014	90	90	7919015
766	320	1010	90	90	7919021
765	324	1006	90	90	7919028
763	329	1002	90	90	7919034
762	334	994	90	90	7919040
760	339	990	90	90	7919046
758	345	986	90	90	7919053
756	351	986	90	90	7919059
754	356	982	90	90	7919065
752	360	982	90	90	7919071
750	364	982	90	90	7919078
748	368	982	90	90	7919084
747	370	982	90	90	7919090
746	372	982	90	90	7919096
744	373	982	90	90	7919103
743	374	982	90	90	7919109
742	374	982	90	90	7919121
741	374	964	90	90	7919178
740	376	944	90	90	7919190
739	377	938	90	90	7919203
738	378	932	90	90	7919215
738	379	914	90	90	7919246
738	378	863	90	90	7919259
738	377	813	90	90	7919271
738	375	716	90	90	7919284
738	374	468	90	90	7919296
738	373	119	90	90	7919315
