2
1
521	544	0	90	90	7402791
560
374	431	60	90	90	7403266
373	430	217	90	90	7403279
371	430	390	90	90	7403297
370	430	671	90	90	7403379
372	430	761	90	90	7403391
373	430	773	90	90	7403397
375	430	785	90	90	7403404
376	430	793	90	90	7403410
378	430	801	90	90	7403416
379	429	809	90	90	7403422
381	429	817	90	90	7403429
383	428	825	90	90	7403435
386	428	829	90	90	7403441
388	427	833	90	90	7403447
390	427	837	90	90	7403454
393	426	841	90	90	7403460
396	426	841	90	90	7403466
398	425	841	90	90	7403472
401	425	845	90	90	7403479
404	425	845	90	90	7403485
407	424	849	90	90	7403491
410	424	853	90	90	7403497
413	424	857	90	90	7403504
417	424	865	90	90	7403510
420	424	873	90	90	7403516
424	424	878	90	90	7403522
427	423	886	90	90	7403529
431	423	890	90	90	7403535
435	422	894	90	90	7403541
439	422	898	90	90	7403547
442	421	898	90	90	7403554
446	421	898	90	90	7403560
450	420	898	90	90	7403566
453	420	898	90	90	7403572
457	420	898	90	90	7403579
460	420	902	90	90	7403585
463	420	902	90	90	7403591
466	420	902	90	90	7403597
468	420	906	90	90	7403604
470	421	906	90	90	7403610
472	421	910	90	90	7403616
474	421	910	90	90	7403622
475	422	914	90	90	7403629
477	422	914	90	90	7403635
478	422	914	90	90	7403641
479	422	914	90	90	7403647
480	423	914	90	90	7403654
481	423	914	90	90	7403666
482	423	919	90	90	7403691
483	424	925	90	90	7403722
483	425	930	90	90	7403735
483	426	930	90	90	7403741
484	427	930	90	90	7403747
484	428	930	90	90	7403754
484	429	930	90	90	7403760
484	431	934	90	90	7403766
485	432	934	90	90	7403772
485	434	934	90	90	7403779
486	436	934	90	90	7403785
487	438	934	90	90	7403791
487	440	938	90	90	7403797
488	442	938	90	90	7403804
489	445	938	90	90	7403810
490	447	938	90	90	7403816
492	451	942	90	90	7403822
493	454	942	90	90	7403829
494	458	942	90	90	7403835
496	461	942	90	90	7403841
497	465	946	90	90	7403847
499	469	946	90	90	7403854
500	473	946	90	90	7403860
502	478	950	90	90	7403866
503	482	950	90	90	7403872
505	486	950	90	90	7403879
506	491	954	90	90	7403885
508	495	954	90	90	7403891
510	500	954	90	90	7403897
512	506	958	90	90	7403904
514	511	958	90	90	7403910
516	516	962	90	90	7403916
519	521	962	90	90	7403922
521	526	962	90	90	7403929
523	531	966	90	90	7403935
525	536	966	90	90	7403941
527	540	970	90	90	7403947
529	545	970	90	90	7403954
531	549	974	90	90	7403960
533	554	974	90	90	7403966
535	558	978	90	90	7403972
537	563	978	90	90	7403979
540	567	982	90	90	7403985
542	571	982	90	90	7403991
544	575	982	90	90	7403997
546	578	982	90	90	7404004
548	581	986	90	90	7404010
549	583	986	90	90	7404016
550	585	986	90	90	7404022
551	586	986	90	90	7404035
552	587	987	90	90	7404110
551	586	986	90	90	7404122
551	585	986	90	90	7404129
551	584	986	90	90	7404135
551	582	986	90	90	7404141
551	581	986	90	90	7404147
551	580	986	90	90	7404154
551	579	986	90	90	7404160
551	577	986	90	90	7404166
551	575	982	90	90	7404172
551	573	982	90	90	7404179
551	570	982	90	90	7404185
551	568	982	90	90	7404191
551	565	978	90	90	7404197
551	561	978	90	90	7404204
550	557	978	90	90	7404210
550	553	974	90	90	7404216
550	549	974	90	90	7404222
550	545	974	90	90	7404229
550	540	970	90	90	7404235
550	536	970	90	90	7404241
550	531	970	90	90	7404247
550	526	970	90	90	7404254
549	520	966	90	90	7404260
549	515	966	90	90	7404266
549	509	962	90	90	7404272
549	503	962	90	90	7404279
549	497	962	90	90	7404285
549	490	958	90	90	7404291
549	483	958	90	90	7404297
549	476	958	90	90	7404304
549	469	954	90	90	7404310
548	462	954	90	90	7404316
548	455	954	90	90	7404322
548	448	950	90	90	7404329
549	441	950	90	90	7404335
549	433	950	90	90	7404341
549	427	950	90	90	7404347
549	420	950	90	90	7404354
550	413	950	90	90	7404360
551	406	946	90	90	7404366
551	399	946	90	90	7404372
552	393	950	90	90	7404379
552	386	950	90	90	7404385
553	380	950	90	90	7404391
553	373	950	90	90	7404397
554	367	946	90	90	7404404
554	360	950	90	90	7404410
555	354	950	90	90	7404416
556	348	950	90	90	7404422
556	341	950	90	90	7404429
557	335	950	90	90	7404435
557	330	954	90	90	7404441
558	324	954	90	90	7404447
558	319	954	90	90	7404454
559	313	954	90	90	7404460
559	309	954	90	90	7404466
560	304	958	90	90	7404472
561	300	958	90	90	7404479
562	297	958	90	90	7404485
563	294	958	90	90	7404491
564	291	958	90	90	7404497
565	289	958	90	90	7404504
566	287	958	90	90	7404510
567	286	962	90	90	7404516
568	285	958	90	90	7404522
569	284	958	90	90	7404529
570	283	958	90	90	7404535
571	283	958	90	90	7404554
573	283	958	90	90	7404560
574	284	962	90	90	7404566
574	286	958	90	90	7404572
575	287	958	90	90	7404579
576	289	958	90	90	7404585
577	292	962	90	90	7404591
578	295	962	90	90	7404597
579	299	962	90	90	7404604
580	303	962	90	90	7404610
582	307	962	90	90	7404616
583	312	962	90	90	7404622
584	316	962	90	90	7404629
586	322	962	90	90	7404635
587	327	962	90	90	7404641
588	332	958	90	90	7404647
590	337	958	90	90	7404654
591	343	958	90	90	7404660
592	348	958	90	90	7404666
593	354	958	90	90	7404672
595	359	958	90	90	7404679
596	365	958	90	90	7404685
597	371	958	90	90	7404691
598	377	958	90	90	7404697
600	383	958	90	90	7404704
601	390	958	90	90	7404710
602	396	958	90	90	7404716
603	403	958	90	90	7404722
605	409	958	90	90	7404729
606	416	958	90	90	7404735
607	422	958	90	90	7404741
609	429	962	90	90	7404747
610	435	962	90	90	7404754
611	441	962	90	90	7404760
613	448	962	90	90	7404766
614	454	962	90	90	7404772
615	460	962	90	90	7404779
617	466	962	90	90	7404785
618	473	962	90	90	7404791
620	479	966	90	90	7404797
621	485	966	90	90	7404804
622	490	966	90	90	7404810
624	496	966	90	90	7404816
625	501	970	90	90	7404822
626	507	970	90	90	7404829
627	512	970	90	90	7404835
628	516	974	90	90	7404841
628	521	974	90	90	7404847
629	526	974	90	90	7404854
630	531	978	90	90	7404860
631	536	978	90	90	7404866
632	541	978	90	90	7404872
633	545	982	90	90	7404879
634	549	982	90	90	7404885
634	553	982	90	90	7404891
635	556	982	90	90	7404897
636	560	982	90	90	7404904
636	563	982	90	90	7404910
637	566	982	90	90	7404916
637	569	982	90	90	7404922
638	571	982	90	90	7404929
638	574	982	90	90	7404935
639	577	982	90	90	7404941
640	579	982	90	90	7404947
640	581	982	90	90	7404954
641	583	982	90	90	7404960
641	585	982	90	90	7404966
642	586	982	90	90	7404972
642	587	982	90	90	7404979
643	588	982	90	90	7404985
643	589	982	90	90	7404997
643	591	984	90	90	7405010
644	592	984	90	90	7405022
644	593	986	90	90	7405035
645	594	984	90	90	7405047
646	595	982	90	90	7405066
647	595	982	90	90	7405085
649	595	980	90	90	7405097
650	594	978	90	90	7405110
651	592	978	90	90	7405116
652	591	978	90	90	7405122
652	590	978	90	90	7405129
653	588	978	90	90	7405135
653	587	978	90	90	7405141
654	585	978	90	90	7405147
654	583	978	90	90	7405154
655	581	978	90	90	7405160
655	579	978	90	90	7405166
655	576	978	90	90	7405172
656	574	978	90	90	7405179
656	570	978	90	90	7405185
656	567	974	90	90	7405191
657	563	974	90	90	7405197
657	559	970	90	90	7405204
658	555	970	90	90	7405210
658	550	970	90	90	7405216
658	546	966	90	90	7405222
658	541	966	90	90	7405229
658	536	966	90	90	7405235
658	531	962	90	90	7405241
658	526	962	90	90	7405247
658	521	962	90	90	7405254
657	515	962	90	90	7405260
657	510	962	90	90	7405266
657	504	962	90	90	7405272
657	498	958	90	90	7405279
657	492	958	90	90	7405285
657	486	958	90	90	7405291
657	480	958	90	90	7405297
657	473	954	90	90	7405304
657	467	954	90	90	7405310
657	460	954	90	90	7405316
657	453	954	90	90	7405322
657	447	954	90	90	7405329
657	440	954	90	90	7405335
657	434	954	90	90	7405341
657	427	954	90	90	7405347
657	420	954	90	90	7405354
657	413	954	90	90	7405360
657	407	950	90	90	7405366
657	400	950	90	90	7405372
657	393	950	90	90	7405379
658	386	950	90	90	7405385
658	379	950	90	90	7405391
658	373	950	90	90	7405397
658	366	950	90	90	7405404
658	360	950	90	90	7405410
658	354	954	90	90	7405416
659	349	954	90	90	7405422
659	343	954	90	90	7405429
660	337	954	90	90	7405435
660	332	954	90	90	7405441
661	327	954	90	90	7405447
662	323	954	90	90	7405454
662	318	954	90	90	7405460
663	314	954	90	90	7405466
664	310	954	90	90	7405472
664	307	954	90	90	7405479
665	304	954	90	90	7405485
666	302	954	90	90	7405491
667	300	954	90	90	7405497
668	298	950	90	90	7405504
669	296	950	90	90	7405510
670	295	950	90	90	7405516
671	295	950	90	90	7405522
672	294	950	90	90	7405529
673	294	950	90	90	7405535
674	294	950	90	90	7405547
675	295	950	90	90	7405554
676	296	950	90	90	7405560
677	297	950	90	90	7405566
678	299	950	90	90	7405572
679	301	950	90	90	7405579
680	303	954	90	90	7405585
680	306	954	90	90	7405591
682	309	954	90	90	7405597
683	312	954	90	90	7405604
684	316	954	90	90	7405610
685	320	954	90	90	7405616
686	325	954	90	90	7405622
688	329	954	90	90	7405629
689	334	954	90	90	7405635
691	339	950	90	90	7405641
692	344	954	90	90	7405647
694	349	954	90	90	7405654
695	354	954	90	90	7405660
697	360	954	90	90	7405666
699	366	954	90	90	7405672
701	372	954	90	90	7405679
703	379	954	90	90	7405685
705	385	954	90	90	7405691
706	392	954	90	90	7405697
708	399	954	90	90	7405704
710	406	954	90	90	7405710
712	413	954	90	90	7405716
714	420	954	90	90	7405722
716	427	954	90	90	7405729
718	434	954	90	90	7405735
720	441	954	90	90	7405741
722	447	954	90	90	7405747
724	454	954	90	90	7405754
725	461	958	90	90	7405760
727	467	958	90	90	7405766
728	474	958	90	90	7405772
730	480	958	90	90	7405779
731	487	958	90	90	7405785
732	493	962	90	90	7405791
733	499	962	90	90	7405797
733	504	962	90	90	7405804
734	510	962	90	90	7405810
735	515	962	90	90	7405816
735	520	966	90	90	7405822
736	525	966	90	90	7405829
737	530	966	90	90	7405835
737	536	970	90	90	7405841
738	541	970	90	90	7405847
740	546	970	90	90	7405854
741	552	970	90	90	7405860
742	557	974	90	90	7405866
744	562	974	90	90	7405872
745	567	974	90	90	7405879
746	572	978	90	90	7405885
748	576	978	90	90	7405891
749	580	978	90	90	7405897
750	584	982	90	90	7405904
750	587	982	90	90	7405910
751	591	982	90	90	7405916
752	594	986	90	90	7405922
753	598	986	90	90	7405929
754	601	986	90	90	7405935
755	604	986	90	90	7405941
755	607	986	90	90	7405947
756	609	986	90	90	7405954
757	611	986	90	90	7405960
757	613	986	90	90	7405966
758	614	986	90	90	7405972
758	615	990	90	90	7405985
758	616	987	90	90	7406085
759	616	986	90	90	7406104
760	615	986	90	90	7406116
761	614	986	90	90	7406129
762	613	986	90	90	7406141
763	612	986	90	90	7406154
764	611	986	90	90	7406166
764	610	986	90	90	7406179
765	608	986	90	90	7406185
765	607	986	90	90	7406191
765	606	986	90	90	7406197
765	605	986	90	90	7406204
765	604	986	90	90	7406210
766	602	986	90	90	7406216
766	601	986	90	90	7406222
766	599	986	90	90	7406229
766	597	986	90	90	7406235
766	595	986	90	90	7406241
766	593	982	90	90	7406247
766	591	982	90	90	7406254
766	589	982	90	90	7406260
766	587	982	90	90	7406266
766	584	982	90	90	7406272
766	582	982	90	90	7406279
766	579	978	90	90	7406285
766	576	978	90	90	7406291
766	573	978	90	90	7406297
765	570	978	90	90	7406304
765	567	978	90	90	7406310
765	564	974	90	90	7406316
765	560	974	90	90	7406322
764	557	974	90	90	7406329
764	554	974	90	90	7406335
764	550	970	90	90	7406341
764	547	970	90	90	7406347
763	543	970	90	90	7406354
763	539	970	90	90	7406360
763	535	970	90	90	7406366
763	530	966	90	90	7406372
762	526	966	90	90	7406379
762	521	966	90	90	7406385
761	516	962	90	90	7406391
761	511	962	90	90	7406397
761	506	962	90	90	7406404
760	501	962	90	90	7406410
760	495	958	90	90	7406416
759	490	958	90	90	7406422
759	485	958	90	90	7406429
758	479	958	90	90	7406435
758	473	958	90	90	7406441
757	467	958	90	90	7406447
757	461	954	90	90	7406454
757	455	954	90	90	7406460
757	449	954	90	90	7406466
757	442	954	90	90	7406472
756	436	954	90	90	7406479
756	430	954	90	90	7406485
756	424	954	90	90	7406491
756	418	954	90	90	7406497
755	412	954	90	90	7406504
755	406	954	90	90	7406510
754	400	954	90	90	7406516
754	394	954	90	90	7406522
754	388	954	90	90	7406529
753	382	954	90	90	7406535
753	376	954	90	90	7406541
753	370	954	90	90	7406547
753	364	954	90	90	7406554
752	358	954	90	90	7406560
752	353	954	90	90	7406566
753	348	954	90	90	7406572
753	343	954	90	90	7406579
753	338	954	90	90	7406585
754	334	954	90	90	7406591
754	330	954	90	90	7406597
755	327	954	90	90	7406604
755	323	954	90	90	7406610
756	319	954	90	90	7406616
756	316	954	90	90	7406622
757	313	954	90	90	7406629
758	311	954	90	90	7406635
758	308	954	90	90	7406641
759	306	954	90	90	7406647
759	304	954	90	90	7406654
760	303	950	90	90	7406660
760	301	950	90	90	7406666
761	300	950	90	90	7406679
762	300	950	90	90	7406691
763	300	950	90	90	7406704
764	301	950	90	90	7406710
765	302	954	90	90	7406716
766	304	954	90	90	7406722
767	306	954	90	90	7406729
768	308	954	90	90	7406735
769	311	954	90	90	7406741
771	315	954	90	90	7406747
773	319	954	90	90	7406754
775	323	958	90	90	7406760
776	328	958	90	90	7406766
778	332	958	90	90	7406772
780	337	958	90	90	7406779
782	343	958	90	90	7406785
784	348	958	90	90	7406791
785	353	958	90	90	7406797
787	358	958	90	90	7406804
788	364	958	90	90	7406810
790	369	958	90	90	7406816
791	375	962	90	90	7406822
793	381	962	90	90	7406829
794	387	962	90	90	7406835
796	393	962	90	90	7406841
798	399	962	90	90	7406847
800	406	962	90	90	7406854
802	412	962	90	90	7406860
803	418	962	90	90	7406866
805	424	962	90	90	7406872
807	430	962	90	90	7406879
808	435	962	90	90	7406885
810	440	962	90	90	7406891
811	444	962	90	90	7406897
811	449	962	90	90	7406904
812	454	962	90	90	7406910
812	458	962	90	90	7406916
813	462	962	90	90	7406922
813	466	962	90	90	7406929
814	470	962	90	90	7406935
814	473	962	90	90	7406941
814	475	962	90	90	7406947
815	477	962	90	90	7406954
815	479	962	90	90	7406960
815	480	962	90	90	7406972
815	481	964	90	90	7407072
817	481	966	90	90	7407079
818	481	966	90	90	7407085
819	481	970	90	90	7407091
820	481	970	90	90	7407097
822	481	970	90	90	7407104
825	481	970	90	90	7407110
827	481	974	90	90	7407116
830	480	974	90	90	7407122
832	480	974	90	90	7407129
836	480	974	90	90	7407135
839	480	978	90	90	7407141
842	479	978	90	90	7407147
846	479	978	90	90	7407154
850	478	978	90	90	7407160
854	478	982	90	90	7407166
858	477	982	90	90	7407172
862	476	982	90	90	7407179
867	475	986	90	90	7407185
871	474	986	90	90	7407191
876	473	986	90	90	7407197
880	472	986	90	90	7407204
885	472	990	90	90	7407210
890	471	990	90	90	7407216
895	471	990	90	90	7407222
900	471	990	90	90	7407229
904	471	990	90	90	7407235
908	471	994	90	90	7407241
913	471	994	90	90	7407247
917	471	994	90	90	7407254
921	471	994	90	90	7407260
924	471	998	90	90	7407266
928	471	998	90	90	7407272
930	470	998	90	90	7407279
933	470	994	90	90	7407285
935	470	994	90	90	7407291
937	470	994	90	90	7407297
938	470	994	90	90	7407304
939	470	994	90	90	7407316
940	470	999	90	90	7407366
940	471	1006	90	90	7407385
939	472	1010	90	90	7407404
937	473	934	90	90	7407447
935	473	531	90	90	7407454
934	473	342	90	90	7407460
932	472	76	90	90	7407472
2
1
355	410	0	90	90	7539925
512
383	456	120	90	90	7540675
383	455	347	90	90	7540687
382	453	649	90	90	7540700
382	452	795	90	90	7540712
381	451	849	90	90	7540725
382	450	890	90	90	7540737
383	449	906	90	90	7540743
384	449	918	90	90	7540750
385	449	930	90	90	7540756
387	449	938	90	90	7540762
389	449	946	90	90	7540768
391	449	950	90	90	7540775
394	449	958	90	90	7540781
397	449	966	90	90	7540787
400	450	970	90	90	7540793
404	450	974	90	90	7540800
408	450	978	90	90	7540806
413	450	982	90	90	7540812
417	451	986	90	90	7540818
423	451	990	90	90	7540825
428	452	990	90	90	7540831
433	452	994	90	90	7540837
439	453	994	90	90	7540843
446	454	994	90	90	7540850
452	454	998	90	90	7540856
459	455	998	90	90	7540862
465	455	998	90	90	7540868
472	456	998	90	90	7540875
479	456	998	90	90	7540881
486	457	1002	90	90	7540887
493	457	1002	90	90	7540893
500	457	1002	90	90	7540900
507	458	1002	90	90	7540906
513	459	1002	90	90	7540912
519	459	1006	90	90	7540918
525	460	1006	90	90	7540925
531	460	1006	90	90	7540931
536	461	1006	90	90	7540937
541	462	1006	90	90	7540943
545	462	1010	90	90	7540950
549	463	1010	90	90	7540956
552	463	1010	90	90	7540962
555	464	1010	90	90	7540968
558	464	1010	90	90	7540975
560	465	1010	90	90	7540981
562	465	1010	90	90	7540987
563	465	1010	90	90	7540993
564	466	1010	90	90	7541000
565	466	1010	90	90	7541012
566	466	1017	90	90	7541056
566	467	1023	90	90	7541068
566	468	1023	90	90	7541075
566	469	1023	90	90	7541081
566	470	1023	90	90	7541087
566	472	1023	90	90	7541093
566	473	1023	90	90	7541100
566	475	1023	90	90	7541106
567	477	1023	90	90	7541112
568	479	1023	90	90	7541118
568	482	1023	90	90	7541125
569	485	1023	90	90	7541131
570	488	1023	90	90	7541137
571	492	1023	90	90	7541143
573	496	1023	90	90	7541150
574	500	1023	90	90	7541156
575	504	1023	90	90	7541162
577	509	1023	90	90	7541168
578	514	1023	90	90	7541175
580	519	1023	90	90	7541181
581	524	1023	90	90	7541187
583	530	1023	90	90	7541193
585	535	1023	90	90	7541200
587	541	1023	90	90	7541206
589	547	1023	90	90	7541212
591	552	1023	90	90	7541218
593	558	1023	90	90	7541225
595	563	1023	90	90	7541231
596	568	1023	90	90	7541237
598	572	1023	90	90	7541243
599	576	1023	90	90	7541250
600	579	1023	90	90	7541256
601	582	1023	90	90	7541262
602	585	1023	90	90	7541268
602	587	1023	90	90	7541275
603	588	1023	90	90	7541281
603	590	1023	90	90	7541287
603	591	1023	90	90	7541293
603	592	1023	90	90	7541306
603	593	1023	90	90	7541325
603	594	1023	90	90	7541356
603	595	1023	90	90	7541418
604	593	1023	90	90	7541431
604	592	1023	90	90	7541437
605	591	1023	90	90	7541443
605	589	1023	90	90	7541450
606	588	1023	90	90	7541456
606	586	1023	90	90	7541462
607	583	1023	90	90	7541468
607	581	1023	90	90	7541475
608	578	1023	90	90	7541481
608	574	1023	90	90	7541487
608	570	1023	90	90	7541493
608	566	1023	90	90	7541500
608	562	1023	90	90	7541506
608	557	1023	90	90	7541512
608	551	1023	90	90	7541518
608	546	1023	90	90	7541525
608	540	1023	90	90	7541531
608	533	1023	90	90	7541537
608	527	1023	90	90	7541543
608	520	1023	90	90	7541550
608	512	1023	90	90	7541556
608	505	1023	90	90	7541562
608	497	1023	90	90	7541568
607	489	1023	90	90	7541575
607	481	1023	90	90	7541581
607	473	1023	90	90	7541587
607	465	1023	90	90	7541593
606	456	1023	90	90	7541600
606	448	1023	90	90	7541606
606	440	1023	90	90	7541612
606	432	1023	90	90	7541618
607	424	1023	90	90	7541625
607	416	1023	90	90	7541631
607	408	1023	90	90	7541637
607	400	1023	90	90	7541643
608	392	1023	90	90	7541650
608	385	1023	90	90	7541656
608	377	1023	90	90	7541662
609	370	1023	90	90	7541668
609	364	1023	90	90	7541675
610	357	1023	90	90	7541681
610	351	1023	90	90	7541687
611	346	1023	90	90	7541693
611	340	1023	90	90	7541700
612	335	1023	90	90	7541706
613	331	1023	90	90	7541712
614	327	1023	90	90	7541718
615	324	1023	90	90	7541725
616	322	1023	90	90	7541731
617	320	1023	90	90	7541737
618	318	1023	90	90	7541743
619	317	1023	90	90	7541750
619	316	1023	90	90	7541762
621	315	1023	90	90	7541775
622	315	1023	90	90	7541787
623	315	1023	90	90	7541806
624	316	1023	90	90	7541818
625	317	1023	90	90	7541825
625	318	1023	90	90	7541831
625	319	1023	90	90	7541837
625	320	1023	90	90	7541843
625	322	1023	90	90	7541850
626	324	1023	90	90	7541856
626	326	1023	90	90	7541862
626	329	1023	90	90	7541868
627	331	1023	90	90	7541875
627	334	1023	90	90	7541881
628	337	1023	90	90	7541887
629	340	1023	90	90	7541893
630	344	1023	90	90	7541900
631	348	1023	90	90	7541906
632	352	1023	90	90	7541912
633	356	1023	90	90	7541918
635	361	1023	90	90	7541925
637	366	1023	90	90	7541931
639	371	1023	90	90	7541937
641	376	1023	90	90	7541943
643	382	1023	90	90	7541950
646	387	1023	90	90	7541956
648	393	1023	90	90	7541962
650	399	1023	90	90	7541968
653	406	1023	90	90	7541975
655	412	1023	90	90	7541981
658	419	1023	90	90	7541987
660	426	1023	90	90	7541993
663	433	1023	90	90	7542000
666	440	1023	90	90	7542006
668	447	1023	90	90	7542012
671	454	1023	90	90	7542018
673	461	1023	90	90	7542025
675	467	1023	90	90	7542031
677	474	1023	90	90	7542037
679	480	1023	90	90	7542043
681	486	1023	90	90	7542050
683	493	1023	90	90	7542056
684	499	1023	90	90	7542062
686	505	1023	90	90	7542068
687	511	1023	90	90	7542075
689	517	1023	90	90	7542081
690	523	1023	90	90	7542087
691	529	1023	90	90	7542093
693	535	1023	90	90	7542100
694	541	1023	90	90	7542106
695	546	1023	90	90	7542112
697	551	1023	90	90	7542118
698	556	1023	90	90	7542125
699	561	1023	90	90	7542131
700	566	1023	90	90	7542137
702	569	1023	90	90	7542143
703	573	1023	90	90	7542150
704	576	1023	90	90	7542156
704	580	1023	90	90	7542162
705	582	1023	90	90	7542168
706	584	1023	90	90	7542175
706	586	1023	90	90	7542181
706	588	1023	90	90	7542187
706	590	1023	90	90	7542193
706	591	1023	90	90	7542200
706	592	1023	90	90	7542212
706	593	1023	90	90	7542250
706	592	1023	90	90	7542262
707	590	1023	90	90	7542268
707	589	1023	90	90	7542275
707	588	1023	90	90	7542281
707	587	1023	90	90	7542287
708	586	1023	90	90	7542293
708	584	1023	90	90	7542300
708	583	1023	90	90	7542306
708	580	1023	90	90	7542312
708	578	1023	90	90	7542318
708	575	1023	90	90	7542325
708	572	1023	90	90	7542331
708	569	1023	90	90	7542337
708	565	1023	90	90	7542343
708	562	1023	90	90	7542350
708	558	1023	90	90	7542356
708	554	1023	90	90	7542362
708	550	1023	90	90	7542368
708	546	1023	90	90	7542375
708	542	1023	90	90	7542381
708	537	1023	90	90	7542387
707	533	1023	90	90	7542393
707	528	1023	90	90	7542400
707	522	1023	90	90	7542406
706	517	1023	90	90	7542412
706	512	1023	90	90	7542418
705	506	1023	90	90	7542425
705	500	1023	90	90	7542431
704	494	1023	90	90	7542437
704	488	1023	90	90	7542443
703	482	1023	90	90	7542450
703	476	1023	90	90	7542456
702	470	1023	90	90	7542462
702	464	1023	90	90	7542468
702	458	1023	90	90	7542475
702	451	1023	90	90	7542481
701	445	1023	90	90	7542487
701	439	1023	90	90	7542493
701	433	1023	90	90	7542500
701	427	1023	90	90	7542506
701	421	1023	90	90	7542512
701	416	1023	90	90	7542518
701	410	1023	90	90	7542525
701	405	1023	90	90	7542531
701	401	1023	90	90	7542537
701	396	1023	90	90	7542543
702	391	1023	90	90	7542550
702	386	1023	90	90	7542556
702	382	1023	90	90	7542562
703	377	1023	90	90	7542568
703	373	1023	90	90	7542575
703	369	1023	90	90	7542581
703	365	1023	90	90	7542587
704	361	1023	90	90	7542593
704	357	1023	90	90	7542600
704	353	1023	90	90	7542606
705	350	1023	90	90	7542612
705	346	1023	90	90	7542618
705	343	1023	90	90	7542625
705	340	1023	90	90	7542631
706	337	1023	90	90	7542637
706	334	1023	90	90	7542643
706	331	1023	90	90	7542650
707	328	1023	90	90	7542656
707	326	1023	90	90	7542662
707	324	1023	90	90	7542668
707	322	1023	90	90	7542675
708	320	1023	90	90	7542681
708	318	1023	90	90	7542687
708	317	1023	90	90	7542693
708	316	1023	90	90	7542700
709	314	1023	90	90	7542718
709	312	1023	90	90	7542756
710	313	1023	90	90	7542768
710	315	1023	90	90	7542775
710	316	1023	90	90	7542781
710	317	1023	90	90	7542787
710	319	1023	90	90	7542793
710	321	1023	90	90	7542800
711	323	1023	90	90	7542806
711	326	1023	90	90	7542812
712	329	1023	90	90	7542818
713	332	1023	90	90	7542825
714	336	1023	90	90	7542831
715	340	1023	90	90	7542837
716	345	1023	90	90	7542843
717	349	1023	90	90	7542850
719	354	1023	90	90	7542856
720	359	1023	90	90	7542862
722	365	1023	90	90	7542868
724	371	1023	90	90	7542875
726	377	1023	90	90	7542881
728	383	1023	90	90	7542887
730	390	1023	90	90	7542893
732	397	1023	90	90	7542900
734	404	1023	90	90	7542906
736	411	1023	90	90	7542912
738	418	1023	90	90	7542918
740	426	1023	90	90	7542925
742	433	1023	90	90	7542931
744	441	1023	90	90	7542937
746	448	1023	90	90	7542943
748	456	1023	90	90	7542950
750	463	1023	90	90	7542956
752	470	1023	90	90	7542962
754	477	1023	90	90	7542968
756	485	1023	90	90	7542975
758	492	1023	90	90	7542981
760	499	1023	90	90	7542987
762	505	1023	90	90	7542993
763	512	1023	90	90	7543000
765	518	1023	90	90	7543006
766	525	1023	90	90	7543012
768	531	1023	90	90	7543018
769	537	1023	90	90	7543025
770	542	1023	90	90	7543031
771	547	1023	90	90	7543037
773	552	1023	90	90	7543043
774	557	1023	90	90	7543050
775	562	1023	90	90	7543056
776	566	1023	90	90	7543062
777	570	1023	90	90	7543068
778	573	1023	90	90	7543075
779	577	1023	90	90	7543081
779	580	1023	90	90	7543087
780	584	1023	90	90	7543093
781	587	1023	90	90	7543100
781	589	1023	90	90	7543106
782	592	1023	90	90	7543112
782	594	1023	90	90	7543118
782	596	1023	90	90	7543125
782	597	1023	90	90	7543131
783	598	1023	90	90	7543137
783	599	1023	90	90	7543150
783	601	1023	90	90	7543162
783	602	1023	90	90	7543181
784	603	1023	90	90	7543212
785	603	1023	90	90	7543243
786	602	1023	90	90	7543262
786	601	1023	90	90	7543275
786	600	1023	90	90	7543287
786	598	1023	90	90	7543293
786	597	1023	90	90	7543300
786	596	1023	90	90	7543306
787	595	1023	90	90	7543312
787	594	1023	90	90	7543318
787	593	1023	90	90	7543325
787	592	1023	90	90	7543331
787	591	1023	90	90	7543337
787	589	1023	90	90	7543343
787	588	1023	90	90	7543350
787	586	1023	90	90	7543356
787	584	1023	90	90	7543362
787	583	1023	90	90	7543368
787	580	1023	90	90	7543375
787	578	1023	90	90	7543381
787	575	1023	90	90	7543387
787	572	1023	90	90	7543393
787	569	1023	90	90	7543400
786	566	1023	90	90	7543406
786	562	1023	90	90	7543412
786	558	1023	90	90	7543418
786	554	1023	90	90	7543425
786	550	1023	90	90	7543431
786	545	1023	90	90	7543437
786	540	1023	90	90	7543443
785	535	1023	90	90	7543450
785	530	1023	90	90	7543456
785	525	1023	90	90	7543462
785	519	1023	90	90	7543468
784	514	1023	90	90	7543475
784	508	1023	90	90	7543481
784	503	1023	90	90	7543487
784	497	1023	90	90	7543493
784	491	1023	90	90	7543500
784	485	1023	90	90	7543506
783	479	1023	90	90	7543512
783	473	1023	90	90	7543518
783	466	1023	90	90	7543525
783	460	1023	90	90	7543531
783	453	1023	90	90	7543537
783	447	1023	90	90	7543543
782	440	1023	90	90	7543550
782	434	1023	90	90	7543556
782	427	1023	90	90	7543562
782	420	1023	90	90	7543568
782	414	1023	90	90	7543575
781	407	1023	90	90	7543581
781	401	1023	90	90	7543587
781	394	1023	90	90	7543593
781	388	1023	90	90	7543600
781	381	1023	90	90	7543606
781	375	1023	90	90	7543612
781	369	1023	90	90	7543618
781	363	1023	90	90	7543625
781	357	1023	90	90	7543631
781	351	1023	90	90	7543637
781	346	1023	90	90	7543643
781	340	1023	90	90	7543650
781	335	1023	90	90	7543656
781	331	1023	90	90	7543662
782	327	1023	90	90	7543668
782	323	1023	90	90	7543675
783	319	1023	90	90	7543681
783	316	1023	90	90	7543687
784	314	1023	90	90	7543693
785	311	1023	90	90	7543700
786	310	1023	90	90	7543706
787	309	1023	90	90	7543712
788	308	1023	90	90	7543725
789	309	1023	90	90	7543731
790	310	1023	90	90	7543737
791	312	1023	90	90	7543743
791	314	1023	90	90	7543750
792	316	1023	90	90	7543756
792	319	1023	90	90	7543762
793	322	1023	90	90	7543768
793	325	1023	90	90	7543775
794	329	1023	90	90	7543781
794	332	1023	90	90	7543787
795	336	1023	90	90	7543793
796	341	1023	90	90	7543800
796	346	1023	90	90	7543806
797	351	1023	90	90	7543812
798	356	1023	90	90	7543818
800	363	1023	90	90	7543825
801	369	1023	90	90	7543831
802	375	1023	90	90	7543837
804	382	1023	90	90	7543843
806	388	1023	90	90	7543850
807	395	1023	90	90	7543856
809	401	1023	90	90	7543862
811	407	1023	90	90	7543868
812	413	1023	90	90	7543875
814	419	1023	90	90	7543881
815	425	1023	90	90	7543887
817	431	1023	90	90	7543893
818	437	1023	90	90	7543900
820	442	1023	90	90	7543906
821	448	1023	90	90	7543912
823	453	1023	90	90	7543918
824	458	1023	90	90	7543925
826	463	1023	90	90	7543931
827	467	1023	90	90	7543937
828	470	1023	90	90	7543943
828	472	1023	90	90	7543950
829	474	1023	90	90	7543956
829	475	1023	90	90	7543968
830	476	1023	90	90	7544031
831	476	1023	90	90	7544037
832	475	1023	90	90	7544043
833	475	1023	90	90	7544050
835	474	1023	90	90	7544056
836	474	1023	90	90	7544062
838	473	1023	90	90	7544068
840	473	1023	90	90	7544075
843	472	1023	90	90	7544081
846	472	1023	90	90	7544087
849	471	1023	90	90	7544093
852	471	1023	90	90	7544100
855	471	1023	90	90	7544106
859	470	1023	90	90	7544112
862	470	1023	90	90	7544118
866	469	1023	90	90	7544125
870	469	1023	90	90	7544131
874	468	1023	90	90	7544137
878	468	1023	90	90	7544143
882	467	1023	90	90	7544150
887	466	1023	90	90	7544156
891	465	1023	90	90	7544162
896	464	1023	90	90	7544168
901	463	1023	90	90	7544175
905	462	1023	90	90	7544181
909	462	1023	90	90	7544187
914	461	1023	90	90	7544193
919	460	1023	90	90	7544200
924	460	1023	90	90	7544206
928	460	1023	90	90	7544212
933	460	1023	90	90	7544218
937	460	1023	90	90	7544225
942	460	1023	90	90	7544231
946	460	1023	90	90	7544237
950	460	1023	90	90	7544243
954	460	1023	90	90	7544250
957	460	1023	90	90	7544256
960	460	1023	90	90	7544262
963	460	1023	90	90	7544268
965	459	1023	90	90	7544275
967	459	1023	90	90	7544287
971	459	1023	90	90	7544306
974	458	1023	90	90	7544331
973	457	1023	90	90	7544337
972	457	1023	90	90	7544343
971	457	1023	90	90	7544350
970	457	1023	90	90	7544356
968	456	978	90	90	7544362
967	456	841	90	90	7544368
966	456	668	90	90	7544375
964	456	491	90	90	7544381
963	457	302	90	90	7544387
961	457	56	90	90	7544400
2
1
710	554	0	90	90	7755920
463
351	431	4	90	90	7756327
350	429	120	90	90	7756333
349	428	241	90	90	7756339
349	427	428	90	90	7756352
349	426	597	90	90	7756377
350	425	714	90	90	7756389
351	425	769	90	90	7756402
352	425	801	90	90	7756408
354	424	821	90	90	7756414
355	424	837	90	90	7756420
357	423	853	90	90	7756427
359	422	869	90	90	7756433
361	421	882	90	90	7756439
364	420	894	90	90	7756445
367	419	898	90	90	7756452
370	418	906	90	90	7756458
374	417	910	90	90	7756464
378	416	910	90	90	7756470
382	416	914	90	90	7756477
387	415	918	90	90	7756483
393	414	918	90	90	7756489
398	414	922	90	90	7756495
404	413	922	90	90	7756502
410	413	922	90	90	7756508
417	413	926	90	90	7756514
423	412	926	90	90	7756520
429	412	926	90	90	7756527
435	413	926	90	90	7756533
442	413	926	90	90	7756539
447	414	926	90	90	7756545
453	415	926	90	90	7756552
458	416	930	90	90	7756558
463	418	930	90	90	7756564
467	419	930	90	90	7756570
471	421	930	90	90	7756577
474	423	930	90	90	7756583
477	425	934	90	90	7756589
480	427	934	90	90	7756595
482	429	938	90	90	7756602
484	432	938	90	90	7756608
486	435	942	90	90	7756614
488	438	946	90	90	7756620
490	442	950	90	90	7756627
491	447	954	90	90	7756633
493	453	958	90	90	7756639
495	458	966	90	90	7756645
496	464	970	90	90	7756652
498	470	974	90	90	7756658
499	477	978	90	90	7756664
500	483	978	90	90	7756670
502	489	982	90	90	7756677
503	496	986	90	90	7756683
504	502	986	90	90	7756689
506	509	990	90	90	7756695
508	516	990	90	90	7756702
510	523	994	90	90	7756708
512	530	998	90	90	7756714
514	538	998	90	90	7756720
516	545	1002	90	90	7756727
519	553	1006	90	90	7756733
521	561	1010	90	90	7756739
524	568	1010	90	90	7756745
526	575	1014	90	90	7756752
528	581	1023	90	90	7756758
530	587	1023	90	90	7756764
532	592	1023	90	90	7756770
533	596	1023	90	90	7756777
535	599	1023	90	90	7756783
536	602	1023	90	90	7756789
536	604	1023	90	90	7756795
537	606	1023	90	90	7756802
537	607	1023	90	90	7756808
537	608	1023	90	90	7756820
537	609	1023	90	90	7756908
538	608	1023	90	90	7757083
539	607	1023	90	90	7757108
538	606	1023	90	90	7757127
538	605	1023	90	90	7757139
539	604	1023	90	90	7757152
539	603	1023	90	90	7757164
539	602	1023	90	90	7757170
539	601	1023	90	90	7757177
539	600	1023	90	90	7757183
539	598	1023	90	90	7757189
539	597	1023	90	90	7757195
539	595	1023	90	90	7757202
540	593	1023	90	90	7757208
540	591	1023	90	90	7757214
540	589	1023	90	90	7757220
540	586	1023	90	90	7757227
540	583	1014	90	90	7757233
540	580	1014	90	90	7757239
540	577	1014	90	90	7757245
540	573	1014	90	90	7757252
540	569	1014	90	90	7757258
540	565	1010	90	90	7757264
540	560	1010	90	90	7757270
540	555	1010	90	90	7757277
540	549	1006	90	90	7757283
540	544	1006	90	90	7757289
540	538	1002	90	90	7757295
540	531	1002	90	90	7757302
540	524	1002	90	90	7757308
540	516	998	90	90	7757314
540	508	998	90	90	7757320
539	500	994	90	90	7757327
539	491	994	90	90	7757333
538	482	990	90	90	7757339
537	472	990	90	90	7757345
537	462	986	90	90	7757352
536	452	986	90	90	7757358
536	442	982	90	90	7757364
535	432	982	90	90	7757370
535	422	982	90	90	7757377
535	412	982	90	90	7757383
535	402	982	90	90	7757389
535	391	982	90	90	7757395
535	382	982	90	90	7757402
535	372	982	90	90	7757408
536	362	982	90	90	7757414
536	352	982	90	90	7757420
536	343	986	90	90	7757427
537	335	986	90	90	7757433
538	326	986	90	90	7757439
538	318	986	90	90	7757445
539	311	986	90	90	7757452
540	304	986	90	90	7757458
541	298	986	90	90	7757464
542	292	990	90	90	7757470
543	288	986	90	90	7757477
544	284	986	90	90	7757483
545	280	986	90	90	7757489
546	278	986	90	90	7757495
547	276	986	90	90	7757502
548	274	986	90	90	7757508
548	273	984	90	90	7757520
550	273	982	90	90	7757527
551	274	982	90	90	7757533
552	275	982	90	90	7757539
553	277	982	90	90	7757545
554	279	982	90	90	7757552
555	282	982	90	90	7757558
556	286	982	90	90	7757564
558	291	982	90	90	7757570
559	296	982	90	90	7757577
561	302	982	90	90	7757583
564	309	982	90	90	7757589
566	316	982	90	90	7757595
569	324	978	90	90	7757602
572	333	978	90	90	7757608
575	341	978	90	90	7757614
578	351	978	90	90	7757620
581	360	978	90	90	7757627
584	370	978	90	90	7757633
587	380	974	90	90	7757639
590	390	974	90	90	7757645
593	400	974	90	90	7757652
596	411	974	90	90	7757658
600	421	974	90	90	7757664
603	431	974	90	90	7757670
606	442	974	90	90	7757677
609	452	974	90	90	7757683
611	462	978	90	90	7757689
614	471	978	90	90	7757695
617	481	978	90	90	7757702
619	490	982	90	90	7757708
622	499	982	90	90	7757714
624	508	982	90	90	7757720
626	517	986	90	90	7757727
628	525	986	90	90	7757733
630	533	990	90	90	7757739
632	541	994	90	90	7757745
634	548	994	90	90	7757752
635	555	994	90	90	7757758
637	562	998	90	90	7757764
639	568	998	90	90	7757770
640	574	998	90	90	7757777
641	579	1002	90	90	7757783
643	584	1002	90	90	7757789
644	589	1002	90	90	7757795
646	594	1002	90	90	7757802
647	598	1002	90	90	7757808
648	601	1006	90	90	7757814
649	604	1006	90	90	7757820
650	606	1006	90	90	7757827
650	608	1006	90	90	7757833
650	609	1006	90	90	7757845
651	610	1006	90	90	7757920
651	609	1008	90	90	7757933
651	608	1010	90	90	7757945
651	607	1010	90	90	7757958
651	606	1008	90	90	7757970
652	605	1006	90	90	7757989
653	604	1006	90	90	7758014
653	603	1008	90	90	7758045
654	602	1010	90	90	7758058
654	601	1010	90	90	7758070
654	600	1010	90	90	7758077
654	599	1010	90	90	7758083
654	597	1010	90	90	7758089
654	596	1010	90	90	7758095
654	595	1010	90	90	7758102
654	593	1010	90	90	7758108
654	591	1010	90	90	7758114
653	590	1010	90	90	7758120
653	588	1010	90	90	7758127
653	586	1010	90	90	7758133
653	584	1010	90	90	7758139
653	582	1010	90	90	7758145
653	580	1010	90	90	7758152
653	577	1010	90	90	7758158
653	574	1010	90	90	7758164
652	571	1006	90	90	7758170
652	568	1006	90	90	7758177
652	565	1006	90	90	7758183
651	562	1006	90	90	7758189
651	558	1002	90	90	7758195
650	555	1002	90	90	7758202
650	551	1002	90	90	7758208
649	548	1002	90	90	7758214
649	544	1002	90	90	7758220
648	540	998	90	90	7758227
648	536	998	90	90	7758233
647	532	998	90	90	7758239
646	528	998	90	90	7758245
645	524	994	90	90	7758252
645	520	994	90	90	7758258
644	515	994	90	90	7758264
643	511	994	90	90	7758270
643	507	994	90	90	7758277
642	503	994	90	90	7758283
642	498	990	90	90	7758289
641	494	990	90	90	7758295
640	489	990	90	90	7758302
640	484	990	90	90	7758308
640	479	990	90	90	7758314
639	474	990	90	90	7758320
639	468	990	90	90	7758327
638	462	990	90	90	7758333
638	456	990	90	90	7758339
637	450	990	90	90	7758345
637	444	990	90	90	7758352
636	438	990	90	90	7758358
636	432	990	90	90	7758364
635	425	990	90	90	7758370
635	419	990	90	90	7758377
634	412	986	90	90	7758383
634	405	986	90	90	7758389
633	398	986	90	90	7758395
633	390	986	90	90	7758402
632	383	986	90	90	7758408
631	376	986	90	90	7758414
631	368	986	90	90	7758420
630	361	986	90	90	7758427
630	354	986	90	90	7758433
630	347	986	90	90	7758439
630	340	990	90	90	7758445
630	333	990	90	90	7758452
630	327	990	90	90	7758458
630	321	990	90	90	7758464
630	316	990	90	90	7758470
630	310	990	90	90	7758477
630	306	990	90	90	7758483
631	302	990	90	90	7758489
631	299	990	90	90	7758495
632	296	990	90	90	7758502
633	294	990	90	90	7758508
634	292	990	90	90	7758514
635	291	990	90	90	7758520
636	291	986	90	90	7758527
637	291	986	90	90	7758533
638	291	986	90	90	7758539
639	293	986	90	90	7758545
640	294	986	90	90	7758552
641	297	986	90	90	7758558
643	300	986	90	90	7758564
644	304	986	90	90	7758570
646	309	986	90	90	7758577
648	314	986	90	90	7758583
650	320	986	90	90	7758589
652	327	986	90	90	7758595
655	334	986	90	90	7758602
657	341	986	90	90	7758608
659	349	982	90	90	7758614
662	357	982	90	90	7758620
665	366	982	90	90	7758627
668	374	982	90	90	7758633
671	383	982	90	90	7758639
674	393	982	90	90	7758645
677	402	982	90	90	7758652
680	412	982	90	90	7758658
683	423	982	90	90	7758664
686	433	982	90	90	7758670
689	444	978	90	90	7758677
693	454	978	90	90	7758683
696	465	978	90	90	7758689
699	476	978	90	90	7758695
703	486	982	90	90	7758702
706	496	982	90	90	7758708
709	506	982	90	90	7758714
713	516	986	90	90	7758720
716	525	986	90	90	7758727
719	534	990	90	90	7758733
722	542	990	90	90	7758739
725	550	990	90	90	7758745
728	558	990	90	90	7758752
730	565	994	90	90	7758758
733	572	994	90	90	7758764
735	579	994	90	90	7758770
737	585	994	90	90	7758777
739	591	998	90	90	7758783
741	595	998	90	90	7758789
743	600	998	90	90	7758795
744	603	1002	90	90	7758802
746	606	1002	90	90	7758808
747	609	1002	90	90	7758814
748	610	1006	90	90	7758820
749	611	1006	90	90	7758833
749	612	1010	90	90	7758877
749	611	1014	90	90	7758889
748	610	1014	90	90	7758902
748	609	1014	90	90	7758908
748	608	1014	90	90	7758914
748	607	1014	90	90	7758920
748	606	1014	90	90	7758927
748	605	1014	90	90	7758933
748	603	1014	90	90	7758939
748	602	1014	90	90	7758945
748	600	1014	90	90	7758952
748	598	1014	90	90	7758958
748	596	1014	90	90	7758964
748	594	1014	90	90	7758970
748	591	1014	90	90	7758977
748	588	1010	90	90	7758983
748	585	1010	90	90	7758989
747	581	1010	90	90	7758995
747	577	1010	90	90	7759002
746	573	1010	90	90	7759008
746	569	1010	90	90	7759014
745	564	1010	90	90	7759020
745	559	1010	90	90	7759027
745	554	1006	90	90	7759033
744	549	1006	90	90	7759039
743	543	1006	90	90	7759045
743	537	1006	90	90	7759052
742	531	1006	90	90	7759058
741	525	1006	90	90	7759064
739	518	1006	90	90	7759070
738	511	1006	90	90	7759077
737	503	1006	90	90	7759083
736	496	1006	90	90	7759089
734	488	1006	90	90	7759095
733	480	1002	90	90	7759102
732	473	1002	90	90	7759108
730	465	1002	90	90	7759114
729	457	1002	90	90	7759120
728	449	1002	90	90	7759127
727	442	1002	90	90	7759133
725	434	1002	90	90	7759139
724	427	1002	90	90	7759145
723	420	1002	90	90	7759152
722	413	1002	90	90	7759158
721	406	1002	90	90	7759164
720	400	1002	90	90	7759170
720	393	998	90	90	7759177
719	387	998	90	90	7759183
719	381	998	90	90	7759189
718	375	998	90	90	7759195
718	370	998	90	90	7759202
718	364	998	90	90	7759208
718	359	998	90	90	7759214
718	353	998	90	90	7759220
718	348	1002	90	90	7759227
718	343	1002	90	90	7759233
718	338	1002	90	90	7759239
718	334	998	90	90	7759245
718	330	1002	90	90	7759252
719	326	1002	90	90	7759258
719	322	1002	90	90	7759264
719	319	998	90	90	7759270
720	316	998	90	90	7759277
720	313	998	90	90	7759283
720	311	998	90	90	7759289
721	309	998	90	90	7759295
721	308	998	90	90	7759302
722	307	998	90	90	7759308
722	306	996	90	90	7759320
723	305	994	90	90	7759345
724	304	994	90	90	7759402
724	305	994	90	90	7759414
724	307	998	90	90	7759420
724	308	998	90	90	7759427
724	309	998	90	90	7759433
725	311	998	90	90	7759439
725	313	998	90	90	7759445
726	315	998	90	90	7759452
727	319	998	90	90	7759458
728	322	998	90	90	7759464
730	326	998	90	90	7759470
731	330	998	90	90	7759477
733	335	998	90	90	7759483
735	341	998	90	90	7759489
737	346	998	90	90	7759495
739	352	998	90	90	7759502
741	359	998	90	90	7759508
743	365	998	90	90	7759514
746	373	998	90	90	7759520
749	380	998	90	90	7759527
752	388	998	90	90	7759533
756	396	998	90	90	7759539
759	405	998	90	90	7759545
763	414	1002	90	90	7759552
767	422	1002	90	90	7759558
771	431	998	90	90	7759564
775	440	1002	90	90	7759570
778	449	1002	90	90	7759577
782	457	1002	90	90	7759583
785	464	1002	90	90	7759589
788	471	1002	90	90	7759595
791	477	1002	90	90	7759602
794	483	1006	90	90	7759608
796	488	1006	90	90	7759614
798	493	1006	90	90	7759620
800	497	1010	90	90	7759627
801	501	1010	90	90	7759633
803	504	1010	90	90	7759639
804	507	1010	90	90	7759645
805	509	1010	90	90	7759652
806	511	1010	90	90	7759658
807	512	1012	90	90	7759670
807	513	1014	90	90	7759695
807	511	1014	90	90	7759708
807	510	1014	90	90	7759714
808	509	1023	90	90	7759720
809	507	1023	90	90	7759727
810	506	1023	90	90	7759733
811	505	1023	90	90	7759739
813	503	1023	90	90	7759745
815	502	1023	90	90	7759752
818	501	1023	90	90	7759758
822	500	1023	90	90	7759764
826	499	1023	90	90	7759770
831	498	1023	90	90	7759777
837	498	1023	90	90	7759783
843	497	1023	90	90	7759789
850	497	1023	90	90	7759795
858	496	1023	90	90	7759802
866	496	1023	90	90	7759808
874	495	1023	90	90	7759814
883	494	1023	90	90	7759820
891	493	1023	90	90	7759827
900	492	1023	90	90	7759833
909	491	1023	90	90	7759839
917	490	1023	90	90	7759845
925	490	1023	90	90	7759852
932	489	1023	90	90	7759858
939	488	1023	90	90	7759864
945	487	1023	90	90	7759870
950	486	974	90	90	7759877
954	485	853	90	90	7759883
957	485	688	90	90	7759889
959	484	422	90	90	7759902
959	483	70	90	90	7759914
2
1
514	565	0	90	90	7885203
490
360	454	72	90	90	7885521
359	453	213	90	90	7885528
358	453	489	90	90	7885546
357	453	731	90	90	7885578
358	452	803	90	90	7885590
360	451	821	90	90	7885596
361	451	833	90	90	7885603
362	450	841	90	90	7885609
364	450	853	90	90	7885615
366	450	861	90	90	7885621
368	449	869	90	90	7885628
371	449	878	90	90	7885634
373	449	882	90	90	7885640
376	448	886	90	90	7885646
380	448	890	90	90	7885653
383	448	898	90	90	7885659
387	447	902	90	90	7885665
391	447	906	90	90	7885671
395	447	910	90	90	7885678
399	446	914	90	90	7885684
404	446	918	90	90	7885690
408	446	922	90	90	7885696
413	446	926	90	90	7885703
419	446	930	90	90	7885709
424	447	934	90	90	7885715
429	447	934	90	90	7885721
435	447	938	90	90	7885728
441	448	938	90	90	7885734
446	449	938	90	90	7885740
452	450	938	90	90	7885746
457	452	938	90	90	7885753
462	454	942	90	90	7885759
467	456	942	90	90	7885765
472	459	942	90	90	7885771
477	462	942	90	90	7885778
481	465	942	90	90	7885784
485	469	942	90	90	7885790
489	472	946	90	90	7885796
492	476	946	90	90	7885803
496	480	946	90	90	7885809
499	484	946	90	90	7885815
502	488	950	90	90	7885821
505	493	950	90	90	7885828
508	497	954	90	90	7885834
511	502	954	90	90	7885840
514	507	958	90	90	7885846
517	512	958	90	90	7885853
519	517	962	90	90	7885859
522	523	962	90	90	7885865
524	528	966	90	90	7885871
526	534	966	90	90	7885878
528	539	970	90	90	7885884
530	545	974	90	90	7885890
532	551	974	90	90	7885896
534	557	978	90	90	7885903
537	563	978	90	90	7885909
539	569	982	90	90	7885915
542	575	986	90	90	7885921
544	581	986	90	90	7885928
546	587	990	90	90	7885934
548	593	994	90	90	7885940
550	598	994	90	90	7885946
552	602	998	90	90	7885953
554	606	998	90	90	7885959
555	609	998	90	90	7885965
556	611	1002	90	90	7885971
557	613	1002	90	90	7885978
558	614	1002	90	90	7885990
558	615	1008	90	90	7886040
557	614	1014	90	90	7886071
556	613	1018	90	90	7886221
555	612	1023	90	90	7886265
556	611	1023	90	90	7886309
556	610	1023	90	90	7886334
556	609	1023	90	90	7886346
556	608	1023	90	90	7886359
555	607	1023	90	90	7886371
555	606	1023	90	90	7886378
555	605	1023	90	90	7886384
555	604	1023	90	90	7886390
555	602	1023	90	90	7886396
555	601	1023	90	90	7886403
555	599	1023	90	90	7886409
555	597	1023	90	90	7886415
555	595	1023	90	90	7886421
555	593	1023	90	90	7886428
555	591	1023	90	90	7886434
554	589	1023	90	90	7886440
554	586	1023	90	90	7886446
554	584	1023	90	90	7886453
554	581	1023	90	90	7886459
554	579	1023	90	90	7886465
554	576	1023	90	90	7886471
554	574	1023	90	90	7886478
553	571	1023	90	90	7886484
553	568	1023	90	90	7886490
553	565	1023	90	90	7886496
553	562	1023	90	90	7886503
553	559	1023	90	90	7886509
553	556	1023	90	90	7886515
553	553	1023	90	90	7886521
553	550	1023	90	90	7886528
552	547	1023	90	90	7886534
552	543	1023	90	90	7886540
552	540	1023	90	90	7886546
552	536	1023	90	90	7886553
552	532	1014	90	90	7886559
552	528	1014	90	90	7886565
552	524	1014	90	90	7886571
551	520	1014	90	90	7886578
551	516	1010	90	90	7886584
551	511	1010	90	90	7886590
551	507	1010	90	90	7886596
551	502	1006	90	90	7886603
551	497	1006	90	90	7886609
551	492	1006	90	90	7886615
551	487	1006	90	90	7886621
551	481	1002	90	90	7886628
551	476	1002	90	90	7886634
551	470	1002	90	90	7886640
551	464	1002	90	90	7886646
551	458	998	90	90	7886653
551	451	998	90	90	7886659
551	445	998	90	90	7886665
551	438	998	90	90	7886671
551	431	994	90	90	7886678
551	424	994	90	90	7886684
551	417	994	90	90	7886690
551	409	994	90	90	7886696
551	402	994	90	90	7886703
551	394	994	90	90	7886709
551	387	994	90	90	7886715
551	379	994	90	90	7886721
552	372	994	90	90	7886728
552	364	994	90	90	7886734
552	357	994	90	90	7886740
553	350	998	90	90	7886746
553	343	998	90	90	7886753
553	337	998	90	90	7886759
554	330	998	90	90	7886765
554	325	1002	90	90	7886771
554	320	1002	90	90	7886778
554	315	1002	90	90	7886784
555	310	1002	90	90	7886790
555	307	1002	90	90	7886796
555	304	1002	90	90	7886803
556	301	998	90	90	7886809
556	299	998	90	90	7886815
557	297	998	90	90	7886821
557	296	996	90	90	7886834
558	295	994	90	90	7886846
559	295	994	90	90	7886859
561	297	994	90	90	7886865
562	298	994	90	90	7886871
562	300	994	90	90	7886878
563	303	994	90	90	7886884
564	305	994	90	90	7886890
565	309	994	90	90	7886896
566	312	994	90	90	7886903
568	317	994	90	90	7886909
569	321	994	90	90	7886915
571	327	994	90	90	7886921
572	332	994	90	90	7886928
573	338	994	90	90	7886934
575	344	994	90	90	7886940
577	351	994	90	90	7886946
579	358	994	90	90	7886953
581	365	994	90	90	7886959
583	372	990	90	90	7886965
585	380	990	90	90	7886971
588	388	994	90	90	7886978
591	396	994	90	90	7886984
594	404	994	90	90	7886990
596	413	994	90	90	7886996
599	422	994	90	90	7887003
602	432	994	90	90	7887009
605	441	998	90	90	7887015
608	450	998	90	90	7887021
611	460	998	90	90	7887028
614	469	1002	90	90	7887034
616	478	1002	90	90	7887040
619	487	1002	90	90	7887046
621	495	1002	90	90	7887053
623	503	1006	90	90	7887059
626	511	1006	90	90	7887065
627	518	1010	90	90	7887071
629	526	1010	90	90	7887078
631	532	1010	90	90	7887084
633	539	1014	90	90	7887090
634	545	1014	90	90	7887096
635	550	1023	90	90	7887103
637	556	1023	90	90	7887109
638	561	1023	90	90	7887115
639	566	1023	90	90	7887121
640	570	1023	90	90	7887128
641	574	1023	90	90	7887134
642	577	1023	90	90	7887140
643	581	1023	90	90	7887146
644	584	1023	90	90	7887153
644	587	1023	90	90	7887159
645	589	1023	90	90	7887165
645	592	1023	90	90	7887171
645	594	1023	90	90	7887178
646	596	1023	90	90	7887184
646	598	1023	90	90	7887190
646	599	1023	90	90	7887196
646	601	1023	90	90	7887203
646	602	1023	90	90	7887209
647	603	1023	90	90	7887221
647	604	1023	90	90	7887240
647	605	1023	90	90	7887303
647	604	1023	90	90	7887334
647	603	1023	90	90	7887359
648	602	1023	90	90	7887378
648	601	1023	90	90	7887390
648	599	1023	90	90	7887396
648	598	1023	90	90	7887403
648	597	1023	90	90	7887409
648	596	1023	90	90	7887415
648	594	1023	90	90	7887421
648	592	1023	90	90	7887428
648	590	1023	90	90	7887434
648	588	1023	90	90	7887440
649	586	1023	90	90	7887446
649	584	1023	90	90	7887453
649	581	1023	90	90	7887459
650	579	1023	90	90	7887465
650	576	1023	90	90	7887471
650	573	1023	90	90	7887478
651	570	1023	90	90	7887484
651	566	1023	90	90	7887490
651	563	1023	90	90	7887496
652	558	1023	90	90	7887503
652	554	1023	90	90	7887509
652	549	1023	90	90	7887515
652	544	1023	90	90	7887521
652	539	1023	90	90	7887528
652	534	1014	90	90	7887534
653	528	1014	90	90	7887540
653	523	1014	90	90	7887546
653	517	1014	90	90	7887553
653	510	1010	90	90	7887559
653	504	1010	90	90	7887565
653	497	1010	90	90	7887571
652	490	1010	90	90	7887578
652	483	1010	90	90	7887584
652	475	1010	90	90	7887590
652	467	1006	90	90	7887596
651	459	1006	90	90	7887603
651	451	1006	90	90	7887609
651	443	1006	90	90	7887615
650	434	1006	90	90	7887621
650	426	1006	90	90	7887628
650	418	1002	90	90	7887634
650	409	1002	90	90	7887640
649	400	1002	90	90	7887646
649	392	1002	90	90	7887653
649	383	1002	90	90	7887659
649	375	1002	90	90	7887665
649	366	1002	90	90	7887671
648	358	1002	90	90	7887678
648	350	1002	90	90	7887684
648	343	1002	90	90	7887690
649	336	1002	90	90	7887696
649	329	1002	90	90	7887703
649	322	1002	90	90	7887709
650	316	1002	90	90	7887715
650	311	1002	90	90	7887721
651	306	1002	90	90	7887728
651	301	1002	90	90	7887734
652	298	1002	90	90	7887740
652	295	1002	90	90	7887746
653	292	1002	90	90	7887753
653	290	1002	90	90	7887759
654	289	1002	90	90	7887771
655	288	1002	90	90	7887778
656	289	1002	90	90	7887784
657	290	998	90	90	7887790
658	292	998	90	90	7887796
659	294	998	90	90	7887803
660	296	998	90	90	7887809
661	300	998	90	90	7887815
663	303	998	90	90	7887821
664	308	998	90	90	7887828
666	313	998	90	90	7887834
668	319	1002	90	90	7887840
670	325	1002	90	90	7887846
672	332	1002	90	90	7887853
674	339	1002	90	90	7887859
676	347	998	90	90	7887865
679	355	998	90	90	7887871
681	363	998	90	90	7887878
684	372	998	90	90	7887884
687	380	998	90	90	7887890
689	389	998	90	90	7887896
692	398	998	90	90	7887903
695	407	998	90	90	7887909
698	417	1002	90	90	7887915
701	426	1002	90	90	7887921
704	436	1002	90	90	7887928
707	447	1002	90	90	7887934
710	457	1002	90	90	7887940
712	467	1002	90	90	7887946
715	477	1006	90	90	7887953
718	487	1006	90	90	7887959
721	497	1006	90	90	7887965
723	506	1010	90	90	7887971
726	515	1010	90	90	7887978
728	523	1014	90	90	7887984
731	531	1014	90	90	7887990
733	539	1014	90	90	7887996
736	547	1023	90	90	7888003
738	554	1023	90	90	7888009
740	561	1023	90	90	7888015
741	567	1023	90	90	7888021
743	572	1023	90	90	7888028
745	577	1023	90	90	7888034
746	582	1023	90	90	7888040
747	586	1023	90	90	7888046
748	589	1023	90	90	7888053
749	592	1023	90	90	7888059
750	595	1023	90	90	7888065
750	597	1023	90	90	7888071
750	599	1023	90	90	7888078
750	600	1023	90	90	7888084
750	601	1023	90	90	7888090
750	602	1023	90	90	7888103
750	603	1023	90	90	7888128
750	604	1023	90	90	7888165
751	603	1023	90	90	7888190
752	601	1023	90	90	7888196
752	600	1023	90	90	7888203
752	599	1023	90	90	7888209
752	597	1023	90	90	7888215
753	596	1023	90	90	7888221
753	595	1023	90	90	7888228
754	593	1023	90	90	7888234
754	591	1023	90	90	7888240
754	590	1023	90	90	7888246
755	588	1023	90	90	7888253
755	586	1023	90	90	7888259
755	584	1023	90	90	7888265
756	582	1023	90	90	7888271
756	579	1023	90	90	7888278
756	577	1023	90	90	7888284
756	574	1023	90	90	7888290
757	570	1023	90	90	7888296
757	567	1023	90	90	7888303
757	563	1023	90	90	7888309
757	559	1023	90	90	7888315
757	555	1014	90	90	7888321
756	551	1014	90	90	7888328
756	546	1014	90	90	7888334
756	541	1014	90	90	7888340
755	537	1010	90	90	7888346
755	532	1010	90	90	7888353
754	527	1010	90	90	7888359
753	521	1010	90	90	7888365
753	516	1010	90	90	7888371
752	510	1010	90	90	7888378
751	505	1010	90	90	7888384
751	499	1006	90	90	7888390
750	493	1006	90	90	7888396
749	486	1006	90	90	7888403
748	480	1006	90	90	7888409
748	474	1006	90	90	7888415
747	467	1006	90	90	7888421
746	461	1006	90	90	7888428
746	455	1002	90	90	7888434
746	448	1002	90	90	7888440
745	442	1002	90	90	7888446
745	435	1002	90	90	7888453
745	429	1002	90	90	7888459
745	422	1002	90	90	7888465
745	416	1002	90	90	7888471
745	409	1002	90	90	7888478
745	403	1002	90	90	7888484
745	397	1002	90	90	7888490
745	390	1002	90	90	7888496
745	384	1002	90	90	7888503
745	378	1002	90	90	7888509
745	372	1002	90	90	7888515
745	366	1002	90	90	7888521
745	360	1002	90	90	7888528
745	355	1002	90	90	7888534
746	350	1006	90	90	7888540
746	346	1006	90	90	7888546
747	341	1002	90	90	7888553
747	338	1002	90	90	7888559
748	334	1002	90	90	7888565
748	331	1002	90	90	7888571
749	328	1002	90	90	7888578
750	326	1002	90	90	7888584
750	324	1002	90	90	7888590
751	322	1002	90	90	7888596
751	321	1002	90	90	7888603
751	319	1002	90	90	7888609
752	318	1002	90	90	7888615
752	317	1002	90	90	7888621
753	315	1002	90	90	7888628
753	314	1002	90	90	7888634
753	312	1002	90	90	7888640
753	311	1002	90	90	7888646
753	309	1002	90	90	7888653
754	307	1002	90	90	7888659
754	305	1002	90	90	7888665
754	304	1002	90	90	7888671
754	302	1002	90	90	7888678
754	300	1002	90	90	7888684
754	299	1002	90	90	7888690
754	297	1002	90	90	7888696
755	296	1002	90	90	7888703
755	294	1002	90	90	7888709
755	293	1002	90	90	7888715
755	292	1002	90	90	7888728
755	291	1002	90	90	7888746
756	290	1002	90	90	7888765
757	290	1000	90	90	7888784
758	291	998	90	90	7888796
759	293	998	90	90	7888803
759	294	998	90	90	7888809
760	296	998	90	90	7888815
760	299	998	90	90	7888821
760	302	998	90	90	7888828
761	305	998	90	90	7888834
761	309	998	90	90	7888840
762	313	998	90	90	7888846
763	318	998	90	90	7888853
764	323	1002	90	90	7888859
765	328	1002	90	90	7888865
766	334	1002	90	90	7888871
768	341	1002	90	90	7888878
770	348	1002	90	90	7888884
772	355	1002	90	90	7888890
774	364	1002	90	90	7888896
777	372	1002	90	90	7888903
780	381	1002	90	90	7888909
783	390	1002	90	90	7888915
786	399	1002	90	90	7888921
789	408	1002	90	90	7888928
793	416	1002	90	90	7888934
796	424	1002	90	90	7888940
799	431	1002	90	90	7888946
801	437	1002	90	90	7888953
804	442	1002	90	90	7888959
806	447	1002	90	90	7888965
808	451	1002	90	90	7888971
810	455	1002	90	90	7888978
811	458	1002	90	90	7888984
812	460	1002	90	90	7888990
813	462	1002	90	90	7888996
814	463	1002	90	90	7889003
814	465	1006	90	90	7889015
815	466	1006	90	90	7889046
816	466	1010	90	90	7889053
817	466	1010	90	90	7889059
818	466	1014	90	90	7889065
821	466	1023	90	90	7889071
823	466	1023	90	90	7889078
827	467	1023	90	90	7889084
830	467	1023	90	90	7889090
835	467	1023	90	90	7889096
840	468	1023	90	90	7889103
846	468	1023	90	90	7889109
852	469	1023	90	90	7889115
859	469	1023	90	90	7889121
866	470	1023	90	90	7889128
873	470	1023	90	90	7889134
880	471	1023	90	90	7889140
888	471	1023	90	90	7889146
895	471	1023	90	90	7889153
902	471	1023	90	90	7889159
908	471	1023	90	90	7889165
914	471	1023	90	90	7889171
920	471	1023	90	90	7889178
926	471	1023	90	90	7889184
931	470	1023	90	90	7889190
935	470	1023	90	90	7889196
938	470	1023	90	90	7889203
941	470	1023	90	90	7889209
943	469	1023	90	90	7889215
945	469	1023	90	90	7889221
946	469	1023	90	90	7889240
946	468	1014	90	90	7889253
944	466	962	90	90	7889259
943	466	849	90	90	7889265
942	465	680	90	90	7889271
940	465	511	90	90	7889278
938	464	318	90	90	7889284
936	465	70	90	90	7889296
2
1
325	351	0	90	90	7994184
416
405	431	4	90	90	7994659
405	430	505	90	90	7994753
406	429	795	90	90	7994765
407	429	813	90	90	7994771
408	429	821	90	90	7994778
409	429	829	90	90	7994784
411	428	837	90	90	7994790
412	428	841	90	90	7994796
414	428	849	90	90	7994803
416	427	853	90	90	7994809
417	427	857	90	90	7994815
419	426	857	90	90	7994821
422	426	861	90	90	7994828
424	425	865	90	90	7994834
427	425	865	90	90	7994840
430	425	869	90	90	7994846
433	425	873	90	90	7994853
437	426	873	90	90	7994859
440	426	873	90	90	7994865
444	426	878	90	90	7994871
449	426	878	90	90	7994878
453	427	878	90	90	7994884
457	427	878	90	90	7994890
461	427	878	90	90	7994896
464	427	878	90	90	7994903
468	427	878	90	90	7994909
471	427	878	90	90	7994915
474	427	878	90	90	7994921
477	426	882	90	90	7994928
480	426	882	90	90	7994934
482	426	882	90	90	7994940
484	426	886	90	90	7994946
485	426	890	90	90	7994953
487	426	890	90	90	7994959
488	427	894	90	90	7994965
489	427	898	90	90	7994978
490	427	906	90	90	7994996
491	428	916	90	90	7995009
491	430	922	90	90	7995015
492	431	926	90	90	7995021
493	433	930	90	90	7995028
494	436	934	90	90	7995034
495	439	934	90	90	7995040
496	442	938	90	90	7995046
498	445	938	90	90	7995053
499	448	942	90	90	7995059
501	452	942	90	90	7995065
502	456	946	90	90	7995071
504	460	946	90	90	7995078
506	465	946	90	90	7995084
509	470	950	90	90	7995090
511	475	950	90	90	7995096
514	481	954	90	90	7995103
517	486	958	90	90	7995109
520	492	958	90	90	7995115
523	498	962	90	90	7995121
525	504	966	90	90	7995128
528	510	966	90	90	7995134
531	516	970	90	90	7995140
534	521	974	90	90	7995146
537	527	974	90	90	7995153
540	532	974	90	90	7995159
543	537	978	90	90	7995165
545	542	978	90	90	7995171
548	546	982	90	90	7995178
550	550	982	90	90	7995184
551	554	986	90	90	7995190
553	557	986	90	90	7995196
554	560	986	90	90	7995203
555	562	990	90	90	7995209
556	564	990	90	90	7995215
556	566	990	90	90	7995221
557	567	994	90	90	7995228
557	568	994	90	90	7995240
557	569	997	90	90	7995290
557	568	998	90	90	7995303
557	567	998	90	90	7995315
556	566	998	90	90	7995328
556	564	998	90	90	7995334
556	563	998	90	90	7995340
555	562	994	90	90	7995346
555	561	994	90	90	7995353
555	560	994	90	90	7995359
555	558	994	90	90	7995365
555	557	994	90	90	7995371
555	555	994	90	90	7995378
555	554	994	90	90	7995384
555	552	990	90	90	7995390
555	549	990	90	90	7995396
555	546	990	90	90	7995403
555	543	990	90	90	7995409
554	540	990	90	90	7995415
554	536	990	90	90	7995421
554	531	990	90	90	7995428
553	526	990	90	90	7995434
553	521	986	90	90	7995440
552	516	986	90	90	7995446
552	510	986	90	90	7995453
551	503	986	90	90	7995459
551	497	982	90	90	7995465
551	490	982	90	90	7995471
551	483	982	90	90	7995478
550	475	982	90	90	7995484
550	468	978	90	90	7995490
549	459	978	90	90	7995496
549	451	978	90	90	7995503
548	442	978	90	90	7995509
548	432	978	90	90	7995515
548	423	978	90	90	7995521
547	413	974	90	90	7995528
547	404	974	90	90	7995534
546	395	978	90	90	7995540
546	386	978	90	90	7995546
546	377	978	90	90	7995553
546	368	982	90	90	7995559
547	360	982	90	90	7995565
547	352	982	90	90	7995571
547	345	986	90	90	7995578
547	339	986	90	90	7995584
548	334	990	90	90	7995590
548	329	990	90	90	7995596
548	325	990	90	90	7995603
548	323	994	90	90	7995609
548	321	994	90	90	7995615
548	319	994	90	90	7995628
549	319	996	90	90	7995646
549	320	998	90	90	7995653
549	322	998	90	90	7995659
549	323	998	90	90	7995665
549	326	998	90	90	7995671
550	328	1002	90	90	7995678
551	332	1002	90	90	7995684
551	336	1002	90	90	7995690
553	340	1002	90	90	7995696
554	345	1002	90	90	7995703
556	350	1002	90	90	7995709
558	355	998	90	90	7995715
560	360	998	90	90	7995721
563	365	998	90	90	7995728
565	371	998	90	90	7995734
568	377	998	90	90	7995740
571	383	998	90	90	7995746
574	389	998	90	90	7995753
577	396	998	90	90	7995759
579	403	998	90	90	7995765
582	410	1002	90	90	7995771
585	418	1002	90	90	7995778
588	426	1002	90	90	7995784
591	433	1006	90	90	7995790
593	441	1006	90	90	7995796
596	449	1006	90	90	7995803
599	456	1006	90	90	7995809
601	463	1010	90	90	7995815
603	470	1010	90	90	7995821
605	476	1010	90	90	7995828
607	483	1010	90	90	7995834
608	489	1010	90	90	7995840
610	496	1014	90	90	7995846
612	502	1014	90	90	7995853
614	509	1023	90	90	7995859
616	515	1023	90	90	7995865
618	520	1023	90	90	7995871
620	526	1023	90	90	7995878
623	531	1023	90	90	7995884
625	536	1023	90	90	7995890
627	540	1023	90	90	7995896
629	544	1023	90	90	7995903
630	547	1023	90	90	7995909
632	551	1023	90	90	7995915
633	554	1023	90	90	7995921
634	556	1023	90	90	7995928
635	558	1023	90	90	7995934
636	560	1023	90	90	7995940
637	562	1023	90	90	7995946
638	563	1023	90	90	7995953
638	564	1023	90	90	7995965
639	565	1023	90	90	7996009
638	564	1023	90	90	7996021
638	563	1023	90	90	7996034
638	561	1023	90	90	7996040
637	560	1023	90	90	7996046
637	558	1023	90	90	7996053
637	557	1023	90	90	7996059
637	555	1023	90	90	7996065
637	552	1023	90	90	7996071
637	550	1023	90	90	7996078
636	547	1023	90	90	7996084
636	543	1023	90	90	7996090
636	540	1023	90	90	7996096
635	536	1023	90	90	7996103
635	531	1023	90	90	7996109
634	526	1023	90	90	7996115
633	521	1023	90	90	7996121
632	516	1023	90	90	7996128
632	510	1023	90	90	7996134
631	505	1023	90	90	7996140
630	498	1023	90	90	7996146
629	492	1023	90	90	7996153
629	486	1023	90	90	7996159
628	479	1023	90	90	7996165
627	472	1023	90	90	7996171
627	465	1023	90	90	7996178
626	458	1023	90	90	7996184
626	451	1023	90	90	7996190
625	444	1023	90	90	7996196
625	437	1023	90	90	7996203
625	429	1023	90	90	7996209
625	422	1023	90	90	7996215
624	415	1023	90	90	7996221
624	408	1023	90	90	7996228
624	401	1023	90	90	7996234
624	395	1023	90	90	7996240
624	388	1023	90	90	7996246
624	382	1023	90	90	7996253
624	376	1023	90	90	7996259
623	370	1023	90	90	7996265
623	364	1023	90	90	7996271
622	359	1023	90	90	7996278
622	354	1023	90	90	7996284
621	349	1023	90	90	7996290
621	345	1023	90	90	7996296
620	341	1023	90	90	7996303
619	337	1023	90	90	7996309
618	334	1023	90	90	7996315
617	331	1023	90	90	7996321
617	328	1023	90	90	7996328
616	326	1023	90	90	7996334
616	323	1023	90	90	7996340
615	322	1023	90	90	7996346
615	320	1023	90	90	7996353
615	319	1023	90	90	7996365
615	318	1023	90	90	7996384
616	318	1023	90	90	7996396
618	318	1023	90	90	7996403
619	319	1023	90	90	7996409
620	319	1023	90	90	7996415
620	320	1023	90	90	7996421
621	321	1023	90	90	7996428
622	322	1023	90	90	7996434
623	323	1023	90	90	7996440
624	325	1023	90	90	7996446
625	327	1023	90	90	7996453
626	330	1023	90	90	7996459
626	333	1023	90	90	7996465
627	336	1023	90	90	7996471
628	339	1023	90	90	7996478
629	343	1023	90	90	7996484
631	348	1023	90	90	7996490
632	352	1023	90	90	7996496
634	357	1023	90	90	7996503
636	363	1023	90	90	7996509
638	369	1023	90	90	7996515
640	376	1023	90	90	7996521
642	383	1023	90	90	7996528
644	390	1023	90	90	7996534
647	397	1023	90	90	7996540
649	405	1023	90	90	7996546
652	413	1023	90	90	7996553
654	421	1023	90	90	7996559
657	430	1023	90	90	7996565
660	438	1023	90	90	7996571
662	446	1023	90	90	7996578
665	455	1023	90	90	7996584
668	463	1023	90	90	7996590
670	472	1023	90	90	7996596
673	480	1023	90	90	7996603
675	488	1023	90	90	7996609
677	496	1023	90	90	7996615
680	504	1023	90	90	7996621
682	511	1023	90	90	7996628
684	517	1023	90	90	7996634
686	523	1023	90	90	7996640
687	529	1023	90	90	7996646
689	534	1023	90	90	7996653
691	539	1023	90	90	7996659
692	543	1023	90	90	7996665
694	547	1023	90	90	7996671
695	551	1023	90	90	7996678
697	555	1023	90	90	7996684
698	558	1023	90	90	7996690
699	561	1023	90	90	7996696
700	563	1023	90	90	7996703
701	565	1023	90	90	7996709
701	566	1023	90	90	7996715
702	567	1023	90	90	7996728
702	568	1023	90	90	7996759
703	568	1023	90	90	7996771
703	566	1023	90	90	7996778
703	565	1023	90	90	7996784
703	564	1023	90	90	7996790
703	563	1023	90	90	7996796
703	562	1023	90	90	7996803
703	560	1023	90	90	7996809
703	558	1023	90	90	7996815
703	556	1023	90	90	7996821
703	553	1023	90	90	7996828
703	550	1023	90	90	7996834
702	547	1023	90	90	7996840
702	544	1023	90	90	7996846
702	540	1023	90	90	7996853
702	536	1023	90	90	7996859
701	531	1023	90	90	7996865
701	526	1023	90	90	7996871
700	521	1023	90	90	7996878
700	515	1023	90	90	7996884
699	508	1023	90	90	7996890
698	501	1023	90	90	7996896
697	494	1023	90	90	7996903
696	486	1023	90	90	7996909
696	478	1023	90	90	7996915
695	469	1023	90	90	7996921
695	461	1023	90	90	7996928
695	452	1023	90	90	7996934
695	444	1023	90	90	7996940
695	435	1023	90	90	7996946
695	427	1023	90	90	7996953
695	418	1023	90	90	7996959
696	410	1023	90	90	7996965
696	401	1023	90	90	7996971
697	393	1023	90	90	7996978
697	384	1023	90	90	7996984
698	376	1023	90	90	7996990
699	367	1023	90	90	7996996
700	359	1023	90	90	7997003
701	351	1023	90	90	7997009
702	343	1023	90	90	7997015
703	336	1023	90	90	7997021
704	329	1023	90	90	7997028
705	322	1023	90	90	7997034
706	316	1023	90	90	7997040
707	311	1023	90	90	7997046
707	307	1023	90	90	7997053
708	303	1023	90	90	7997059
709	299	1023	90	90	7997065
709	296	1023	90	90	7997071
710	294	1023	90	90	7997078
710	293	1023	90	90	7997084
710	291	1023	90	90	7997096
711	290	1023	90	90	7997115
712	291	1023	90	90	7997121
712	292	1023	90	90	7997128
713	293	1023	90	90	7997134
713	295	1023	90	90	7997140
713	297	1023	90	90	7997146
713	300	1023	90	90	7997153
714	303	1023	90	90	7997159
714	306	1023	90	90	7997165
714	309	1023	90	90	7997171
714	313	1023	90	90	7997178
715	316	1023	90	90	7997184
715	320	1023	90	90	7997190
716	325	1023	90	90	7997196
717	329	1023	90	90	7997203
718	335	1023	90	90	7997209
719	341	1023	90	90	7997215
720	347	1023	90	90	7997221
722	354	1023	90	90	7997228
724	362	1023	90	90	7997234
726	370	1023	90	90	7997240
729	377	1023	90	90	7997246
731	385	1023	90	90	7997253
734	393	1023	90	90	7997259
737	400	1023	90	90	7997265
740	408	1023	90	90	7997271
742	415	1023	90	90	7997278
745	422	1023	90	90	7997284
748	429	1023	90	90	7997290
751	435	1023	90	90	7997296
753	441	1023	90	90	7997303
756	447	1023	90	90	7997309
758	452	1023	90	90	7997315
760	456	1023	90	90	7997321
761	459	1023	90	90	7997328
763	462	1023	90	90	7997334
764	464	1023	90	90	7997340
764	465	1023	90	90	7997346
764	466	1023	90	90	7997409
765	466	1023	90	90	7997421
767	465	1023	90	90	7997428
768	464	1023	90	90	7997434
769	464	1023	90	90	7997440
771	463	1023	90	90	7997446
774	463	1023	90	90	7997453
778	462	1023	90	90	7997459
782	462	1023	90	90	7997465
786	461	1023	90	90	7997471
792	461	1023	90	90	7997478
798	461	1023	90	90	7997484
804	461	1023	90	90	7997490
812	461	1023	90	90	7997496
819	461	1023	90	90	7997503
827	461	1023	90	90	7997509
836	461	1023	90	90	7997515
844	461	1023	90	90	7997521
852	461	1023	90	90	7997528
859	460	1023	90	90	7997534
867	460	1023	90	90	7997540
873	459	1023	90	90	7997546
880	459	1023	90	90	7997553
885	458	1023	90	90	7997559
891	457	1023	90	90	7997565
896	457	1023	90	90	7997571
900	457	1023	90	90	7997578
904	457	1023	90	90	7997584
907	457	1023	90	90	7997590
910	457	1023	90	90	7997596
913	457	1023	90	90	7997603
915	457	1023	90	90	7997609
916	458	1023	90	90	7997615
917	458	1023	90	90	7997659
916	459	1006	90	90	7997671
914	458	869	90	90	7997678
913	458	700	90	90	7997684
912	458	527	90	90	7997690
911	459	338	90	90	7997696
909	459	72	90	90	7997709
