5
1
583	540	0	90	90	19079312
38
515	551	4	90	90	19079469
512	551	289	90	90	19079487
513	551	571	90	90	19079494
515	551	700	90	90	19079500
519	551	724	90	90	19079506
523	551	737	90	90	19079512
529	551	757	90	90	19079519
536	551	785	90	90	19079525
544	552	813	90	90	19079531
553	552	841	90	90	19079537
563	553	865	90	90	19079544
575	553	886	90	90	19079550
588	554	906	90	90	19079556
602	554	918	90	90	19079562
616	554	930	90	90	19079569
632	555	942	90	90	19079575
648	555	954	90	90	19079581
665	555	962	90	90	19079587
682	555	970	90	90	19079594
699	555	982	90	90	19079600
717	555	990	90	90	19079606
734	555	998	90	90	19079612
751	555	1006	90	90	19079619
768	555	1014	90	90	19079625
784	555	1023	90	90	19079631
798	556	1023	90	90	19079637
812	556	1023	90	90	19079644
824	556	1023	90	90	19079650
835	556	1023	90	90	19079656
844	556	1023	90	90	19079662
851	556	1023	90	90	19079669
856	556	1014	90	90	19079675
860	556	986	90	90	19079681
863	556	918	90	90	19079687
864	555	672	90	90	19079700
861	555	398	90	90	19079706
858	555	213	90	90	19079712
854	555	8	90	90	19079725
36
482	405	8	90	90	19079925
488	405	169	90	90	19079931
494	405	334	90	90	19079937
501	405	487	90	90	19079944
509	406	636	90	90	19079950
519	408	777	90	90	19079956
529	409	801	90	90	19079962
541	410	809	90	90	19079969
555	412	825	90	90	19079975
569	413	841	90	90	19079981
585	415	861	90	90	19079987
601	416	886	90	90	19079994
618	417	910	90	90	19080000
635	418	930	90	90	19080006
653	419	950	90	90	19080012
672	419	970	90	90	19080019
691	419	990	90	90	19080025
709	419	1006	90	90	19080031
728	418	1023	90	90	19080037
746	417	1023	90	90	19080044
763	416	1023	90	90	19080050
780	415	1023	90	90	19080056
797	414	1023	90	90	19080062
812	413	1023	90	90	19080069
826	411	1023	90	90	19080075
839	411	1023	90	90	19080081
850	410	1023	90	90	19080087
861	410	1023	90	90	19080094
870	410	1023	90	90	19080100
877	410	1023	90	90	19080106
882	411	1002	90	90	19080112
887	412	861	90	90	19080119
889	414	688	90	90	19080125
890	416	519	90	90	19080131
888	418	326	90	90	19080137
885	421	66	90	90	19080150
32
668	610	64	90	90	19080375
669	608	213	90	90	19080381
669	605	362	90	90	19080387
668	601	515	90	90	19080394
667	596	652	90	90	19080400
665	590	769	90	90	19080406
663	583	789	90	90	19080412
661	574	809	90	90	19080419
658	564	833	90	90	19080425
655	553	857	90	90	19080431
651	538	878	90	90	19080437
647	525	898	90	90	19080444
642	510	910	90	90	19080450
637	494	926	90	90	19080456
632	478	938	90	90	19080462
627	461	946	90	90	19080469
622	445	954	90	90	19080475
617	428	962	90	90	19080481
613	414	970	90	90	19080487
609	399	974	90	90	19080494
605	385	978	90	90	19080500
602	373	978	90	90	19080506
600	361	978	90	90	19080512
598	352	970	90	90	19080519
597	344	954	90	90	19080525
596	339	922	90	90	19080531
595	335	845	90	90	19080537
596	334	688	90	90	19080544
596	335	531	90	90	19080550
598	339	354	90	90	19080556
600	344	173	90	90	19080562
603	351	0	90	90	19080575
28
759	619	52	90	90	19080737
760	615	213	90	90	19080744
760	610	378	90	90	19080750
759	604	539	90	90	19080756
758	597	688	90	90	19080762
756	589	837	90	90	19080769
754	580	861	90	90	19080775
751	569	882	90	90	19080781
748	557	906	90	90	19080787
745	543	926	90	90	19080794
741	529	946	90	90	19080800
737	514	958	90	90	19080806
732	496	970	90	90	19080812
728	479	978	90	90	19080819
724	462	986	90	90	19080825
719	443	990	90	90	19080831
715	425	994	90	90	19080837
711	407	998	90	90	19080844
707	390	1002	90	90	19080850
703	374	1002	90	90	19080856
700	361	998	90	90	19080862
697	347	990	90	90	19080869
695	335	962	90	90	19080875
693	326	865	90	90	19080881
691	318	704	90	90	19080887
689	312	543	90	90	19080894
688	308	362	90	90	19080900
686	307	82	90	90	19080912
5
1
585	561	0	90	90	19158937
35
487	534	48	90	90	19159094
483	534	431	90	90	19159119
485	535	781	90	90	19159125
488	535	797	90	90	19159131
492	535	801	90	90	19159137
497	535	809	90	90	19159144
503	535	817	90	90	19159150
510	536	825	90	90	19159156
518	537	837	90	90	19159162
527	537	845	90	90	19159169
538	539	857	90	90	19159175
549	540	873	90	90	19159181
562	541	886	90	90	19159187
575	543	902	90	90	19159194
589	544	922	90	90	19159200
603	546	942	90	90	19159206
618	547	958	90	90	19159212
633	548	974	90	90	19159219
649	549	990	90	90	19159225
664	549	1002	90	90	19159231
679	550	1014	90	90	19159237
693	550	1023	90	90	19159244
707	551	1023	90	90	19159250
720	551	1023	90	90	19159256
732	551	1023	90	90	19159262
743	551	1023	90	90	19159269
753	551	1023	90	90	19159275
761	551	1023	90	90	19159281
768	551	1002	90	90	19159287
773	551	974	90	90	19159294
777	551	886	90	90	19159300
779	551	637	90	90	19159312
778	551	370	90	90	19159319
775	551	177	90	90	19159325
770	551	0	90	90	19159337
34
475	414	56	90	90	19159506
479	412	233	90	90	19159512
483	412	402	90	90	19159519
490	412	571	90	90	19159525
497	413	724	90	90	19159531
506	414	869	90	90	19159537
517	415	886	90	90	19159544
529	417	894	90	90	19159550
542	419	906	90	90	19159556
557	421	918	90	90	19159562
572	423	930	90	90	19159569
588	425	946	90	90	19159575
605	427	958	90	90	19159581
622	429	970	90	90	19159587
640	431	982	90	90	19159594
657	432	994	90	90	19159600
675	434	1006	90	90	19159606
692	435	1014	90	90	19159612
709	435	1023	90	90	19159619
724	435	1023	90	90	19159625
740	435	1023	90	90	19159631
754	435	1023	90	90	19159637
766	434	1023	90	90	19159644
778	434	1023	90	90	19159650
788	433	1023	90	90	19159656
797	432	1023	90	90	19159662
803	432	1023	90	90	19159669
809	432	1006	90	90	19159675
812	432	958	90	90	19159681
814	432	797	90	90	19159687
814	434	628	90	90	19159694
812	435	447	90	90	19159700
809	438	261	90	90	19159706
804	441	34	90	90	19159719
31
615	599	36	90	90	19159919
615	598	197	90	90	19159925
615	595	354	90	90	19159931
615	592	515	90	90	19159937
614	587	656	90	90	19159944
613	582	797	90	90	19159950
612	575	817	90	90	19159956
611	567	829	90	90	19159962
609	557	845	90	90	19159969
607	547	861	90	90	19159975
605	536	878	90	90	19159981
601	523	894	90	90	19159987
598	509	910	90	90	19159994
594	495	926	90	90	19160000
591	480	938	90	90	19160006
587	463	950	90	90	19160012
582	448	962	90	90	19160019
578	433	974	90	90	19160025
574	418	982	90	90	19160031
571	404	990	90	90	19160037
567	391	994	90	90	19160044
564	379	994	90	90	19160050
562	369	994	90	90	19160056
559	361	990	90	90	19160062
558	354	978	90	90	19160069
556	348	958	90	90	19160075
556	344	906	90	90	19160081
556	342	670	90	90	19160094
558	343	414	90	90	19160100
560	347	229	90	90	19160106
563	352	20	90	90	19160119
31
716	609	56	90	90	19160269
719	613	197	90	90	19160275
720	614	422	90	90	19160287
720	612	644	90	90	19160294
719	609	692	90	90	19160300
718	605	749	90	90	19160306
717	599	805	90	90	19160312
716	592	849	90	90	19160319
713	583	886	90	90	19160325
711	573	914	90	90	19160331
708	561	934	90	90	19160337
704	547	954	90	90	19160344
700	532	970	90	90	19160350
696	517	982	90	90	19160356
691	500	998	90	90	19160362
686	482	1006	90	90	19160369
681	465	1023	90	90	19160375
676	447	1023	90	90	19160381
672	429	1023	90	90	19160387
668	412	1023	90	90	19160394
664	395	1023	90	90	19160400
660	380	1023	90	90	19160406
657	365	1023	90	90	19160412
655	352	1023	90	90	19160419
652	341	1014	90	90	19160425
650	331	982	90	90	19160431
648	323	878	90	90	19160437
646	318	712	90	90	19160444
643	315	547	90	90	19160450
640	314	362	90	90	19160456
637	315	84	90	90	19160469
5
1
651	555	0	90	90	19239022
35
529	545	40	90	90	19239241
528	546	265	90	90	19239254
530	546	487	90	90	19239260
532	546	628	90	90	19239266
534	547	757	90	90	19239272
538	547	773	90	90	19239279
543	547	789	90	90	19239285
548	547	805	90	90	19239291
555	547	825	90	90	19239297
563	548	849	90	90	19239304
572	548	869	90	90	19239310
582	549	894	90	90	19239316
593	550	914	90	90	19239322
605	551	934	90	90	19239329
618	552	954	90	90	19239335
632	553	974	90	90	19239341
647	555	986	90	90	19239347
661	556	1002	90	90	19239354
677	558	1010	90	90	19239360
692	560	1023	90	90	19239366
708	562	1023	90	90	19239372
723	564	1023	90	90	19239379
737	565	1023	90	90	19239385
750	567	1023	90	90	19239391
762	568	1023	90	90	19239397
773	569	1023	90	90	19239404
782	569	1023	90	90	19239410
790	569	1023	90	90	19239416
796	569	1023	90	90	19239422
801	569	1010	90	90	19239429
804	569	974	90	90	19239435
806	568	734	90	90	19239447
805	567	471	90	90	19239454
802	566	289	90	90	19239460
798	565	48	90	90	19239472
33
493	415	112	90	90	19239660
503	415	285	90	90	19239666
510	417	451	90	90	19239672
518	418	612	90	90	19239679
527	420	757	90	90	19239685
537	423	837	90	90	19239691
549	425	845	90	90	19239697
562	428	857	90	90	19239704
576	431	865	90	90	19239710
591	433	882	90	90	19239716
606	436	898	90	90	19239722
622	438	914	90	90	19239729
639	440	930	90	90	19239735
655	442	946	90	90	19239741
672	444	962	90	90	19239747
689	445	978	90	90	19239754
706	445	994	90	90	19239760
722	446	1006	90	90	19239766
738	446	1014	90	90	19239772
753	446	1023	90	90	19239779
768	446	1023	90	90	19239785
782	446	1023	90	90	19239791
794	446	1023	90	90	19239797
806	446	1023	90	90	19239804
816	446	1023	90	90	19239810
824	446	1023	90	90	19239816
831	447	1023	90	90	19239822
836	447	994	90	90	19239829
840	448	894	90	90	19239835
842	449	733	90	90	19239841
842	451	559	90	90	19239847
840	454	374	90	90	19239854
836	457	86	90	90	19239866
33
649	613	56	90	90	19240072
646	611	217	90	90	19240079
645	609	374	90	90	19240085
644	606	531	90	90	19240091
643	602	668	90	90	19240097
641	597	805	90	90	19240104
640	591	817	90	90	19240110
639	584	825	90	90	19240116
638	575	837	90	90	19240122
637	564	853	90	90	19240129
635	553	869	90	90	19240135
634	540	890	90	90	19240141
632	527	914	90	90	19240147
630	512	934	90	90	19240154
628	497	950	90	90	19240160
625	482	970	90	90	19240166
622	464	982	90	90	19240172
619	448	994	90	90	19240179
616	432	1002	90	90	19240185
613	416	1006	90	90	19240191
609	401	1010	90	90	19240197
606	386	1014	90	90	19240204
603	372	1014	90	90	19240210
601	359	1014	90	90	19240216
598	349	1014	90	90	19240222
597	340	1010	90	90	19240229
595	332	998	90	90	19240235
594	325	978	90	90	19240241
594	321	922	90	90	19240247
594	319	684	90	90	19240260
595	322	422	90	90	19240266
596	327	241	90	90	19240272
598	334	24	90	90	19240285
29
756	636	157	90	90	19240454
758	630	306	90	90	19240460
758	624	459	90	90	19240466
758	617	616	90	90	19240472
757	609	761	90	90	19240479
756	598	813	90	90	19240485
754	586	837	90	90	19240491
752	573	865	90	90	19240497
750	558	894	90	90	19240504
748	542	922	90	90	19240510
745	524	946	90	90	19240516
742	506	970	90	90	19240522
739	488	986	90	90	19240529
736	470	998	90	90	19240535
733	451	1010	90	90	19240541
730	433	1023	90	90	19240547
727	413	1023	90	90	19240554
725	396	1023	90	90	19240560
722	381	1023	90	90	19240566
720	366	1023	90	90	19240572
718	351	1014	90	90	19240579
716	338	1002	90	90	19240585
715	326	974	90	90	19240591
714	316	894	90	90	19240597
713	309	737	90	90	19240604
711	302	567	90	90	19240610
710	298	382	90	90	19240616
708	295	193	90	90	19240622
706	295	0	90	90	19240635
5
1
668	604	0	90	90	19321100
39
504	555	8	90	90	19321313
504	556	243	90	90	19321325
505	557	471	90	90	19321332
506	557	624	90	90	19321338
508	557	761	90	90	19321344
511	557	805	90	90	19321350
514	557	817	90	90	19321357
519	557	833	90	90	19321363
525	557	849	90	90	19321369
531	557	861	90	90	19321375
539	557	873	90	90	19321382
547	558	886	90	90	19321388
557	559	898	90	90	19321394
567	559	910	90	90	19321400
579	560	922	90	90	19321407
591	561	938	90	90	19321413
603	562	950	90	90	19321419
616	562	966	90	90	19321425
629	563	978	90	90	19321432
643	564	990	90	90	19321438
657	565	998	90	90	19321444
671	565	1010	90	90	19321450
685	566	1023	90	90	19321457
698	567	1023	90	90	19321463
711	567	1023	90	90	19321469
723	568	1023	90	90	19321475
735	569	1023	90	90	19321482
745	569	1023	90	90	19321488
755	570	1023	90	90	19321494
763	570	1023	90	90	19321500
771	570	1023	90	90	19321507
777	570	1023	90	90	19321513
782	570	1023	90	90	19321519
786	571	1002	90	90	19321525
789	571	934	90	90	19321532
791	571	688	90	90	19321544
791	572	418	90	90	19321550
789	572	233	90	90	19321557
786	572	18	90	90	19321569
37
497	434	36	90	90	19321750
500	432	213	90	90	19321757
503	432	390	90	90	19321763
507	432	559	90	90	19321769
513	433	708	90	90	19321775
519	434	857	90	90	19321782
527	435	878	90	90	19321788
535	437	882	90	90	19321794
545	438	886	90	90	19321800
556	440	890	90	90	19321807
568	441	894	90	90	19321813
580	443	902	90	90	19321819
594	444	910	90	90	19321825
608	446	918	90	90	19321832
622	447	930	90	90	19321838
637	448	946	90	90	19321844
653	449	958	90	90	19321850
668	450	974	90	90	19321857
684	450	986	90	90	19321863
700	451	1002	90	90	19321869
716	451	1010	90	90	19321875
731	451	1023	90	90	19321882
746	451	1023	90	90	19321888
760	451	1023	90	90	19321894
774	451	1023	90	90	19321900
787	451	1023	90	90	19321907
798	451	1023	90	90	19321913
809	451	1023	90	90	19321919
818	451	1023	90	90	19321925
826	451	1023	90	90	19321932
833	451	1023	90	90	19321938
838	452	994	90	90	19321944
841	453	886	90	90	19321950
843	454	720	90	90	19321957
843	456	547	90	90	19321963
842	458	362	90	90	19321969
839	461	80	90	90	19321982
33
637	624	60	90	90	19322207
637	625	217	90	90	19322213
637	624	378	90	90	19322219
637	622	531	90	90	19322225
637	619	668	90	90	19322232
636	615	805	90	90	19322238
635	610	813	90	90	19322244
635	604	817	90	90	19322250
633	596	821	90	90	19322257
632	587	829	90	90	19322263
630	577	837	90	90	19322269
628	565	849	90	90	19322275
625	553	857	90	90	19322282
622	538	869	90	90	19322288
618	523	882	90	90	19322294
614	508	894	90	90	19322300
609	491	910	90	90	19322307
604	474	926	90	90	19322313
599	458	942	90	90	19322319
594	441	958	90	90	19322325
589	425	970	90	90	19322332
584	411	982	90	90	19322338
579	396	990	90	90	19322344
574	382	998	90	90	19322350
570	372	1002	90	90	19322357
566	361	1002	90	90	19322363
563	352	998	90	90	19322369
560	345	986	90	90	19322375
559	340	958	90	90	19322382
558	337	853	90	90	19322388
557	336	611	90	90	19322400
558	339	346	90	90	19322407
559	344	76	90	90	19322419
31
753	652	52	90	90	19322607
754	647	209	90	90	19322613
754	642	370	90	90	19322619
753	637	527	90	90	19322625
751	630	672	90	90	19322632
749	622	813	90	90	19322638
747	613	833	90	90	19322644
745	602	849	90	90	19322650
742	590	865	90	90	19322657
739	578	886	90	90	19322663
735	564	906	90	90	19322669
731	549	918	90	90	19322675
727	534	930	90	90	19322682
724	516	942	90	90	19322688
720	500	950	90	90	19322694
715	483	962	90	90	19322700
711	466	970	90	90	19322707
707	449	978	90	90	19322713
703	432	982	90	90	19322719
699	415	990	90	90	19322725
695	399	990	90	90	19322732
692	385	994	90	90	19322738
689	370	990	90	90	19322744
686	357	982	90	90	19322750
684	345	962	90	90	19322757
682	335	922	90	90	19322763
680	327	765	90	90	19322769
679	320	604	90	90	19322775
677	316	426	90	90	19322782
674	314	245	90	90	19322788
672	313	26	90	90	19322800
5
1
667	579	0	90	90	19396278
38
505	559	16	90	90	19396566
504	559	221	90	90	19396578
505	561	426	90	90	19396585
507	561	571	90	90	19396591
510	561	644	90	90	19396597
513	561	696	90	90	19396603
518	562	749	90	90	19396610
523	562	793	90	90	19396616
530	563	825	90	90	19396622
538	563	853	90	90	19396628
546	564	878	90	90	19396635
555	565	898	90	90	19396641
565	566	914	90	90	19396647
576	567	930	90	90	19396653
588	569	942	90	90	19396660
600	570	954	90	90	19396666
613	571	962	90	90	19396672
626	573	974	90	90	19396678
640	574	982	90	90	19396685
653	575	990	90	90	19396691
667	576	998	90	90	19396697
680	576	1006	90	90	19396703
693	577	1010	90	90	19396710
705	578	1014	90	90	19396716
717	578	1023	90	90	19396722
729	579	1023	90	90	19396728
739	579	1023	90	90	19396735
749	579	1023	90	90	19396741
757	580	1023	90	90	19396747
765	580	1010	90	90	19396753
772	580	998	90	90	19396760
777	580	978	90	90	19396766
781	581	950	90	90	19396772
784	581	890	90	90	19396778
786	581	652	90	90	19396791
784	581	394	90	90	19396797
781	581	213	90	90	19396803
777	581	16	90	90	19396816
37
497	438	24	90	90	19397003
501	437	189	90	90	19397010
505	436	354	90	90	19397016
510	436	515	90	90	19397022
516	437	656	90	90	19397028
523	438	793	90	90	19397035
531	439	801	90	90	19397041
540	440	805	90	90	19397047
550	441	813	90	90	19397053
561	442	821	90	90	19397060
573	444	833	90	90	19397066
586	445	849	90	90	19397072
599	447	865	90	90	19397078
613	448	886	90	90	19397085
628	449	906	90	90	19397091
643	450	930	90	90	19397097
658	450	950	90	90	19397103
674	451	966	90	90	19397110
689	451	982	90	90	19397116
704	451	998	90	90	19397122
719	451	1010	90	90	19397128
734	451	1023	90	90	19397135
748	450	1023	90	90	19397141
762	450	1023	90	90	19397147
774	449	1023	90	90	19397153
786	449	1023	90	90	19397160
797	448	1023	90	90	19397166
807	448	1023	90	90	19397172
815	447	1023	90	90	19397178
823	447	1023	90	90	19397185
829	448	1002	90	90	19397191
834	448	934	90	90	19397197
837	449	769	90	90	19397203
839	451	600	90	90	19397210
840	453	414	90	90	19397216
839	456	225	90	90	19397222
837	459	14	90	90	19397235
35
649	628	4	90	90	19397441
646	629	144	90	90	19397447
645	628	281	90	90	19397453
644	627	414	90	90	19397460
642	624	555	90	90	19397466
640	620	684	90	90	19397472
638	615	704	90	90	19397478
636	608	733	90	90	19397485
633	600	753	90	90	19397491
631	591	781	90	90	19397497
628	581	805	90	90	19397503
625	569	825	90	90	19397510
621	557	845	90	90	19397516
618	543	865	90	90	19397522
614	529	886	90	90	19397528
609	513	906	90	90	19397535
605	498	926	90	90	19397541
600	482	942	90	90	19397547
595	467	958	90	90	19397553
590	451	974	90	90	19397560
585	437	982	90	90	19397566
580	422	990	90	90	19397572
576	409	998	90	90	19397578
572	398	1002	90	90	19397585
568	387	1002	90	90	19397591
565	377	1002	90	90	19397597
562	369	998	90	90	19397603
560	361	994	90	90	19397610
558	356	978	90	90	19397616
557	351	950	90	90	19397622
557	348	857	90	90	19397628
558	347	696	90	90	19397635
558	348	535	90	90	19397641
560	351	350	90	90	19397647
562	355	82	90	90	19397660
32
736	649	60	90	90	19397828
740	648	225	90	90	19397835
741	646	382	90	90	19397841
741	642	539	90	90	19397847
741	637	680	90	90	19397853
740	631	821	90	90	19397860
738	624	829	90	90	19397866
736	615	837	90	90	19397872
734	605	841	90	90	19397878
731	595	845	90	90	19397885
727	583	849	90	90	19397891
723	570	853	90	90	19397897
719	557	857	90	90	19397903
715	541	865	90	90	19397910
710	526	873	90	90	19397916
705	510	882	90	90	19397922
699	492	898	90	90	19397928
694	475	914	90	90	19397935
689	457	930	90	90	19397941
683	439	946	90	90	19397947
678	421	962	90	90	19397953
673	405	974	90	90	19397960
668	389	986	90	90	19397966
664	373	990	90	90	19397972
660	360	990	90	90	19397978
656	347	982	90	90	19397985
653	335	958	90	90	19397991
651	326	833	90	90	19397997
648	318	672	90	90	19398003
646	312	511	90	90	19398010
644	308	322	90	90	19398016
641	306	66	90	90	19398028
