6
1
313	390	0	90	90	4622462
81
522	656	108	90	90	4625054
521	658	309	90	90	4625067
521	659	629	90	90	4625104
521	658	688	90	90	4625110
521	657	700	90	90	4625117
521	655	720	90	90	4625123
521	653	737	90	90	4625129
521	650	753	90	90	4625135
521	647	773	90	90	4625142
521	644	793	90	90	4625148
521	640	809	90	90	4625154
521	635	829	90	90	4625160
521	630	841	90	90	4625167
521	625	857	90	90	4625173
521	620	869	90	90	4625179
521	614	882	90	90	4625185
522	609	890	90	90	4625192
522	603	902	90	90	4625198
522	597	910	90	90	4625204
522	592	918	90	90	4625210
522	586	922	90	90	4625217
522	581	930	90	90	4625223
522	575	938	90	90	4625229
523	570	942	90	90	4625235
523	565	950	90	90	4625242
523	560	954	90	90	4625248
523	554	962	90	90	4625254
523	549	966	90	90	4625260
523	543	970	90	90	4625267
523	537	974	90	90	4625273
523	531	978	90	90	4625279
523	525	982	90	90	4625285
523	519	982	90	90	4625292
523	512	982	90	90	4625298
523	505	986	90	90	4625304
523	499	982	90	90	4625310
523	492	982	90	90	4625317
523	484	982	90	90	4625323
523	477	982	90	90	4625329
523	470	982	90	90	4625335
523	462	986	90	90	4625342
523	454	986	90	90	4625348
523	447	986	90	90	4625354
523	439	986	90	90	4625360
523	431	990	90	90	4625367
522	423	990	90	90	4625373
522	414	994	90	90	4625379
522	406	994	90	90	4625385
522	398	998	90	90	4625392
522	389	1002	90	90	4625398
522	381	1002	90	90	4625404
521	372	1006	90	90	4625410
521	363	1010	90	90	4625417
521	354	1014	90	90	4625423
520	346	1023	90	90	4625429
519	337	1023	90	90	4625435
519	328	1023	90	90	4625442
518	319	1023	90	90	4625448
517	309	1023	90	90	4625454
516	300	1023	90	90	4625460
515	291	1023	90	90	4625467
514	281	1023	90	90	4625473
512	272	1023	90	90	4625479
511	262	1023	90	90	4625485
509	252	1023	90	90	4625492
508	243	1023	90	90	4625498
506	234	1023	90	90	4625504
505	225	1023	90	90	4625510
503	217	1023	90	90	4625517
502	209	1023	90	90	4625523
501	201	1023	90	90	4625529
500	195	1023	90	90	4625535
499	189	1023	90	90	4625542
498	184	1023	90	90	4625548
497	180	1006	90	90	4625554
496	178	978	90	90	4625560
495	176	865	90	90	4625573
493	177	636	90	90	4625579
492	179	463	90	90	4625585
491	183	281	90	90	4625592
489	187	46	90	90	4625604
32
518	575	186	90	90	4626135
518	573	350	90	90	4626142
517	572	390	90	90	4626148
516	570	439	90	90	4626154
514	568	487	90	90	4626160
512	565	547	90	90	4626167
510	562	604	90	90	4626173
507	558	656	90	90	4626179
503	553	704	90	90	4626185
499	548	753	90	90	4626192
494	542	793	90	90	4626198
488	535	833	90	90	4626204
482	528	861	90	90	4626210
476	521	890	90	90	4626217
469	513	910	90	90	4626223
461	505	926	90	90	4626229
454	498	938	90	90	4626235
447	490	946	90	90	4626242
439	483	950	90	90	4626248
432	476	954	90	90	4626254
425	470	958	90	90	4626260
419	464	962	90	90	4626267
412	459	962	90	90	4626273
407	454	962	90	90	4626279
402	450	958	90	90	4626285
397	446	946	90	90	4626292
394	443	930	90	90	4626298
391	441	902	90	90	4626304
388	439	849	90	90	4626310
387	438	741	90	90	4626317
386	437	415	90	90	4626335
387	438	36	90	90	4626348
30
518	460	142	90	90	4626629
517	459	420	90	90	4626642
516	458	620	90	90	4626648
515	456	672	90	90	4626654
514	454	692	90	90	4626660
512	452	712	90	90	4626667
510	449	745	90	90	4626673
508	445	773	90	90	4626679
505	440	801	90	90	4626685
502	436	829	90	90	4626692
498	431	857	90	90	4626698
494	425	878	90	90	4626704
489	420	898	90	90	4626710
485	414	914	90	90	4626717
480	408	922	90	90	4626723
475	402	930	90	90	4626729
470	396	934	90	90	4626735
465	390	938	90	90	4626742
460	384	942	90	90	4626748
455	379	942	90	90	4626754
450	374	938	90	90	4626760
445	369	934	90	90	4626767
441	365	918	90	90	4626773
437	361	902	90	90	4626779
433	358	865	90	90	4626785
431	355	769	90	90	4626792
428	353	620	90	90	4626798
426	351	455	90	90	4626804
425	350	289	90	90	4626810
424	350	60	90	90	4626823
29
524	345	199	90	90	4627067
524	344	551	90	90	4627079
523	342	688	90	90	4627085
521	341	724	90	90	4627092
520	338	757	90	90	4627098
518	336	789	90	90	4627104
516	332	813	90	90	4627110
513	328	841	90	90	4627117
510	324	865	90	90	4627123
506	319	890	90	90	4627129
502	313	910	90	90	4627135
497	308	930	90	90	4627142
492	302	946	90	90	4627148
487	295	962	90	90	4627154
481	288	974	90	90	4627160
474	281	986	90	90	4627167
468	274	998	90	90	4627173
461	267	1006	90	90	4627179
454	260	1010	90	90	4627185
448	253	1010	90	90	4627192
441	246	1002	90	90	4627198
435	240	994	90	90	4627204
430	234	974	90	90	4627210
425	229	938	90	90	4627217
421	224	845	90	90	4627223
418	221	684	90	90	4627229
415	218	523	90	90	4627235
414	217	338	90	90	4627242
413	217	78	90	90	4627254
184
521	505	52	90	90	4628735
520	506	169	90	90	4628741
519	506	466	90	90	4628778
520	506	563	90	90	4628785
521	506	575	90	90	4628791
522	506	596	90	90	4628797
524	506	616	90	90	4628803
525	506	640	90	90	4628810
527	506	660	90	90	4628816
529	507	684	90	90	4628822
532	507	708	90	90	4628828
535	507	728	90	90	4628835
539	507	745	90	90	4628841
543	507	757	90	90	4628847
548	508	769	90	90	4628853
553	508	777	90	90	4628860
558	508	781	90	90	4628866
564	509	789	90	90	4628872
570	509	797	90	90	4628878
576	510	801	90	90	4628885
582	510	805	90	90	4628891
589	511	813	90	90	4628897
596	511	821	90	90	4628903
603	512	825	90	90	4628910
610	512	829	90	90	4628916
617	513	837	90	90	4628922
624	513	841	90	90	4628928
632	514	845	90	90	4628935
640	514	845	90	90	4628941
648	515	849	90	90	4628947
655	515	849	90	90	4628953
663	515	853	90	90	4628960
671	515	853	90	90	4628966
679	516	857	90	90	4628972
686	516	857	90	90	4628978
693	516	857	90	90	4628985
701	516	861	90	90	4628991
708	515	861	90	90	4628997
715	515	861	90	90	4629003
722	515	865	90	90	4629010
729	515	865	90	90	4629016
737	515	865	90	90	4629022
744	514	865	90	90	4629028
751	514	865	90	90	4629035
757	514	865	90	90	4629041
764	514	865	90	90	4629047
771	514	865	90	90	4629053
777	514	869	90	90	4629060
783	514	869	90	90	4629066
789	513	869	90	90	4629072
795	513	869	90	90	4629078
800	513	869	90	90	4629085
806	513	869	90	90	4629091
811	512	873	90	90	4629097
816	512	873	90	90	4629103
821	512	873	90	90	4629110
825	511	873	90	90	4629116
829	511	873	90	90	4629122
833	511	878	90	90	4629128
837	511	878	90	90	4629135
840	510	878	90	90	4629141
843	510	878	90	90	4629147
846	510	878	90	90	4629153
848	510	878	90	90	4629160
851	510	878	90	90	4629166
853	510	878	90	90	4629172
854	509	878	90	90	4629178
856	509	878	90	90	4629185
857	509	878	90	90	4629191
858	509	880	90	90	4629203
860	508	882	90	90	4629216
861	507	886	90	90	4629222
861	506	886	90	90	4629228
861	505	890	90	90	4629235
860	504	894	90	90	4629241
860	502	898	90	90	4629247
860	500	902	90	90	4629253
860	498	906	90	90	4629260
859	496	910	90	90	4629266
859	493	914	90	90	4629272
859	490	918	90	90	4629278
859	487	922	90	90	4629285
858	484	926	90	90	4629291
858	480	930	90	90	4629297
858	477	934	90	90	4629303
858	473	938	90	90	4629310
858	469	942	90	90	4629316
858	466	942	90	90	4629322
858	462	946	90	90	4629328
858	458	950	90	90	4629335
858	455	954	90	90	4629341
858	451	958	90	90	4629347
858	448	962	90	90	4629353
858	444	962	90	90	4629360
858	441	966	90	90	4629366
858	437	966	90	90	4629372
857	434	970	90	90	4629378
857	431	970	90	90	4629385
857	428	974	90	90	4629391
857	425	974	90	90	4629397
857	423	974	90	90	4629403
857	420	978	90	90	4629410
857	418	978	90	90	4629416
857	417	978	90	90	4629422
856	415	982	90	90	4629428
856	413	982	90	90	4629435
855	412	982	90	90	4629441
854	410	982	90	90	4629447
853	409	982	90	90	4629453
852	408	982	90	90	4629460
850	407	982	90	90	4629466
849	406	982	90	90	4629472
847	405	982	90	90	4629478
845	405	982	90	90	4629485
843	404	982	90	90	4629491
841	404	978	90	90	4629497
838	404	978	90	90	4629503
835	403	978	90	90	4629510
832	403	978	90	90	4629516
829	403	978	90	90	4629522
825	403	978	90	90	4629528
821	403	978	90	90	4629535
817	403	978	90	90	4629541
813	403	974	90	90	4629547
808	403	974	90	90	4629553
803	403	974	90	90	4629560
799	403	974	90	90	4629566
793	403	974	90	90	4629572
788	403	970	90	90	4629578
782	403	970	90	90	4629585
776	403	970	90	90	4629591
770	403	970	90	90	4629597
764	403	970	90	90	4629603
757	403	970	90	90	4629610
751	403	970	90	90	4629616
745	403	970	90	90	4629622
738	403	970	90	90	4629628
732	403	970	90	90	4629635
725	402	970	90	90	4629641
718	402	966	90	90	4629647
712	402	966	90	90	4629653
705	402	970	90	90	4629660
698	402	970	90	90	4629666
692	402	970	90	90	4629672
685	402	970	90	90	4629678
678	401	970	90	90	4629685
672	401	970	90	90	4629691
665	401	970	90	90	4629697
659	401	970	90	90	4629703
652	400	970	90	90	4629710
646	400	970	90	90	4629716
640	400	966	90	90	4629722
634	399	966	90	90	4629728
628	399	966	90	90	4629735
622	399	966	90	90	4629741
616	399	966	90	90	4629747
611	398	966	90	90	4629753
605	398	966	90	90	4629760
600	398	966	90	90	4629766
595	398	966	90	90	4629772
590	397	966	90	90	4629778
585	397	970	90	90	4629785
580	397	970	90	90	4629791
575	396	970	90	90	4629797
571	396	970	90	90	4629803
567	396	970	90	90	4629810
563	395	970	90	90	4629816
559	395	970	90	90	4629822
555	395	970	90	90	4629828
552	395	970	90	90	4629835
548	394	970	90	90	4629841
545	394	970	90	90	4629847
542	394	970	90	90	4629853
539	394	970	90	90	4629860
536	393	970	90	90	4629866
534	393	970	90	90	4629872
531	393	970	90	90	4629878
529	393	970	90	90	4629885
528	392	970	90	90	4629891
526	392	970	90	90	4629897
525	392	970	90	90	4629910
524	392	942	90	90	4629947
525	391	694	90	90	4629960
526	391	202	90	90	4629985
6
1
534	502	0	90	90	4729425
70
520	635	4	90	90	4729875
519	638	112	90	90	4729881
519	639	217	90	90	4729887
519	640	366	90	90	4729900
519	641	443	90	90	4729918
519	639	451	90	90	4729925
520	638	463	90	90	4729931
520	636	479	90	90	4729937
520	634	515	90	90	4729943
521	631	543	90	90	4729950
521	627	575	90	90	4729956
521	623	616	90	90	4729962
522	619	652	90	90	4729968
522	614	688	90	90	4729975
522	608	712	90	90	4729981
523	602	741	90	90	4729987
523	596	757	90	90	4729993
524	589	769	90	90	4730000
524	582	781	90	90	4730006
525	575	789	90	90	4730012
525	568	797	90	90	4730018
526	560	805	90	90	4730025
526	553	817	90	90	4730031
527	545	829	90	90	4730037
527	538	837	90	90	4730043
528	530	849	90	90	4730050
528	522	857	90	90	4730056
529	514	865	90	90	4730062
529	506	873	90	90	4730068
530	497	878	90	90	4730075
531	489	878	90	90	4730081
531	480	882	90	90	4730087
531	471	886	90	90	4730093
532	462	886	90	90	4730100
532	453	890	90	90	4730106
532	443	898	90	90	4730112
532	434	902	90	90	4730118
532	424	906	90	90	4730125
532	415	914	90	90	4730131
532	405	918	90	90	4730137
532	395	926	90	90	4730143
532	385	934	90	90	4730150
532	375	942	90	90	4730156
532	364	946	90	90	4730162
531	354	954	90	90	4730168
531	343	962	90	90	4730175
530	332	970	90	90	4730181
530	321	974	90	90	4730187
529	310	978	90	90	4730193
528	299	986	90	90	4730200
528	287	990	90	90	4730206
527	276	994	90	90	4730212
527	265	998	90	90	4730218
526	254	998	90	90	4730225
526	244	998	90	90	4730231
526	234	998	90	90	4730237
525	224	998	90	90	4730243
525	215	998	90	90	4730250
525	207	994	90	90	4730256
524	199	994	90	90	4730262
524	191	990	90	90	4730268
524	185	982	90	90	4730275
523	180	970	90	90	4730281
523	175	950	90	90	4730287
523	172	918	90	90	4730293
523	169	849	90	90	4730300
522	168	613	90	90	4730312
521	170	354	90	90	4730318
520	173	177	90	90	4730325
518	178	2	90	90	4730337
31
526	538	154	90	90	4730768
525	538	384	90	90	4730781
524	536	467	90	90	4730787
523	535	523	90	90	4730793
521	533	567	90	90	4730800
519	530	616	90	90	4730806
517	527	656	90	90	4730812
513	523	700	90	90	4730818
510	519	745	90	90	4730825
506	514	781	90	90	4730831
501	508	817	90	90	4730837
496	502	845	90	90	4730843
492	496	865	90	90	4730850
487	489	886	90	90	4730856
482	483	898	90	90	4730862
476	477	910	90	90	4730868
471	470	914	90	90	4730875
466	464	922	90	90	4730881
461	459	926	90	90	4730887
456	453	930	90	90	4730893
451	447	930	90	90	4730900
446	442	934	90	90	4730906
442	437	934	90	90	4730912
438	433	930	90	90	4730918
434	428	918	90	90	4730925
431	425	902	90	90	4730931
428	421	869	90	90	4730937
426	419	809	90	90	4730943
425	417	660	90	90	4730950
424	416	338	90	90	4730968
425	416	0	90	90	4730981
27
525	429	88	90	90	4731243
523	427	233	90	90	4731250
522	425	374	90	90	4731256
520	423	519	90	90	4731262
518	420	648	90	90	4731268
516	416	688	90	90	4731275
513	412	712	90	90	4731281
510	407	745	90	90	4731287
507	401	769	90	90	4731293
503	395	789	90	90	4731300
499	388	813	90	90	4731306
495	381	833	90	90	4731312
490	374	853	90	90	4731318
485	368	869	90	90	4731325
480	361	886	90	90	4731331
475	354	898	90	90	4731337
470	348	910	90	90	4731343
465	341	914	90	90	4731350
460	335	918	90	90	4731356
456	330	918	90	90	4731362
452	325	914	90	90	4731368
448	321	902	90	90	4731375
445	317	878	90	90	4731381
443	314	829	90	90	4731387
441	311	680	90	90	4731393
440	310	448	90	90	4731406
439	309	68	90	90	4731425
35
531	336	76	90	90	4731600
532	336	217	90	90	4731606
533	335	412	90	90	4731618
534	333	600	90	90	4731625
533	333	624	90	90	4731631
533	331	624	90	90	4731637
533	329	624	90	90	4731643
532	327	632	90	90	4731650
531	324	644	90	90	4731656
529	321	668	90	90	4731662
527	317	692	90	90	4731668
524	313	724	90	90	4731675
520	308	761	90	90	4731681
515	302	797	90	90	4731687
511	296	833	90	90	4731693
505	289	865	90	90	4731700
499	282	890	90	90	4731706
494	275	906	90	90	4731712
488	268	922	90	90	4731718
482	260	930	90	90	4731725
476	253	934	90	90	4731731
469	245	934	90	90	4731737
463	238	934	90	90	4731743
457	230	938	90	90	4731750
452	224	934	90	90	4731756
446	217	930	90	90	4731762
441	211	926	90	90	4731768
436	206	918	90	90	4731775
431	201	906	90	90	4731781
428	197	886	90	90	4731787
425	194	833	90	90	4731793
422	191	684	90	90	4731800
420	190	448	90	90	4731812
419	192	189	90	90	4731818
420	194	6	90	90	4731831
168
532	489	146	90	90	4732325
533	489	400	90	90	4732337
534	489	575	90	90	4732343
535	489	588	90	90	4732350
537	489	588	90	90	4732356
539	489	588	90	90	4732362
541	489	592	90	90	4732368
543	489	596	90	90	4732375
546	489	604	90	90	4732381
549	489	612	90	90	4732387
551	489	628	90	90	4732393
554	489	644	90	90	4732400
558	489	660	90	90	4732406
562	489	680	90	90	4732412
566	490	700	90	90	4732418
570	490	720	90	90	4732425
575	491	737	90	90	4732431
580	491	745	90	90	4732437
586	491	753	90	90	4732443
592	492	761	90	90	4732450
598	492	765	90	90	4732456
604	492	765	90	90	4732462
611	492	769	90	90	4732468
617	493	773	90	90	4732475
624	493	777	90	90	4732481
631	493	781	90	90	4732487
638	493	785	90	90	4732493
645	493	789	90	90	4732500
653	494	793	90	90	4732506
660	494	797	90	90	4732512
668	494	801	90	90	4732518
676	494	805	90	90	4732525
683	494	809	90	90	4732531
691	494	809	90	90	4732537
698	494	809	90	90	4732543
706	493	809	90	90	4732550
713	493	809	90	90	4732556
720	493	813	90	90	4732562
727	493	813	90	90	4732568
734	493	813	90	90	4732575
741	493	813	90	90	4732581
747	492	813	90	90	4732587
754	492	813	90	90	4732593
760	492	813	90	90	4732600
766	492	813	90	90	4732606
772	492	813	90	90	4732612
777	492	813	90	90	4732618
783	492	813	90	90	4732625
788	492	817	90	90	4732631
792	491	817	90	90	4732637
797	491	817	90	90	4732643
801	491	821	90	90	4732650
805	491	825	90	90	4732656
808	491	825	90	90	4732662
811	491	829	90	90	4732668
814	491	829	90	90	4732675
817	491	829	90	90	4732681
819	491	833	90	90	4732687
822	491	833	90	90	4732693
824	491	833	90	90	4732700
826	491	837	90	90	4732706
828	491	837	90	90	4732712
829	491	841	90	90	4732718
831	491	845	90	90	4732725
832	491	845	90	90	4732731
833	490	849	90	90	4732737
834	490	853	90	90	4732743
835	489	855	90	90	4732756
836	487	861	90	90	4732762
837	486	861	90	90	4732768
837	485	865	90	90	4732775
838	484	869	90	90	4732781
838	482	878	90	90	4732787
838	480	882	90	90	4732793
838	478	886	90	90	4732800
838	475	890	90	90	4732806
838	473	894	90	90	4732812
838	470	898	90	90	4732818
838	466	902	90	90	4732825
838	463	906	90	90	4732831
838	459	906	90	90	4732837
838	455	910	90	90	4732843
838	451	914	90	90	4732850
838	447	918	90	90	4732856
837	443	922	90	90	4732862
837	439	926	90	90	4732868
837	435	930	90	90	4732875
837	431	938	90	90	4732881
836	427	942	90	90	4732887
836	424	946	90	90	4732893
836	420	946	90	90	4732900
835	416	950	90	90	4732906
835	413	954	90	90	4732912
834	410	954	90	90	4732918
834	407	954	90	90	4732925
833	404	958	90	90	4732931
832	401	958	90	90	4732937
831	399	958	90	90	4732943
830	397	958	90	90	4732950
828	396	962	90	90	4732956
827	395	962	90	90	4732962
825	394	962	90	90	4732968
823	393	962	90	90	4732975
821	392	962	90	90	4732981
818	391	962	90	90	4732987
816	391	962	90	90	4732993
813	391	958	90	90	4733000
809	391	958	90	90	4733006
805	390	958	90	90	4733012
802	390	954	90	90	4733018
797	390	954	90	90	4733025
793	390	950	90	90	4733031
788	391	950	90	90	4733037
783	391	950	90	90	4733043
777	391	950	90	90	4733050
772	391	946	90	90	4733056
766	391	946	90	90	4733062
760	391	946	90	90	4733068
753	392	946	90	90	4733075
747	392	946	90	90	4733081
741	392	946	90	90	4733087
734	392	946	90	90	4733093
728	392	946	90	90	4733100
721	393	946	90	90	4733106
714	393	946	90	90	4733112
708	393	946	90	90	4733118
701	393	946	90	90	4733125
694	393	946	90	90	4733131
688	393	946	90	90	4733137
681	393	946	90	90	4733143
675	393	946	90	90	4733150
669	393	946	90	90	4733156
663	393	946	90	90	4733162
657	393	946	90	90	4733168
651	393	946	90	90	4733175
645	393	946	90	90	4733181
639	393	946	90	90	4733187
634	393	946	90	90	4733193
628	392	946	90	90	4733200
622	392	946	90	90	4733206
617	392	946	90	90	4733212
611	392	946	90	90	4733218
606	391	946	90	90	4733225
600	391	946	90	90	4733231
595	391	946	90	90	4733237
590	390	946	90	90	4733243
585	390	946	90	90	4733250
580	390	946	90	90	4733256
575	389	946	90	90	4733262
570	389	946	90	90	4733268
565	388	946	90	90	4733275
561	387	942	90	90	4733281
557	387	946	90	90	4733287
553	386	946	90	90	4733293
549	385	942	90	90	4733300
545	385	942	90	90	4733306
542	384	942	90	90	4733312
539	383	942	90	90	4733318
536	383	942	90	90	4733325
534	382	942	90	90	4733331
531	382	942	90	90	4733337
529	381	938	90	90	4733343
528	381	934	90	90	4733350
527	381	926	90	90	4733356
526	380	894	90	90	4733368
525	380	616	90	90	4733387
525	381	285	90	90	4733393
525	382	52	90	90	4733406
6
1
503	585	0	90	90	4854835
47
529	641	24	90	90	4855035
530	640	157	90	90	4855041
531	639	294	90	90	4855047
531	637	426	90	90	4855053
531	636	555	90	90	4855060
531	634	656	90	90	4855066
532	630	668	90	90	4855072
532	626	672	90	90	4855078
532	621	676	90	90	4855085
533	616	680	90	90	4855091
533	610	688	90	90	4855097
534	603	696	90	90	4855103
534	596	708	90	90	4855110
534	589	728	90	90	4855116
534	581	745	90	90	4855122
535	572	765	90	90	4855128
535	563	785	90	90	4855135
535	554	805	90	90	4855141
535	545	821	90	90	4855147
535	535	837	90	90	4855153
536	525	849	90	90	4855160
536	515	861	90	90	4855166
536	504	878	90	90	4855172
537	494	890	90	90	4855178
537	483	902	90	90	4855185
537	471	914	90	90	4855191
537	460	930	90	90	4855197
537	448	942	90	90	4855203
537	435	958	90	90	4855210
537	423	966	90	90	4855216
537	410	978	90	90	4855222
538	397	990	90	90	4855228
538	384	1002	90	90	4855235
538	371	1006	90	90	4855241
538	359	1014	90	90	4855247
538	347	1023	90	90	4855253
537	335	1023	90	90	4855260
537	323	1023	90	90	4855266
536	313	1010	90	90	4855272
535	303	994	90	90	4855278
534	294	970	90	90	4855285
534	286	906	90	90	4855291
533	279	745	90	90	4855297
532	274	583	90	90	4855303
531	270	402	90	90	4855310
530	268	217	90	90	4855316
528	267	16	90	90	4855328
28
531	568	92	90	90	4855869
530	568	233	90	90	4855875
529	568	374	90	90	4855882
529	567	503	90	90	4855888
527	567	628	90	90	4855894
526	565	660	90	90	4855900
524	563	684	90	90	4855907
521	560	704	90	90	4855913
518	556	728	90	90	4855919
514	552	757	90	90	4855925
510	546	785	90	90	4855932
504	541	813	90	90	4855938
499	534	845	90	90	4855944
492	528	873	90	90	4855950
486	521	898	90	90	4855957
479	513	918	90	90	4855963
472	506	934	90	90	4855969
465	499	942	90	90	4855975
459	492	946	90	90	4855982
453	485	942	90	90	4855988
447	478	934	90	90	4855994
442	472	914	90	90	4856000
437	466	869	90	90	4856007
433	462	720	90	90	4856013
430	458	563	90	90	4856019
428	455	394	90	90	4856025
426	454	225	90	90	4856032
424	453	24	90	90	4856044
27
530	498	206	90	90	4856263
529	497	439	90	90	4856269
528	496	487	90	90	4856275
527	495	527	90	90	4856282
525	492	567	90	90	4856288
524	489	612	90	90	4856294
521	486	652	90	90	4856300
518	481	696	90	90	4856307
515	475	741	90	90	4856313
511	469	781	90	90	4856319
507	462	809	90	90	4856325
502	455	833	90	90	4856332
497	448	853	90	90	4856338
492	440	869	90	90	4856344
486	432	878	90	90	4856350
481	425	886	90	90	4856357
475	418	894	90	90	4856363
470	411	898	90	90	4856369
464	404	894	90	90	4856375
459	398	886	90	90	4856382
455	393	873	90	90	4856388
450	388	837	90	90	4856394
447	384	741	90	90	4856400
443	381	596	90	90	4856407
441	378	430	90	90	4856413
439	377	265	90	90	4856419
438	377	48	90	90	4856432
28
541	419	170	90	90	4856669
540	419	414	90	90	4856682
539	419	535	90	90	4856688
538	418	575	90	90	4856694
536	416	616	90	90	4856700
535	413	644	90	90	4856707
533	409	676	90	90	4856713
530	405	712	90	90	4856719
527	400	749	90	90	4856725
523	394	785	90	90	4856732
519	387	817	90	90	4856738
514	379	841	90	90	4856744
509	372	865	90	90	4856750
504	364	882	90	90	4856757
499	355	894	90	90	4856763
493	347	898	90	90	4856769
488	338	906	90	90	4856775
482	330	906	90	90	4856782
477	322	906	90	90	4856788
471	315	906	90	90	4856794
466	308	894	90	90	4856800
461	301	873	90	90	4856807
456	295	809	90	90	4856813
452	290	660	90	90	4856819
449	286	511	90	90	4856825
446	284	342	90	90	4856832
444	283	169	90	90	4856838
443	283	0	90	90	4856850
162
535	523	52	90	90	4857659
534	525	169	90	90	4857665
534	526	341	90	90	4857677
535	526	525	90	90	4857690
537	527	539	90	90	4857696
538	528	547	90	90	4857702
540	528	555	90	90	4857709
542	528	563	90	90	4857715
545	528	571	90	90	4857721
547	529	588	90	90	4857727
550	529	600	90	90	4857734
554	529	612	90	90	4857740
557	529	624	90	90	4857746
561	529	636	90	90	4857752
565	529	648	90	90	4857759
570	529	660	90	90	4857765
575	529	672	90	90	4857771
581	529	684	90	90	4857777
586	529	688	90	90	4857784
593	529	692	90	90	4857790
599	530	696	90	90	4857796
606	530	700	90	90	4857802
613	530	704	90	90	4857809
621	530	704	90	90	4857815
629	530	708	90	90	4857821
636	530	712	90	90	4857827
644	530	720	90	90	4857834
652	530	720	90	90	4857840
660	530	724	90	90	4857846
668	530	728	90	90	4857852
676	529	733	90	90	4857859
683	529	737	90	90	4857865
691	529	741	90	90	4857871
699	529	745	90	90	4857877
707	528	745	90	90	4857884
715	528	745	90	90	4857890
722	527	749	90	90	4857896
729	527	749	90	90	4857902
737	526	749	90	90	4857909
743	526	753	90	90	4857915
750	525	753	90	90	4857921
757	524	753	90	90	4857927
763	524	757	90	90	4857934
769	523	757	90	90	4857940
775	523	757	90	90	4857946
781	523	757	90	90	4857952
786	522	757	90	90	4857959
791	522	757	90	90	4857965
796	521	757	90	90	4857971
801	521	757	90	90	4857977
805	521	757	90	90	4857984
809	521	757	90	90	4857990
813	520	761	90	90	4857996
816	520	761	90	90	4858002
819	520	761	90	90	4858009
822	520	765	90	90	4858015
824	520	769	90	90	4858021
826	519	769	90	90	4858027
828	519	773	90	90	4858034
830	519	773	90	90	4858040
831	519	777	90	90	4858046
832	518	777	90	90	4858052
833	518	783	90	90	4858065
834	517	789	90	90	4858071
835	516	793	90	90	4858077
835	514	797	90	90	4858084
835	513	801	90	90	4858090
835	512	809	90	90	4858096
835	510	813	90	90	4858102
835	508	817	90	90	4858109
835	506	821	90	90	4858115
835	504	825	90	90	4858121
835	502	829	90	90	4858127
835	499	837	90	90	4858134
835	497	841	90	90	4858140
835	494	845	90	90	4858146
835	492	849	90	90	4858152
835	489	857	90	90	4858159
835	487	861	90	90	4858165
835	485	865	90	90	4858171
835	482	869	90	90	4858177
835	480	878	90	90	4858184
835	478	882	90	90	4858190
835	477	886	90	90	4858196
835	475	886	90	90	4858202
835	474	890	90	90	4858209
835	473	890	90	90	4858215
835	472	894	90	90	4858221
835	471	894	90	90	4858234
835	470	894	90	90	4858246
834	469	896	90	90	4858259
832	468	898	90	90	4858265
831	468	898	90	90	4858271
830	468	898	90	90	4858277
828	468	898	90	90	4858284
826	468	898	90	90	4858290
824	468	898	90	90	4858296
822	468	898	90	90	4858302
819	468	898	90	90	4858309
816	468	898	90	90	4858315
813	468	898	90	90	4858321
810	468	898	90	90	4858327
807	468	898	90	90	4858334
803	469	898	90	90	4858340
799	469	898	90	90	4858346
795	469	898	90	90	4858352
790	469	894	90	90	4858359
786	469	894	90	90	4858365
781	469	894	90	90	4858371
776	469	894	90	90	4858377
771	469	894	90	90	4858384
765	469	894	90	90	4858390
760	469	894	90	90	4858396
754	469	894	90	90	4858402
749	469	894	90	90	4858409
743	468	894	90	90	4858415
737	468	894	90	90	4858421
731	468	898	90	90	4858427
725	468	898	90	90	4858434
719	467	898	90	90	4858440
712	467	898	90	90	4858446
706	467	898	90	90	4858452
700	467	898	90	90	4858459
693	466	898	90	90	4858465
687	466	898	90	90	4858471
681	466	898	90	90	4858477
675	466	902	90	90	4858484
668	466	902	90	90	4858490
662	465	902	90	90	4858496
656	465	902	90	90	4858502
650	465	902	90	90	4858509
644	465	902	90	90	4858515
637	464	902	90	90	4858521
631	464	902	90	90	4858527
625	464	902	90	90	4858534
619	464	902	90	90	4858540
614	463	902	90	90	4858546
608	463	902	90	90	4858552
602	463	906	90	90	4858559
597	462	906	90	90	4858565
591	462	906	90	90	4858571
586	461	906	90	90	4858577
581	461	910	90	90	4858584
576	460	910	90	90	4858590
571	460	910	90	90	4858596
567	460	910	90	90	4858602
562	459	910	90	90	4858609
558	459	910	90	90	4858615
554	458	910	90	90	4858621
550	458	914	90	90	4858627
547	458	914	90	90	4858634
543	457	914	90	90	4858640
540	457	914	90	90	4858646
538	457	914	90	90	4858652
535	457	914	90	90	4858659
533	457	914	90	90	4858665
531	457	910	90	90	4858671
529	457	898	90	90	4858677
528	457	825	90	90	4858690
527	457	547	90	90	4858702
528	458	298	90	90	4858709
528	459	62	90	90	4858721
6
1
504	482	0	90	90	4952105
57
518	630	24	90	90	4952461
519	634	108	90	90	4952467
519	635	235	90	90	4952480
519	636	296	90	90	4952492
520	636	302	90	90	4952498
521	635	310	90	90	4952505
521	633	326	90	90	4952511
522	630	354	90	90	4952517
522	627	382	90	90	4952523
522	623	422	90	90	4952530
522	618	463	90	90	4952536
522	613	515	90	90	4952542
522	606	551	90	90	4952548
522	600	592	90	90	4952555
522	592	620	90	90	4952561
522	585	644	90	90	4952567
522	576	660	90	90	4952573
522	568	676	90	90	4952580
522	559	688	90	90	4952586
522	550	704	90	90	4952592
522	540	720	90	90	4952598
522	530	733	90	90	4952605
522	521	745	90	90	4952611
522	510	761	90	90	4952617
522	500	773	90	90	4952623
522	490	789	90	90	4952630
522	479	801	90	90	4952636
521	468	809	90	90	4952642
521	456	821	90	90	4952648
521	445	833	90	90	4952655
520	433	845	90	90	4952661
520	420	857	90	90	4952667
519	408	869	90	90	4952673
519	395	878	90	90	4952680
518	382	886	90	90	4952686
518	369	898	90	90	4952692
517	356	906	90	90	4952698
516	343	910	90	90	4952705
515	330	918	90	90	4952711
514	317	922	90	90	4952717
513	304	930	90	90	4952723
512	292	938	90	90	4952730
511	280	942	90	90	4952736
509	268	942	90	90	4952742
508	256	942	90	90	4952748
507	245	942	90	90	4952755
506	235	938	90	90	4952761
504	226	930	90	90	4952767
503	218	918	90	90	4952773
502	211	898	90	90	4952780
501	204	873	90	90	4952786
500	199	817	90	90	4952792
499	196	672	90	90	4952798
497	194	519	90	90	4952805
496	193	350	90	90	4952811
494	194	177	90	90	4952817
493	196	4	90	90	4952830
29
520	550	122	90	90	4953298
519	550	229	90	90	4953305
518	548	294	90	90	4953311
516	546	366	90	90	4953317
513	544	430	90	90	4953323
510	540	499	90	90	4953330
506	536	563	90	90	4953336
502	531	616	90	90	4953342
497	525	664	90	90	4953348
491	518	704	90	90	4953355
484	511	745	90	90	4953361
477	503	777	90	90	4953367
470	495	805	90	90	4953373
462	487	829	90	90	4953380
454	479	849	90	90	4953386
446	471	865	90	90	4953392
438	462	878	90	90	4953398
430	454	886	90	90	4953405
423	447	890	90	90	4953411
416	440	894	90	90	4953417
409	434	894	90	90	4953423
403	428	894	90	90	4953430
398	424	890	90	90	4953436
393	420	873	90	90	4953442
390	416	849	90	90	4953448
387	414	801	90	90	4953455
385	412	688	90	90	4953461
384	411	379	90	90	4953480
384	413	26	90	90	4953492
29
510	437	28	90	90	4953748
510	436	124	90	90	4953755
509	436	233	90	90	4953761
509	435	310	90	90	4953767
508	433	374	90	90	4953773
507	431	430	90	90	4953780
505	428	499	90	90	4953786
503	425	559	90	90	4953792
501	422	620	90	90	4953798
498	417	672	90	90	4953805
495	413	728	90	90	4953811
491	408	769	90	90	4953817
487	402	801	90	90	4953823
482	396	829	90	90	4953830
477	390	849	90	90	4953836
472	384	865	90	90	4953842
467	377	878	90	90	4953848
462	371	886	90	90	4953855
457	365	894	90	90	4953861
452	359	898	90	90	4953867
447	353	898	90	90	4953873
442	348	898	90	90	4953880
438	343	890	90	90	4953886
434	338	878	90	90	4953892
431	334	861	90	90	4953898
428	331	825	90	90	4953905
425	328	761	90	90	4953911
424	326	616	90	90	4953917
423	325	224	90	90	4953942
35
522	352	56	90	90	4954173
521	351	245	90	90	4954186
520	349	430	90	90	4954192
519	348	559	90	90	4954198
518	346	588	90	90	4954205
516	343	608	90	90	4954211
514	339	636	90	90	4954217
512	335	664	90	90	4954223
509	331	692	90	90	4954230
506	326	728	90	90	4954236
502	320	765	90	90	4954242
498	314	793	90	90	4954248
494	307	825	90	90	4954255
489	301	849	90	90	4954261
484	294	873	90	90	4954267
479	286	894	90	90	4954273
473	279	906	90	90	4954280
467	271	922	90	90	4954286
461	264	930	90	90	4954292
454	256	938	90	90	4954298
448	249	938	90	90	4954305
442	241	942	90	90	4954311
436	234	942	90	90	4954317
430	227	942	90	90	4954323
424	221	938	90	90	4954330
418	215	930	90	90	4954336
413	209	922	90	90	4954342
409	204	914	90	90	4954348
406	201	898	90	90	4954355
403	198	865	90	90	4954361
401	195	805	90	90	4954367
399	194	577	90	90	4954380
399	196	334	90	90	4954386
400	198	157	90	90	4954392
402	201	0	90	90	4954405
146
527	490	150	90	90	4955492
528	491	444	90	90	4955505
530	492	527	90	90	4955511
532	492	531	90	90	4955517
534	492	535	90	90	4955523
537	492	539	90	90	4955530
540	493	543	90	90	4955536
543	493	547	90	90	4955542
547	493	551	90	90	4955548
551	493	559	90	90	4955555
555	493	571	90	90	4955561
560	494	588	90	90	4955567
564	494	604	90	90	4955573
569	494	624	90	90	4955580
575	495	644	90	90	4955586
581	495	664	90	90	4955592
587	496	680	90	90	4955598
593	496	692	90	90	4955605
600	497	704	90	90	4955611
608	497	712	90	90	4955617
615	498	724	90	90	4955623
623	498	728	90	90	4955630
631	499	733	90	90	4955636
639	499	737	90	90	4955642
648	499	741	90	90	4955648
656	499	741	90	90	4955655
664	499	745	90	90	4955661
673	500	749	90	90	4955667
682	500	753	90	90	4955673
690	501	761	90	90	4955680
698	501	765	90	90	4955686
707	501	769	90	90	4955692
715	501	773	90	90	4955698
723	501	777	90	90	4955705
730	501	781	90	90	4955711
738	501	781	90	90	4955717
745	501	785	90	90	4955723
751	500	785	90	90	4955730
758	500	785	90	90	4955736
764	500	785	90	90	4955742
769	500	785	90	90	4955748
775	500	785	90	90	4955755
779	500	785	90	90	4955761
784	500	785	90	90	4955767
788	500	789	90	90	4955773
792	500	789	90	90	4955780
795	500	789	90	90	4955786
798	500	789	90	90	4955792
801	499	793	90	90	4955798
804	499	793	90	90	4955805
806	499	797	90	90	4955811
808	499	797	90	90	4955817
810	499	801	90	90	4955823
811	498	805	90	90	4955830
812	498	809	90	90	4955836
813	497	815	90	90	4955848
814	496	821	90	90	4955855
815	495	829	90	90	4955861
815	493	833	90	90	4955867
816	491	837	90	90	4955873
816	489	841	90	90	4955880
816	487	849	90	90	4955886
816	484	853	90	90	4955892
817	481	861	90	90	4955898
817	478	869	90	90	4955905
817	474	873	90	90	4955911
817	470	878	90	90	4955917
817	466	886	90	90	4955923
817	462	890	90	90	4955930
818	458	898	90	90	4955936
818	454	902	90	90	4955942
818	449	906	90	90	4955948
818	445	910	90	90	4955955
818	440	918	90	90	4955961
818	436	922	90	90	4955967
818	431	926	90	90	4955973
818	427	930	90	90	4955980
818	423	934	90	90	4955986
817	418	934	90	90	4955992
817	414	938	90	90	4955998
817	411	938	90	90	4956005
816	407	938	90	90	4956011
816	404	942	90	90	4956017
815	401	942	90	90	4956023
814	398	942	90	90	4956030
813	396	946	90	90	4956036
812	394	946	90	90	4956042
811	392	946	90	90	4956048
810	390	946	90	90	4956055
808	389	946	90	90	4956061
806	388	946	90	90	4956067
804	387	946	90	90	4956073
802	386	946	90	90	4956080
799	385	946	90	90	4956086
797	385	946	90	90	4956092
793	384	942	90	90	4956098
790	384	942	90	90	4956105
786	383	938	90	90	4956111
781	383	938	90	90	4956117
777	383	938	90	90	4956123
772	383	934	90	90	4956130
766	383	934	90	90	4956136
760	383	934	90	90	4956142
754	384	934	90	90	4956148
748	384	934	90	90	4956155
742	384	934	90	90	4956161
735	384	934	90	90	4956167
728	385	934	90	90	4956173
721	385	934	90	90	4956180
714	385	934	90	90	4956186
706	385	934	90	90	4956192
699	385	934	90	90	4956198
691	385	934	90	90	4956205
684	385	934	90	90	4956211
676	385	934	90	90	4956217
668	384	934	90	90	4956223
661	384	934	90	90	4956230
653	384	934	90	90	4956236
646	384	930	90	90	4956242
638	383	930	90	90	4956248
631	383	930	90	90	4956255
624	383	930	90	90	4956261
617	382	930	90	90	4956267
610	382	930	90	90	4956273
603	382	930	90	90	4956280
596	382	930	90	90	4956286
590	381	930	90	90	4956292
583	381	930	90	90	4956298
577	381	930	90	90	4956305
571	380	926	90	90	4956311
566	380	926	90	90	4956317
560	380	926	90	90	4956323
555	380	926	90	90	4956330
550	379	926	90	90	4956336
545	379	926	90	90	4956342
541	379	926	90	90	4956348
537	379	926	90	90	4956355
533	379	926	90	90	4956361
530	378	926	90	90	4956367
526	378	926	90	90	4956373
524	378	926	90	90	4956380
522	378	922	90	90	4956386
520	378	914	90	90	4956392
519	378	873	90	90	4956405
518	378	517	90	90	4956430
519	379	46	90	90	4956442
6
1
574	393	0	90	90	5049335
51
531	627	48	90	90	5049810
532	630	153	90	90	5049816
532	631	309	90	90	5049828
534	632	459	90	90	5049841
535	631	459	90	90	5049847
535	629	463	90	90	5049853
536	627	471	90	90	5049860
537	624	491	90	90	5049866
537	620	527	90	90	5049872
537	615	555	90	90	5049878
538	609	596	90	90	5049885
538	602	632	90	90	5049891
538	594	668	90	90	5049897
538	586	708	90	90	5049903
539	578	745	90	90	5049910
539	568	769	90	90	5049916
540	558	785	90	90	5049922
541	547	801	90	90	5049928
542	536	813	90	90	5049935
542	524	825	90	90	5049941
543	512	833	90	90	5049947
544	499	845	90	90	5049953
544	486	857	90	90	5049960
545	473	865	90	90	5049966
545	457	878	90	90	5049972
545	444	890	90	90	5049978
545	430	902	90	90	5049985
545	415	918	90	90	5049991
544	401	930	90	90	5049997
544	386	942	90	90	5050003
543	372	954	90	90	5050010
543	357	962	90	90	5050016
542	344	970	90	90	5050022
541	329	974	90	90	5050028
539	314	982	90	90	5050035
538	299	986	90	90	5050041
537	285	986	90	90	5050047
535	272	986	90	90	5050053
534	258	986	90	90	5050060
532	246	986	90	90	5050066
531	234	982	90	90	5050072
529	223	978	90	90	5050078
528	214	974	90	90	5050085
527	205	962	90	90	5050091
525	197	950	90	90	5050097
524	191	926	90	90	5050103
523	186	878	90	90	5050110
523	182	769	90	90	5050116
522	180	527	90	90	5050128
520	182	265	90	90	5050135
520	185	44	90	90	5050147
28
541	536	108	90	90	5050803
540	537	289	90	90	5050816
539	537	467	90	90	5050822
538	537	535	90	90	5050828
537	536	571	90	90	5050835
535	534	612	90	90	5050841
532	531	644	90	90	5050847
529	526	672	90	90	5050853
525	521	700	90	90	5050860
520	515	733	90	90	5050866
515	508	765	90	90	5050872
508	500	793	90	90	5050878
500	492	817	90	90	5050885
492	483	841	90	90	5050891
484	475	865	90	90	5050897
475	466	886	90	90	5050903
467	457	898	90	90	5050910
458	448	910	90	90	5050916
450	441	918	90	90	5050922
442	433	918	90	90	5050928
436	426	910	90	90	5050935
430	420	894	90	90	5050941
425	415	873	90	90	5050947
421	410	829	90	90	5050953
417	407	753	90	90	5050960
415	405	604	90	90	5050966
414	404	360	90	90	5050978
414	405	56	90	90	5050991
28
536	456	96	90	90	5051153
535	453	245	90	90	5051160
534	451	386	90	90	5051166
532	448	527	90	90	5051172
530	445	652	90	90	5051178
527	440	680	90	90	5051185
524	435	700	90	90	5051191
521	430	724	90	90	5051197
517	423	745	90	90	5051203
513	416	765	90	90	5051210
509	409	785	90	90	5051216
504	402	805	90	90	5051222
499	394	825	90	90	5051228
494	386	841	90	90	5051235
488	378	853	90	90	5051241
483	370	869	90	90	5051247
477	363	878	90	90	5051253
471	355	886	90	90	5051260
466	347	886	90	90	5051266
460	340	886	90	90	5051272
456	333	886	90	90	5051278
451	327	878	90	90	5051285
448	322	861	90	90	5051291
445	318	829	90	90	5051297
443	314	761	90	90	5051303
441	312	616	90	90	5051310
441	310	380	90	90	5051322
443	310	70	90	90	5051335
25
552	362	140	90	90	5051478
551	359	294	90	90	5051485
549	357	443	90	90	5051491
547	355	592	90	90	5051497
545	351	724	90	90	5051503
542	347	745	90	90	5051510
538	342	757	90	90	5051516
535	335	773	90	90	5051522
530	328	785	90	90	5051528
526	321	797	90	90	5051535
521	313	813	90	90	5051541
515	304	829	90	90	5051547
510	296	841	90	90	5051553
504	288	853	90	90	5051560
498	280	869	90	90	5051566
492	272	878	90	90	5051572
486	264	882	90	90	5051578
481	257	878	90	90	5051585
476	251	865	90	90	5051591
472	246	837	90	90	5051597
468	241	765	90	90	5051603
465	237	616	90	90	5051610
463	234	455	90	90	5051616
461	233	294	90	90	5051622
460	232	62	90	90	5051635
132
543	482	76	90	90	5052066
542	482	269	90	90	5052078
541	483	505	90	90	5052091
543	484	567	90	90	5052097
545	484	571	90	90	5052103
548	484	571	90	90	5052110
551	484	571	90	90	5052116
555	484	571	90	90	5052122
559	484	571	90	90	5052128
564	485	583	90	90	5052135
569	485	592	90	90	5052141
575	486	604	90	90	5052147
581	486	616	90	90	5052153
588	487	632	90	90	5052160
595	488	648	90	90	5052166
603	489	664	90	90	5052172
611	489	680	90	90	5052178
620	490	692	90	90	5052185
628	491	700	90	90	5052191
637	492	708	90	90	5052197
646	492	720	90	90	5052203
655	493	724	90	90	5052210
664	493	733	90	90	5052216
674	493	737	90	90	5052222
683	493	741	90	90	5052228
692	493	745	90	90	5052235
701	493	749	90	90	5052241
710	493	753	90	90	5052247
718	493	753	90	90	5052253
727	493	753	90	90	5052260
735	492	753	90	90	5052266
743	492	753	90	90	5052272
751	492	753	90	90	5052278
758	492	757	90	90	5052285
765	491	761	90	90	5052291
771	491	765	90	90	5052297
777	491	765	90	90	5052303
782	490	769	90	90	5052310
787	490	773	90	90	5052316
793	489	777	90	90	5052322
797	489	777	90	90	5052328
802	488	781	90	90	5052335
806	488	781	90	90	5052341
810	487	781	90	90	5052347
813	487	781	90	90	5052353
816	487	785	90	90	5052360
819	487	789	90	90	5052366
822	486	789	90	90	5052372
824	486	793	90	90	5052378
826	486	797	90	90	5052385
828	485	801	90	90	5052391
830	485	805	90	90	5052397
831	484	809	90	90	5052403
832	484	817	90	90	5052410
833	483	821	90	90	5052416
833	482	825	90	90	5052422
834	480	829	90	90	5052428
834	479	833	90	90	5052435
834	477	841	90	90	5052441
834	475	845	90	90	5052447
834	472	853	90	90	5052453
834	469	857	90	90	5052460
833	466	861	90	90	5052466
833	462	869	90	90	5052472
833	458	873	90	90	5052478
832	454	878	90	90	5052485
832	449	882	90	90	5052491
832	445	886	90	90	5052497
832	441	890	90	90	5052503
831	436	894	90	90	5052510
831	433	898	90	90	5052516
831	429	902	90	90	5052522
831	425	902	90	90	5052528
831	422	906	90	90	5052535
831	419	906	90	90	5052541
831	416	910	90	90	5052547
831	414	910	90	90	5052553
830	411	914	90	90	5052560
829	409	914	90	90	5052566
828	408	914	90	90	5052572
827	406	914	90	90	5052578
826	404	918	90	90	5052585
824	403	918	90	90	5052591
822	402	918	90	90	5052597
820	401	918	90	90	5052603
818	401	914	90	90	5052610
814	400	914	90	90	5052616
811	400	914	90	90	5052622
807	399	914	90	90	5052628
802	399	910	90	90	5052635
797	399	910	90	90	5052641
792	399	910	90	90	5052647
786	399	910	90	90	5052653
780	399	910	90	90	5052660
773	399	910	90	90	5052666
767	399	906	90	90	5052672
760	400	906	90	90	5052678
752	400	906	90	90	5052685
745	400	906	90	90	5052691
737	400	902	90	90	5052697
729	400	902	90	90	5052703
721	400	902	90	90	5052710
713	401	902	90	90	5052716
704	401	902	90	90	5052722
696	401	902	90	90	5052728
687	401	902	90	90	5052735
679	401	902	90	90	5052741
670	401	902	90	90	5052747
662	401	902	90	90	5052753
653	401	902	90	90	5052760
645	400	902	90	90	5052766
637	400	902	90	90	5052772
629	400	902	90	90	5052778
621	400	902	90	90	5052785
614	400	902	90	90	5052791
606	400	902	90	90	5052797
600	400	902	90	90	5052803
593	399	902	90	90	5052810
587	399	902	90	90	5052816
581	399	906	90	90	5052822
575	399	906	90	90	5052828
570	399	906	90	90	5052835
565	398	902	90	90	5052841
561	398	898	90	90	5052847
558	398	890	90	90	5052853
555	398	878	90	90	5052860
552	398	849	90	90	5052866
550	397	781	90	90	5052872
548	397	636	90	90	5052878
546	397	475	90	90	5052885
544	397	310	90	90	5052891
541	398	72	90	90	5052903
6
1
515	490	0	90	90	5156679
52
507	639	72	90	90	5157141
509	642	209	90	90	5157147
510	644	398	90	90	5157160
511	644	609	90	90	5157172
512	643	636	90	90	5157179
513	641	632	90	90	5157185
514	638	628	90	90	5157191
514	634	632	90	90	5157197
514	630	640	90	90	5157204
514	625	660	90	90	5157210
514	619	680	90	90	5157216
514	613	704	90	90	5157222
514	606	737	90	90	5157229
514	598	769	90	90	5157235
514	590	797	90	90	5157241
514	581	821	90	90	5157247
514	572	837	90	90	5157254
514	562	849	90	90	5157260
515	551	861	90	90	5157266
515	541	869	90	90	5157272
516	530	878	90	90	5157279
516	519	886	90	90	5157285
517	507	894	90	90	5157291
517	495	902	90	90	5157297
517	483	914	90	90	5157304
517	470	926	90	90	5157310
517	456	934	90	90	5157316
517	443	946	90	90	5157322
516	429	958	90	90	5157329
516	415	966	90	90	5157335
515	401	974	90	90	5157341
514	386	978	90	90	5157347
513	371	986	90	90	5157354
512	357	990	90	90	5157360
511	343	994	90	90	5157366
510	329	998	90	90	5157372
509	314	1002	90	90	5157379
507	300	1006	90	90	5157385
506	286	1010	90	90	5157391
505	273	1010	90	90	5157397
503	260	1006	90	90	5157404
502	249	1006	90	90	5157410
500	238	1002	90	90	5157416
499	228	994	90	90	5157422
498	219	982	90	90	5157429
496	211	962	90	90	5157435
495	205	930	90	90	5157441
495	200	886	90	90	5157447
494	197	805	90	90	5157454
493	195	559	90	90	5157466
492	198	302	90	90	5157472
491	202	66	90	90	5157485
31
509	546	60	90	90	5157822
510	547	92	90	90	5157829
510	548	170	90	90	5157841
511	549	311	90	90	5157854
510	549	439	90	90	5157860
508	548	527	90	90	5157866
506	547	608	90	90	5157872
504	545	672	90	90	5157879
500	541	728	90	90	5157885
496	537	777	90	90	5157891
491	531	813	90	90	5157897
485	525	845	90	90	5157904
479	517	873	90	90	5157910
472	508	894	90	90	5157916
465	499	914	90	90	5157922
457	489	930	90	90	5157929
450	479	938	90	90	5157935
443	470	946	90	90	5157941
436	460	950	90	90	5157947
429	452	950	90	90	5157954
423	444	950	90	90	5157960
417	437	946	90	90	5157966
412	431	942	90	90	5157972
408	427	930	90	90	5157979
404	423	910	90	90	5157985
401	420	873	90	90	5157991
399	418	805	90	90	5157997
397	417	652	90	90	5158004
396	417	408	90	90	5158016
397	419	161	90	90	5158022
398	421	0	90	90	5158035
33
501	463	189	90	90	5158285
501	462	284	90	90	5158304
500	461	374	90	90	5158316
499	460	455	90	90	5158322
498	459	519	90	90	5158329
497	458	571	90	90	5158335
496	456	628	90	90	5158341
495	453	672	90	90	5158347
493	450	708	90	90	5158354
491	447	745	90	90	5158360
488	442	773	90	90	5158366
485	437	801	90	90	5158372
481	431	825	90	90	5158379
476	425	853	90	90	5158385
472	419	878	90	90	5158391
466	411	898	90	90	5158397
461	404	918	90	90	5158404
456	397	934	90	90	5158410
450	389	946	90	90	5158416
444	382	954	90	90	5158422
438	374	962	90	90	5158429
433	367	966	90	90	5158435
427	360	962	90	90	5158441
422	354	962	90	90	5158447
417	348	954	90	90	5158454
412	343	942	90	90	5158460
408	338	922	90	90	5158466
405	334	890	90	90	5158472
403	331	825	90	90	5158479
401	329	684	90	90	5158485
399	328	446	90	90	5158497
400	329	189	90	90	5158504
402	331	12	90	90	5158516
27
529	377	215	90	90	5158704
528	376	523	90	90	5158710
527	375	551	90	90	5158716
526	374	583	90	90	5158722
525	372	616	90	90	5158729
523	369	648	90	90	5158735
521	365	680	90	90	5158741
518	360	720	90	90	5158747
514	355	761	90	90	5158754
510	349	801	90	90	5158760
505	342	833	90	90	5158766
500	335	861	90	90	5158772
494	327	882	90	90	5158779
488	318	902	90	90	5158785
483	310	914	90	90	5158791
477	302	918	90	90	5158797
471	294	922	90	90	5158804
466	286	926	90	90	5158810
461	278	926	90	90	5158816
456	271	918	90	90	5158822
451	265	902	90	90	5158829
447	259	865	90	90	5158835
444	254	741	90	90	5158841
441	251	592	90	90	5158847
439	249	426	90	90	5158854
438	249	257	90	90	5158860
437	250	40	90	90	5158872
125
527	500	56	90	90	5160329
526	501	253	90	90	5160341
525	501	534	90	90	5160360
524	502	616	90	90	5160372
525	502	640	90	90	5160379
527	502	656	90	90	5160385
528	503	680	90	90	5160391
530	503	700	90	90	5160397
533	503	724	90	90	5160404
536	503	741	90	90	5160410
540	503	757	90	90	5160416
545	504	765	90	90	5160422
550	504	769	90	90	5160429
556	504	777	90	90	5160435
562	505	781	90	90	5160441
568	505	781	90	90	5160447
576	506	785	90	90	5160454
583	506	789	90	90	5160460
591	507	789	90	90	5160466
600	508	789	90	90	5160472
609	508	793	90	90	5160479
618	509	793	90	90	5160485
627	509	793	90	90	5160491
636	510	793	90	90	5160497
646	510	793	90	90	5160504
655	511	793	90	90	5160510
664	511	793	90	90	5160516
672	511	793	90	90	5160522
681	511	793	90	90	5160529
688	511	793	90	90	5160535
695	511	793	90	90	5160541
702	511	793	90	90	5160547
709	510	793	90	90	5160554
715	510	793	90	90	5160560
721	510	793	90	90	5160566
727	509	793	90	90	5160572
732	509	789	90	90	5160579
736	509	793	90	90	5160585
740	508	793	90	90	5160591
744	508	793	90	90	5160597
747	507	793	90	90	5160604
749	507	793	90	90	5160610
751	507	797	90	90	5160616
753	507	797	90	90	5160622
754	506	803	90	90	5160635
756	506	813	90	90	5160654
756	505	827	90	90	5160666
755	503	837	90	90	5160672
754	502	841	90	90	5160679
754	501	849	90	90	5160685
753	499	853	90	90	5160691
753	497	861	90	90	5160697
752	495	869	90	90	5160704
752	492	873	90	90	5160710
751	489	882	90	90	5160716
751	486	886	90	90	5160722
751	482	894	90	90	5160729
751	478	902	90	90	5160735
751	474	910	90	90	5160741
751	470	914	90	90	5160747
751	466	922	90	90	5160754
751	461	930	90	90	5160760
752	457	938	90	90	5160766
752	453	946	90	90	5160772
752	448	950	90	90	5160779
753	444	958	90	90	5160785
753	440	962	90	90	5160791
753	436	970	90	90	5160797
753	432	974	90	90	5160804
753	429	982	90	90	5160810
753	425	986	90	90	5160816
752	422	990	90	90	5160822
752	420	994	90	90	5160829
751	418	998	90	90	5160835
750	416	1002	90	90	5160841
749	414	1002	90	90	5160847
747	412	1006	90	90	5160854
746	411	1006	90	90	5160860
744	411	1006	90	90	5160866
742	410	1010	90	90	5160872
739	410	1010	90	90	5160879
736	410	1010	90	90	5160885
733	410	1010	90	90	5160891
729	410	1010	90	90	5160897
725	411	1010	90	90	5160904
721	411	1010	90	90	5160910
716	412	1010	90	90	5160916
711	413	1010	90	90	5160922
706	414	1010	90	90	5160929
700	415	1006	90	90	5160935
694	415	1006	90	90	5160941
688	416	1006	90	90	5160947
681	417	1006	90	90	5160954
674	418	1002	90	90	5160960
667	418	1002	90	90	5160966
660	419	1002	90	90	5160972
652	420	1002	90	90	5160979
644	420	998	90	90	5160985
636	420	998	90	90	5160991
629	420	998	90	90	5160997
621	421	998	90	90	5161004
613	421	998	90	90	5161010
606	421	998	90	90	5161016
598	420	994	90	90	5161022
591	420	994	90	90	5161029
584	420	994	90	90	5161035
578	420	994	90	90	5161041
571	419	994	90	90	5161047
565	419	994	90	90	5161054
559	418	994	90	90	5161060
554	418	994	90	90	5161066
549	417	994	90	90	5161072
545	417	994	90	90	5161079
541	417	994	90	90	5161085
537	416	994	90	90	5161091
534	416	990	90	90	5161097
531	416	990	90	90	5161104
529	416	990	90	90	5161110
527	416	986	90	90	5161116
525	416	982	90	90	5161122
524	416	974	90	90	5161129
523	416	954	90	90	5161141
522	416	751	90	90	5161166
521	417	271	90	90	5161179
519	419	0	90	90	5161191
6
1
499	442	0	90	90	5261280
71
510	625	52	90	90	5261998
510	627	177	90	90	5262005
510	628	370	90	90	5262017
511	629	586	90	90	5262036
512	629	592	90	90	5262042
512	627	583	90	90	5262048
513	625	575	90	90	5262055
513	623	583	90	90	5262061
514	620	596	90	90	5262067
514	617	612	90	90	5262073
514	613	636	90	90	5262080
515	609	660	90	90	5262086
515	605	684	90	90	5262092
515	600	712	90	90	5262098
516	595	737	90	90	5262105
516	589	757	90	90	5262111
517	583	769	90	90	5262117
517	577	777	90	90	5262123
518	571	785	90	90	5262130
519	564	793	90	90	5262136
519	557	801	90	90	5262142
520	550	809	90	90	5262148
520	543	817	90	90	5262155
521	536	825	90	90	5262161
521	528	833	90	90	5262167
521	521	841	90	90	5262173
522	514	849	90	90	5262180
522	506	857	90	90	5262186
522	498	865	90	90	5262192
523	490	873	90	90	5262198
523	482	878	90	90	5262205
523	474	882	90	90	5262211
524	466	890	90	90	5262217
524	458	894	90	90	5262223
524	449	898	90	90	5262230
524	441	906	90	90	5262236
525	432	910	90	90	5262242
525	423	918	90	90	5262248
525	414	922	90	90	5262255
525	405	930	90	90	5262261
525	396	934	90	90	5262267
526	387	942	90	90	5262273
526	377	946	90	90	5262280
526	368	954	90	90	5262286
527	358	958	90	90	5262292
527	349	962	90	90	5262298
527	339	970	90	90	5262305
527	329	974	90	90	5262311
527	320	978	90	90	5262317
528	310	986	90	90	5262323
527	300	986	90	90	5262330
527	291	994	90	90	5262336
527	281	998	90	90	5262342
527	272	998	90	90	5262348
526	263	998	90	90	5262355
526	255	998	90	90	5262361
525	246	998	90	90	5262367
525	239	994	90	90	5262373
525	232	994	90	90	5262380
524	225	990	90	90	5262386
524	219	986	90	90	5262392
523	214	978	90	90	5262398
523	209	970	90	90	5262405
523	206	958	90	90	5262411
522	203	942	90	90	5262417
522	202	895	90	90	5262430
521	201	797	90	90	5262436
520	203	640	90	90	5262442
519	206	475	90	90	5262448
518	209	306	90	90	5262455
517	214	70	90	90	5262467
32
518	537	72	90	90	5262892
517	537	157	90	90	5262898
515	536	233	90	90	5262905
514	535	302	90	90	5262911
513	534	374	90	90	5262917
512	533	443	90	90	5262923
510	531	511	90	90	5262930
507	528	559	90	90	5262936
505	525	612	90	90	5262942
502	521	656	90	90	5262948
498	517	700	90	90	5262955
494	513	745	90	90	5262961
489	508	777	90	90	5262967
485	502	805	90	90	5262973
479	496	833	90	90	5262980
474	490	853	90	90	5262986
468	484	869	90	90	5262992
462	478	886	90	90	5262998
455	471	894	90	90	5263005
449	464	902	90	90	5263011
443	458	902	90	90	5263017
437	452	906	90	90	5263023
431	446	902	90	90	5263030
426	440	898	90	90	5263036
420	435	890	90	90	5263042
416	431	878	90	90	5263048
411	427	857	90	90	5263055
408	423	829	90	90	5263061
405	421	773	90	90	5263067
402	418	636	90	90	5263073
400	417	479	90	90	5263080
399	416	122	90	90	5263105
34
515	431	12	90	90	5263342
516	431	225	90	90	5263361
515	430	402	90	90	5263367
514	429	447	90	90	5263373
514	428	499	90	90	5263380
512	426	547	90	90	5263386
511	424	596	90	90	5263392
509	421	644	90	90	5263398
507	418	688	90	90	5263405
504	415	733	90	90	5263411
502	411	769	90	90	5263417
499	406	801	90	90	5263423
495	401	825	90	90	5263430
491	396	849	90	90	5263436
487	390	865	90	90	5263442
483	384	882	90	90	5263448
479	378	894	90	90	5263455
474	372	902	90	90	5263461
469	366	910	90	90	5263467
464	360	914	90	90	5263473
459	354	918	90	90	5263480
455	348	922	90	90	5263486
450	342	922	90	90	5263492
446	337	918	90	90	5263498
441	333	914	90	90	5263505
438	329	906	90	90	5263511
435	325	894	90	90	5263517
432	322	873	90	90	5263523
430	320	845	90	90	5263530
429	318	789	90	90	5263536
428	317	603	90	90	5263548
429	316	370	90	90	5263555
430	316	209	90	90	5263561
432	317	26	90	90	5263573
32
529	338	124	90	90	5263823
526	335	253	90	90	5263830
525	333	382	90	90	5263836
523	331	515	90	90	5263842
521	329	563	90	90	5263848
519	326	600	90	90	5263855
516	322	640	90	90	5263861
513	318	680	90	90	5263867
510	314	720	90	90	5263873
506	309	757	90	90	5263880
502	304	793	90	90	5263886
497	298	829	90	90	5263892
492	292	857	90	90	5263898
487	285	886	90	90	5263905
482	278	910	90	90	5263911
476	271	930	90	90	5263917
470	264	946	90	90	5263923
463	257	950	90	90	5263930
457	250	958	90	90	5263936
451	242	958	90	90	5263942
445	236	958	90	90	5263948
439	229	950	90	90	5263955
434	223	942	90	90	5263961
429	218	930	90	90	5263967
425	213	914	90	90	5263973
421	210	894	90	90	5263980
417	207	853	90	90	5263986
415	205	781	90	90	5263992
413	205	628	90	90	5263998
412	205	463	90	90	5264005
412	207	298	90	90	5264011
412	210	66	90	90	5264023
145
514	480	104	90	90	5264742
514	481	233	90	90	5264748
514	482	412	90	90	5264761
516	483	588	90	90	5264767
518	484	588	90	90	5264773
520	484	588	90	90	5264780
522	484	588	90	90	5264786
525	485	588	90	90	5264792
529	485	592	90	90	5264798
533	486	592	90	90	5264805
537	486	596	90	90	5264811
542	487	604	90	90	5264817
546	487	612	90	90	5264823
551	488	620	90	90	5264830
557	488	632	90	90	5264836
562	489	644	90	90	5264842
567	489	660	90	90	5264848
574	490	672	90	90	5264855
580	490	684	90	90	5264861
587	491	692	90	90	5264867
594	491	700	90	90	5264873
601	491	704	90	90	5264880
608	492	704	90	90	5264886
616	492	708	90	90	5264892
624	492	708	90	90	5264898
632	492	708	90	90	5264905
640	492	712	90	90	5264911
648	493	712	90	90	5264917
656	493	720	90	90	5264923
663	493	720	90	90	5264930
671	493	724	90	90	5264936
679	493	724	90	90	5264942
686	493	724	90	90	5264948
694	493	728	90	90	5264955
701	493	728	90	90	5264961
708	492	728	90	90	5264967
715	492	728	90	90	5264973
722	492	733	90	90	5264980
728	492	733	90	90	5264986
735	492	733	90	90	5264992
741	492	737	90	90	5264998
747	492	737	90	90	5265005
753	491	737	90	90	5265011
759	491	737	90	90	5265017
765	491	741	90	90	5265023
770	491	741	90	90	5265030
775	490	741	90	90	5265036
780	490	741	90	90	5265042
785	490	745	90	90	5265048
789	490	745	90	90	5265055
793	489	749	90	90	5265061
797	489	749	90	90	5265067
800	489	753	90	90	5265073
803	489	761	90	90	5265080
806	488	765	90	90	5265086
809	488	769	90	90	5265092
811	488	773	90	90	5265098
813	487	777	90	90	5265105
814	486	781	90	90	5265111
815	486	785	90	90	5265117
816	485	793	90	90	5265123
817	484	797	90	90	5265130
817	483	805	90	90	5265136
818	482	809	90	90	5265142
818	481	817	90	90	5265148
818	479	825	90	90	5265155
818	477	833	90	90	5265161
818	475	841	90	90	5265167
818	472	849	90	90	5265173
818	468	857	90	90	5265180
818	465	861	90	90	5265186
818	461	869	90	90	5265192
818	457	873	90	90	5265198
817	453	878	90	90	5265205
817	448	886	90	90	5265211
817	444	890	90	90	5265217
817	439	894	90	90	5265223
817	435	902	90	90	5265230
816	430	906	90	90	5265236
816	425	914	90	90	5265242
816	420	918	90	90	5265248
816	416	926	90	90	5265255
816	411	930	90	90	5265261
815	407	934	90	90	5265267
815	402	938	90	90	5265273
814	398	942	90	90	5265280
813	394	942	90	90	5265286
812	391	946	90	90	5265292
811	387	946	90	90	5265298
810	385	946	90	90	5265305
808	382	946	90	90	5265311
806	380	946	90	90	5265317
803	378	946	90	90	5265323
801	377	946	90	90	5265330
797	375	946	90	90	5265336
794	375	946	90	90	5265342
790	374	946	90	90	5265348
786	374	946	90	90	5265355
781	373	946	90	90	5265361
777	373	946	90	90	5265367
771	373	942	90	90	5265373
766	373	942	90	90	5265380
760	373	938	90	90	5265386
753	373	938	90	90	5265392
747	373	934	90	90	5265398
740	373	934	90	90	5265405
733	374	930	90	90	5265411
725	374	930	90	90	5265417
717	375	930	90	90	5265423
710	376	930	90	90	5265430
702	376	926	90	90	5265436
694	377	926	90	90	5265442
686	377	926	90	90	5265448
678	378	926	90	90	5265455
670	379	926	90	90	5265461
662	379	926	90	90	5265467
654	379	926	90	90	5265473
646	379	926	90	90	5265480
638	379	926	90	90	5265486
631	380	926	90	90	5265492
623	379	926	90	90	5265498
615	379	926	90	90	5265505
608	379	926	90	90	5265511
600	379	926	90	90	5265517
593	378	926	90	90	5265523
586	378	926	90	90	5265530
579	377	926	90	90	5265536
573	376	926	90	90	5265542
567	376	926	90	90	5265548
561	375	926	90	90	5265555
556	374	926	90	90	5265561
551	374	926	90	90	5265567
546	373	926	90	90	5265573
542	373	926	90	90	5265580
538	372	926	90	90	5265586
535	372	926	90	90	5265592
532	371	926	90	90	5265598
529	371	922	90	90	5265605
527	371	918	90	90	5265611
525	370	906	90	90	5265617
523	370	886	90	90	5265623
522	370	841	90	90	5265630
521	370	637	90	90	5265642
520	371	315	90	90	5265655
520	372	30	90	90	5265667
6
1
510	509	0	90	90	5353554
61
528	617	52	90	90	5353998
529	620	96	90	90	5354004
530	622	144	90	90	5354010
530	623	181	90	90	5354017
530	625	229	90	90	5354023
531	626	291	90	90	5354035
531	627	405	90	90	5354054
532	627	499	90	90	5354060
533	626	539	90	90	5354067
533	624	571	90	90	5354073
533	622	608	90	90	5354079
534	619	640	90	90	5354085
534	616	668	90	90	5354092
534	611	696	90	90	5354098
534	606	724	90	90	5354104
534	601	745	90	90	5354110
534	594	769	90	90	5354117
535	587	785	90	90	5354123
535	580	801	90	90	5354129
535	572	817	90	90	5354135
535	564	829	90	90	5354142
536	555	841	90	90	5354148
536	545	853	90	90	5354154
537	536	861	90	90	5354160
538	526	869	90	90	5354167
538	515	878	90	90	5354173
539	505	890	90	90	5354179
539	494	898	90	90	5354185
539	482	906	90	90	5354192
539	471	914	90	90	5354198
539	459	922	90	90	5354204
539	447	930	90	90	5354210
539	434	938	90	90	5354217
538	421	942	90	90	5354223
538	408	950	90	90	5354229
537	395	954	90	90	5354235
536	382	962	90	90	5354242
535	368	970	90	90	5354248
534	353	974	90	90	5354254
533	339	982	90	90	5354260
531	325	990	90	90	5354267
530	310	998	90	90	5354273
528	296	1002	90	90	5354279
527	283	1006	90	90	5354285
525	269	1006	90	90	5354292
524	256	1006	90	90	5354298
522	245	1006	90	90	5354304
521	233	1002	90	90	5354310
520	222	998	90	90	5354317
519	212	994	90	90	5354323
518	202	986	90	90	5354329
517	194	978	90	90	5354335
516	186	962	90	90	5354342
515	179	946	90	90	5354348
514	174	914	90	90	5354354
513	170	857	90	90	5354360
512	168	733	90	90	5354367
512	167	571	90	90	5354373
511	168	402	90	90	5354379
510	171	233	90	90	5354385
508	175	28	90	90	5354398
31
530	524	32	90	90	5354748
531	525	80	90	90	5354760
532	526	138	90	90	5354773
533	527	256	90	90	5354798
532	526	398	90	90	5354804
531	525	463	90	90	5354810
529	523	527	90	90	5354817
527	520	575	90	90	5354823
525	516	624	90	90	5354829
521	512	664	90	90	5354835
517	507	696	90	90	5354842
513	501	728	90	90	5354848
508	494	753	90	90	5354854
502	486	777	90	90	5354860
495	478	805	90	90	5354867
488	470	825	90	90	5354873
480	461	845	90	90	5354879
473	452	865	90	90	5354885
464	443	882	90	90	5354892
456	434	898	90	90	5354898
447	425	910	90	90	5354904
439	417	918	90	90	5354910
432	409	922	90	90	5354917
425	401	918	90	90	5354923
418	395	910	90	90	5354929
413	389	890	90	90	5354935
409	384	849	90	90	5354942
406	380	761	90	90	5354948
403	378	612	90	90	5354954
401	376	447	90	90	5354960
400	375	131	90	90	5354979
27
540	416	8	90	90	5355167
537	413	165	90	90	5355173
534	412	322	90	90	5355179
532	409	475	90	90	5355185
529	407	624	90	90	5355192
526	404	761	90	90	5355198
522	400	773	90	90	5355204
518	395	785	90	90	5355210
514	390	801	90	90	5355217
510	384	813	90	90	5355223
505	378	829	90	90	5355229
500	371	841	90	90	5355235
495	364	857	90	90	5355242
489	357	873	90	90	5355248
483	350	890	90	90	5355254
476	343	902	90	90	5355260
470	337	910	90	90	5355267
465	330	918	90	90	5355273
459	325	918	90	90	5355279
455	319	914	90	90	5355285
451	315	902	90	90	5355292
448	311	878	90	90	5355298
446	308	825	90	90	5355304
445	306	704	90	90	5355310
444	304	468	90	90	5355323
445	304	217	90	90	5355329
447	304	26	90	90	5355342
29
548	327	68	90	90	5355473
547	324	241	90	90	5355479
544	322	394	90	90	5355485
542	320	551	90	90	5355492
538	318	692	90	90	5355498
534	315	801	90	90	5355504
530	311	805	90	90	5355510
525	307	813	90	90	5355517
520	301	825	90	90	5355523
515	295	837	90	90	5355529
509	288	849	90	90	5355535
502	281	865	90	90	5355542
495	273	882	90	90	5355548
487	265	898	90	90	5355554
478	257	914	90	90	5355560
470	249	926	90	90	5355567
461	241	938	90	90	5355573
452	233	946	90	90	5355579
444	226	946	90	90	5355585
437	219	942	90	90	5355592
430	212	938	90	90	5355598
423	207	926	90	90	5355604
418	202	906	90	90	5355610
414	198	857	90	90	5355617
411	195	720	90	90	5355623
409	194	559	90	90	5355629
408	193	390	90	90	5355635
407	195	213	90	90	5355642
407	197	18	90	90	5355654
131
542	467	88	90	90	5356617
543	468	287	90	90	5356629
544	469	475	90	90	5356635
546	469	596	90	90	5356642
547	470	604	90	90	5356648
549	470	604	90	90	5356654
552	470	608	90	90	5356660
555	470	612	90	90	5356667
559	470	616	90	90	5356673
563	470	616	90	90	5356679
568	470	620	90	90	5356685
573	471	620	90	90	5356692
579	471	628	90	90	5356698
584	471	636	90	90	5356704
590	472	652	90	90	5356710
596	472	664	90	90	5356717
603	473	684	90	90	5356723
610	473	700	90	90	5356729
617	474	724	90	90	5356735
624	474	745	90	90	5356742
632	474	761	90	90	5356748
639	475	777	90	90	5356754
647	475	789	90	90	5356760
656	475	797	90	90	5356767
664	475	801	90	90	5356773
673	476	805	90	90	5356779
683	476	809	90	90	5356785
692	476	809	90	90	5356792
702	476	809	90	90	5356798
712	476	809	90	90	5356804
721	476	809	90	90	5356810
731	476	809	90	90	5356817
740	476	809	90	90	5356823
748	476	813	90	90	5356829
756	476	813	90	90	5356835
764	476	817	90	90	5356842
772	476	817	90	90	5356848
779	477	821	90	90	5356854
785	477	825	90	90	5356860
792	477	825	90	90	5356867
797	477	829	90	90	5356873
803	477	829	90	90	5356879
808	477	833	90	90	5356885
812	477	833	90	90	5356892
816	477	833	90	90	5356898
820	476	837	90	90	5356904
822	476	837	90	90	5356910
825	476	841	90	90	5356917
827	476	845	90	90	5356923
828	476	849	90	90	5356929
830	475	853	90	90	5356935
831	474	857	90	90	5356942
832	473	861	90	90	5356948
833	472	865	90	90	5356954
834	470	869	90	90	5356960
834	468	873	90	90	5356967
835	465	878	90	90	5356973
835	462	882	90	90	5356979
835	458	886	90	90	5356985
834	454	890	90	90	5356992
834	450	894	90	90	5356998
833	445	898	90	90	5357004
833	439	906	90	90	5357010
832	434	910	90	90	5357017
832	428	918	90	90	5357023
831	422	922	90	90	5357029
831	417	926	90	90	5357035
830	411	934	90	90	5357042
830	405	938	90	90	5357048
830	400	942	90	90	5357054
829	395	946	90	90	5357060
829	389	950	90	90	5357067
829	385	954	90	90	5357073
828	380	958	90	90	5357079
827	376	962	90	90	5357085
827	372	962	90	90	5357092
826	368	966	90	90	5357098
825	365	966	90	90	5357104
824	362	970	90	90	5357110
823	360	970	90	90	5357117
822	357	970	90	90	5357123
821	355	970	90	90	5357129
819	354	970	90	90	5357135
817	352	970	90	90	5357142
815	351	970	90	90	5357148
813	350	970	90	90	5357154
810	350	970	90	90	5357160
807	350	970	90	90	5357167
803	349	970	90	90	5357173
798	349	970	90	90	5357179
793	350	966	90	90	5357185
787	350	966	90	90	5357192
781	350	966	90	90	5357198
774	351	966	90	90	5357204
767	351	966	90	90	5357210
760	352	962	90	90	5357217
752	353	962	90	90	5357223
744	354	962	90	90	5357229
735	354	958	90	90	5357235
727	355	958	90	90	5357242
718	356	958	90	90	5357248
709	357	958	90	90	5357254
700	358	958	90	90	5357260
691	359	958	90	90	5357267
682	360	958	90	90	5357273
672	360	958	90	90	5357279
663	361	958	90	90	5357285
654	362	958	90	90	5357292
645	362	958	90	90	5357298
636	363	958	90	90	5357304
628	363	958	90	90	5357310
619	364	958	90	90	5357317
611	364	958	90	90	5357323
603	364	958	90	90	5357329
595	364	958	90	90	5357335
588	364	958	90	90	5357342
581	364	958	90	90	5357348
575	364	962	90	90	5357354
568	364	962	90	90	5357360
563	364	962	90	90	5357367
558	364	962	90	90	5357373
553	364	962	90	90	5357379
549	364	962	90	90	5357385
546	363	958	90	90	5357392
543	363	954	90	90	5357398
541	363	946	90	90	5357404
539	363	930	90	90	5357410
538	363	867	90	90	5357423
537	363	605	90	90	5357435
537	364	263	90	90	5357448
536	366	2	90	90	5357460
6
1
544	444	0	90	90	5442973
44
520	649	4	90	90	5443379
519	652	244	90	90	5443404
519	650	422	90	90	5443411
519	647	463	90	90	5443417
519	643	499	90	90	5443423
519	638	535	90	90	5443429
520	632	571	90	90	5443436
520	625	608	90	90	5443442
520	617	640	90	90	5443448
520	609	668	90	90	5443454
520	600	692	90	90	5443461
520	590	720	90	90	5443467
521	579	745	90	90	5443473
521	568	765	90	90	5443479
521	556	781	90	90	5443486
522	544	793	90	90	5443492
522	530	809	90	90	5443498
522	516	817	90	90	5443504
522	502	829	90	90	5443511
522	487	841	90	90	5443517
522	470	849	90	90	5443523
521	454	861	90	90	5443529
520	437	873	90	90	5443536
519	417	886	90	90	5443542
517	399	898	90	90	5443548
515	380	910	90	90	5443554
513	361	922	90	90	5443561
511	341	934	90	90	5443567
509	321	942	90	90	5443573
506	301	946	90	90	5443579
504	282	950	90	90	5443586
501	264	954	90	90	5443592
499	246	954	90	90	5443598
496	227	954	90	90	5443604
494	210	950	90	90	5443611
492	196	946	90	90	5443617
491	182	938	90	90	5443623
489	169	922	90	90	5443629
488	159	902	90	90	5443636
488	150	853	90	90	5443642
487	143	700	90	90	5443648
486	140	547	90	90	5443654
486	138	291	90	90	5443667
484	140	14	90	90	5443679
26
520	539	24	90	90	5444011
520	541	112	90	90	5444023
521	543	311	90	90	5444048
520	542	479	90	90	5444054
518	540	547	90	90	5444061
515	537	604	90	90	5444067
512	534	648	90	90	5444073
507	529	688	90	90	5444079
502	524	728	90	90	5444086
496	518	757	90	90	5444092
489	511	781	90	90	5444098
481	503	797	90	90	5444104
473	496	809	90	90	5444111
465	487	821	90	90	5444117
456	478	829	90	90	5444123
448	470	833	90	90	5444129
440	462	833	90	90	5444136
431	454	825	90	90	5444142
424	446	817	90	90	5444148
417	439	797	90	90	5444154
410	433	765	90	90	5444161
404	428	700	90	90	5444167
400	424	588	90	90	5444173
396	421	439	90	90	5444179
392	419	285	90	90	5444186
390	418	68	90	90	5444198
24
528	458	136	90	90	5444398
522	454	285	90	90	5444404
519	451	426	90	90	5444411
515	448	571	90	90	5444417
510	445	700	90	90	5444423
506	440	720	90	90	5444429
501	435	728	90	90	5444436
495	429	741	90	90	5444442
490	423	753	90	90	5444448
484	416	761	90	90	5444454
478	408	769	90	90	5444461
471	400	777	90	90	5444467
464	392	785	90	90	5444473
456	385	793	90	90	5444479
448	377	801	90	90	5444486
440	369	805	90	90	5444492
432	361	805	90	90	5444498
425	354	793	90	90	5444504
418	346	761	90	90	5444511
411	340	668	90	90	5444517
405	334	531	90	90	5444523
401	329	378	90	90	5444529
397	325	225	90	90	5444536
393	322	32	90	90	5444548
20
527	350	56	90	90	5444704
523	343	233	90	90	5444711
519	339	402	90	90	5444717
514	335	571	90	90	5444723
508	329	724	90	90	5444729
501	323	865	90	90	5444736
494	316	873	90	90	5444742
485	308	878	90	90	5444748
477	299	882	90	90	5444754
469	290	886	90	90	5444761
460	281	882	90	90	5444767
452	272	873	90	90	5444773
443	263	861	90	90	5444779
436	254	841	90	90	5444786
429	246	805	90	90	5444792
422	239	724	90	90	5444798
416	233	575	90	90	5444804
412	228	418	90	90	5444811
408	225	253	90	90	5444817
406	224	44	90	90	5444829
116
524	495	108	90	90	5445136
523	496	283	90	90	5445148
523	497	465	90	90	5445161
525	497	503	90	90	5445167
527	497	523	90	90	5445173
529	497	531	90	90	5445179
533	497	535	90	90	5445186
537	497	539	90	90	5445192
542	497	543	90	90	5445198
547	496	547	90	90	5445204
553	496	555	90	90	5445211
559	496	567	90	90	5445217
566	496	588	90	90	5445223
573	496	604	90	90	5445229
581	496	624	90	90	5445236
589	496	648	90	90	5445242
599	496	672	90	90	5445248
609	497	692	90	90	5445254
619	497	708	90	90	5445261
630	497	724	90	90	5445267
642	498	737	90	90	5445273
654	498	749	90	90	5445279
665	499	757	90	90	5445286
677	499	761	90	90	5445292
688	500	769	90	90	5445298
699	500	773	90	90	5445304
710	500	781	90	90	5445311
721	500	785	90	90	5445317
731	500	789	90	90	5445323
741	500	793	90	90	5445329
750	500	797	90	90	5445336
759	500	797	90	90	5445342
767	500	797	90	90	5445348
774	499	797	90	90	5445354
780	499	797	90	90	5445361
786	498	797	90	90	5445367
791	497	797	90	90	5445373
796	497	797	90	90	5445379
800	496	797	90	90	5445386
803	495	801	90	90	5445392
805	494	801	90	90	5445398
808	494	801	90	90	5445404
809	492	801	90	90	5445411
811	491	801	90	90	5445417
812	490	805	90	90	5445423
812	488	805	90	90	5445429
813	486	809	90	90	5445436
813	484	809	90	90	5445442
813	481	813	90	90	5445448
813	478	821	90	90	5445454
813	475	825	90	90	5445461
812	472	833	90	90	5445467
812	468	837	90	90	5445473
812	464	845	90	90	5445479
812	459	853	90	90	5445486
812	455	861	90	90	5445492
812	450	869	90	90	5445498
812	445	878	90	90	5445504
812	440	882	90	90	5445511
812	436	890	90	90	5445517
812	431	894	90	90	5445523
812	427	898	90	90	5445529
813	422	902	90	90	5445536
813	418	902	90	90	5445542
813	414	906	90	90	5445548
813	410	910	90	90	5445554
813	407	910	90	90	5445561
813	404	914	90	90	5445567
812	401	918	90	90	5445573
811	399	922	90	90	5445579
811	396	922	90	90	5445586
809	394	926	90	90	5445592
808	393	926	90	90	5445598
806	391	930	90	90	5445604
804	390	930	90	90	5445611
801	389	930	90	90	5445617
798	388	930	90	90	5445623
794	387	926	90	90	5445629
790	387	926	90	90	5445636
785	386	922	90	90	5445642
780	386	922	90	90	5445648
774	385	922	90	90	5445654
768	385	918	90	90	5445661
761	384	914	90	90	5445667
754	384	914	90	90	5445673
746	384	910	90	90	5445679
738	383	910	90	90	5445686
730	383	906	90	90	5445692
721	383	906	90	90	5445698
711	383	902	90	90	5445704
702	384	902	90	90	5445711
692	384	902	90	90	5445717
682	384	902	90	90	5445723
672	385	902	90	90	5445729
662	385	902	90	90	5445736
652	385	902	90	90	5445742
642	385	902	90	90	5445748
631	386	902	90	90	5445754
621	386	902	90	90	5445761
612	386	906	90	90	5445767
602	386	906	90	90	5445773
592	386	906	90	90	5445779
583	386	906	90	90	5445786
575	387	906	90	90	5445792
567	387	906	90	90	5445798
559	387	906	90	90	5445804
552	387	906	90	90	5445811
546	387	902	90	90	5445817
540	387	898	90	90	5445823
535	387	886	90	90	5445829
531	387	865	90	90	5445836
528	387	801	90	90	5445842
525	387	652	90	90	5445848
523	387	499	90	90	5445854
521	388	326	90	90	5445861
520	388	78	90	90	5445873
6
1
456	507	0	90	90	5554411
46
517	637	72	90	90	5554867
518	638	193	90	90	5554873
518	637	322	90	90	5554879
518	636	447	90	90	5554886
518	634	567	90	90	5554892
518	631	596	90	90	5554898
518	627	612	90	90	5554904
518	622	632	90	90	5554911
519	616	652	90	90	5554917
519	610	676	90	90	5554923
519	602	696	90	90	5554929
520	594	712	90	90	5554936
521	585	741	90	90	5554942
522	576	761	90	90	5554948
523	567	781	90	90	5554954
524	557	797	90	90	5554961
525	547	813	90	90	5554967
527	536	829	90	90	5554973
529	524	841	90	90	5554979
531	513	849	90	90	5554986
533	500	857	90	90	5554992
535	488	865	90	90	5554998
537	474	873	90	90	5555004
538	461	878	90	90	5555011
540	447	886	90	90	5555017
541	433	890	90	90	5555023
542	419	898	90	90	5555029
543	404	906	90	90	5555036
544	390	914	90	90	5555042
544	376	922	90	90	5555048
544	362	930	90	90	5555054
544	349	938	90	90	5555061
543	336	942	90	90	5555067
543	324	946	90	90	5555073
542	311	946	90	90	5555079
540	302	946	90	90	5555086
539	291	942	90	90	5555092
537	282	934	90	90	5555098
536	274	922	90	90	5555104
534	267	902	90	90	5555111
533	261	861	90	90	5555117
531	257	749	90	90	5555123
530	255	596	90	90	5555129
529	254	426	90	90	5555136
528	256	261	90	90	5555142
527	259	40	90	90	5555154
26
521	543	32	90	90	5555473
522	545	140	90	90	5555479
523	546	371	90	90	5555504
522	545	523	90	90	5555511
521	544	563	90	90	5555517
519	541	608	90	90	5555523
517	538	644	90	90	5555529
513	534	684	90	90	5555536
509	529	728	90	90	5555542
504	523	761	90	90	5555548
499	516	785	90	90	5555554
492	509	805	90	90	5555561
486	501	821	90	90	5555567
478	492	837	90	90	5555573
471	483	849	90	90	5555579
463	474	857	90	90	5555586
455	465	865	90	90	5555592
447	456	869	90	90	5555598
439	447	873	90	90	5555604
432	439	869	90	90	5555611
426	431	861	90	90	5555617
420	424	837	90	90	5555623
416	418	769	90	90	5555629
413	413	624	90	90	5555636
411	410	467	90	90	5555642
411	408	148	90	90	5555661
22
531	474	12	90	90	5555879
526	468	169	90	90	5555886
523	464	334	90	90	5555892
520	460	487	90	90	5555898
517	456	640	90	90	5555904
513	450	781	90	90	5555911
509	445	801	90	90	5555917
505	438	817	90	90	5555923
501	432	829	90	90	5555929
498	425	841	90	90	5555936
494	418	845	90	90	5555942
491	411	845	90	90	5555948
488	404	845	90	90	5555954
484	398	841	90	90	5555961
481	391	833	90	90	5555967
478	385	817	90	90	5555973
476	379	781	90	90	5555979
474	374	668	90	90	5555986
472	370	527	90	90	5555992
471	366	370	90	90	5555998
470	364	205	90	90	5556004
470	362	20	90	90	5556017
26
565	418	157	90	90	5556192
559	414	318	90	90	5556198
556	411	471	90	90	5556204
552	408	624	90	90	5556211
548	404	761	90	90	5556217
544	399	773	90	90	5556223
540	393	785	90	90	5556229
535	387	801	90	90	5556236
531	380	817	90	90	5556242
525	373	829	90	90	5556248
520	365	845	90	90	5556254
514	357	861	90	90	5556261
508	348	878	90	90	5556267
501	340	894	90	90	5556273
495	331	906	90	90	5556279
488	322	914	90	90	5556286
482	314	922	90	90	5556292
477	305	922	90	90	5556298
471	297	918	90	90	5556304
467	289	902	90	90	5556311
463	282	869	90	90	5556317
460	276	777	90	90	5556323
457	271	624	90	90	5556329
455	267	463	90	90	5556336
453	264	294	90	90	5556342
451	263	60	90	90	5556354
116
541	515	140	90	90	5557305
538	516	285	90	90	5557311
537	517	422	90	90	5557317
535	517	619	90	90	5557330
535	518	698	90	90	5557342
537	518	712	90	90	5557348
539	518	712	90	90	5557355
542	518	720	90	90	5557361
546	518	724	90	90	5557367
550	518	733	90	90	5557373
555	519	741	90	90	5557380
561	519	749	90	90	5557386
567	519	757	90	90	5557392
574	520	765	90	90	5557398
581	520	773	90	90	5557405
589	521	777	90	90	5557411
598	521	785	90	90	5557417
608	521	789	90	90	5557423
617	522	793	90	90	5557430
628	522	797	90	90	5557436
639	523	801	90	90	5557442
650	523	805	90	90	5557448
662	524	809	90	90	5557455
673	524	817	90	90	5557461
685	525	821	90	90	5557467
696	525	829	90	90	5557473
707	525	833	90	90	5557480
718	526	841	90	90	5557486
729	526	849	90	90	5557492
740	526	853	90	90	5557498
750	526	861	90	90	5557505
760	527	865	90	90	5557511
769	527	869	90	90	5557517
777	527	869	90	90	5557523
786	527	873	90	90	5557530
793	527	873	90	90	5557536
800	527	878	90	90	5557542
805	527	878	90	90	5557548
810	526	882	90	90	5557555
815	526	882	90	90	5557561
819	526	886	90	90	5557567
822	526	890	90	90	5557573
824	526	894	90	90	5557580
826	525	894	90	90	5557586
828	525	898	90	90	5557592
829	524	902	90	90	5557598
830	523	906	90	90	5557605
831	521	906	90	90	5557611
831	519	910	90	90	5557617
831	517	914	90	90	5557623
831	514	922	90	90	5557630
831	511	926	90	90	5557636
830	507	930	90	90	5557642
830	503	938	90	90	5557648
829	498	942	90	90	5557655
828	493	950	90	90	5557661
828	488	954	90	90	5557667
827	482	958	90	90	5557673
827	476	962	90	90	5557680
826	471	966	90	90	5557686
826	465	966	90	90	5557692
826	459	970	90	90	5557698
825	454	970	90	90	5557705
825	448	974	90	90	5557711
825	443	974	90	90	5557717
824	439	974	90	90	5557723
823	434	978	90	90	5557730
823	430	978	90	90	5557736
821	427	982	90	90	5557742
820	424	982	90	90	5557748
818	421	978	90	90	5557755
816	419	978	90	90	5557761
813	416	978	90	90	5557767
810	415	978	90	90	5557773
807	413	978	90	90	5557780
803	412	974	90	90	5557786
798	411	974	90	90	5557792
793	410	970	90	90	5557798
787	409	970	90	90	5557805
781	408	970	90	90	5557811
774	407	970	90	90	5557817
767	407	970	90	90	5557823
759	406	970	90	90	5557830
751	406	970	90	90	5557836
743	406	966	90	90	5557842
734	406	966	90	90	5557848
725	406	966	90	90	5557855
716	406	966	90	90	5557861
707	406	966	90	90	5557867
697	406	966	90	90	5557873
687	406	966	90	90	5557880
678	406	966	90	90	5557886
668	407	966	90	90	5557892
659	407	966	90	90	5557898
650	407	966	90	90	5557905
640	407	966	90	90	5557911
631	407	962	90	90	5557917
623	407	962	90	90	5557923
614	407	962	90	90	5557930
605	407	962	90	90	5557936
597	407	962	90	90	5557942
589	407	962	90	90	5557948
582	407	962	90	90	5557955
575	406	962	90	90	5557961
568	406	962	90	90	5557967
562	406	962	90	90	5557973
556	406	958	90	90	5557980
551	405	958	90	90	5557986
546	405	958	90	90	5557992
542	405	954	90	90	5557998
539	404	942	90	90	5558005
536	404	922	90	90	5558011
534	403	865	90	90	5558017
533	403	708	90	90	5558023
532	403	376	90	90	5558042
532	405	8	90	90	5558055
