2
1
497	470	0	90	90	4698060
281
454	533	80	90	90	4698316
453	537	189	90	90	4698322
453	539	289	90	90	4698328
453	541	366	90	90	4698335
453	542	390	90	90	4698341
453	543	453	90	90	4698372
454	541	531	90	90	4698378
454	539	563	90	90	4698385
454	537	604	90	90	4698391
454	533	640	90	90	4698397
454	529	676	90	90	4698403
453	525	708	90	90	4698410
453	519	737	90	90	4698416
453	514	757	90	90	4698422
453	508	777	90	90	4698428
453	501	789	90	90	4698435
453	495	801	90	90	4698441
453	488	809	90	90	4698447
453	480	817	90	90	4698453
454	473	825	90	90	4698460
454	466	833	90	90	4698466
454	458	841	90	90	4698472
454	451	849	90	90	4698478
455	443	853	90	90	4698485
455	435	861	90	90	4698491
455	427	865	90	90	4698497
455	419	869	90	90	4698503
455	411	878	90	90	4698510
455	403	882	90	90	4698516
455	395	890	90	90	4698522
455	386	894	90	90	4698528
454	378	902	90	90	4698535
453	370	914	90	90	4698541
453	361	922	90	90	4698547
452	353	930	90	90	4698553
451	344	938	90	90	4698560
450	336	946	90	90	4698566
449	328	950	90	90	4698572
448	319	958	90	90	4698578
447	311	962	90	90	4698585
447	303	966	90	90	4698591
446	295	970	90	90	4698597
445	288	974	90	90	4698603
444	281	974	90	90	4698610
444	274	978	90	90	4698616
443	267	978	90	90	4698622
443	261	982	90	90	4698628
442	255	978	90	90	4698635
441	250	978	90	90	4698641
441	245	974	90	90	4698647
441	241	974	90	90	4698653
440	238	970	90	90	4698660
440	235	966	90	90	4698666
440	232	966	90	90	4698672
440	230	962	90	90	4698678
440	229	962	90	90	4698685
441	228	962	90	90	4698697
442	228	962	90	90	4698703
443	228	958	90	90	4698710
444	229	958	90	90	4698716
446	231	962	90	90	4698722
448	233	962	90	90	4698728
450	236	962	90	90	4698735
453	239	966	90	90	4698741
456	242	966	90	90	4698747
460	246	966	90	90	4698753
464	250	966	90	90	4698760
468	254	962	90	90	4698766
472	259	958	90	90	4698772
477	264	954	90	90	4698778
482	269	954	90	90	4698785
487	274	946	90	90	4698791
492	279	942	90	90	4698797
498	285	942	90	90	4698803
503	291	938	90	90	4698810
509	297	938	90	90	4698816
515	303	938	90	90	4698822
521	309	934	90	90	4698828
528	316	934	90	90	4698835
534	322	934	90	90	4698841
541	329	934	90	90	4698847
548	335	934	90	90	4698853
555	342	934	90	90	4698860
562	349	934	90	90	4698866
570	355	934	90	90	4698872
577	362	934	90	90	4698878
585	369	930	90	90	4698885
592	375	930	90	90	4698891
600	382	930	90	90	4698897
608	389	930	90	90	4698903
615	395	930	90	90	4698910
623	402	934	90	90	4698916
630	409	934	90	90	4698922
638	415	934	90	90	4698928
645	422	934	90	90	4698935
653	428	934	90	90	4698941
660	435	938	90	90	4698947
667	442	938	90	90	4698953
674	448	938	90	90	4698960
681	454	938	90	90	4698966
688	461	938	90	90	4698972
694	467	938	90	90	4698978
700	473	938	90	90	4698985
707	479	938	90	90	4698991
713	485	942	90	90	4698997
719	491	942	90	90	4699003
725	496	942	90	90	4699010
730	502	942	90	90	4699016
736	508	942	90	90	4699022
741	513	946	90	90	4699028
747	517	946	90	90	4699035
752	522	946	90	90	4699041
756	526	946	90	90	4699047
761	531	946	90	90	4699053
765	534	946	90	90	4699060
769	538	950	90	90	4699066
773	541	950	90	90	4699072
776	544	950	90	90	4699078
779	546	950	90	90	4699085
782	549	954	90	90	4699091
785	550	954	90	90	4699097
787	552	954	90	90	4699103
789	553	954	90	90	4699110
791	554	958	90	90	4699116
793	554	958	90	90	4699122
795	554	958	90	90	4699128
796	554	958	90	90	4699135
798	553	958	90	90	4699141
799	552	958	90	90	4699147
801	550	958	90	90	4699153
802	548	958	90	90	4699160
803	545	958	90	90	4699166
805	543	958	90	90	4699172
806	539	958	90	90	4699178
807	536	958	90	90	4699185
808	532	958	90	90	4699191
809	528	962	90	90	4699197
810	523	962	90	90	4699203
811	518	962	90	90	4699210
813	513	966	90	90	4699216
814	508	966	90	90	4699222
815	502	970	90	90	4699228
817	497	974	90	90	4699235
818	491	974	90	90	4699241
820	484	978	90	90	4699247
821	478	978	90	90	4699253
823	471	978	90	90	4699260
825	465	982	90	90	4699266
827	458	982	90	90	4699272
829	451	986	90	90	4699278
830	443	986	90	90	4699285
832	436	986	90	90	4699291
834	428	990	90	90	4699297
835	420	994	90	90	4699303
836	412	998	90	90	4699310
838	404	1002	90	90	4699316
839	396	1006	90	90	4699322
840	387	1010	90	90	4699328
841	379	1014	90	90	4699335
842	370	1014	90	90	4699341
842	362	1023	90	90	4699347
843	353	1023	90	90	4699353
844	345	1023	90	90	4699360
845	337	1023	90	90	4699366
845	328	1023	90	90	4699372
846	320	1023	90	90	4699378
847	312	1023	90	90	4699385
847	304	1023	90	90	4699391
847	295	1023	90	90	4699397
848	288	1023	90	90	4699403
848	280	1023	90	90	4699410
848	272	1023	90	90	4699416
849	264	1023	90	90	4699422
849	257	1023	90	90	4699428
849	250	1023	90	90	4699435
850	244	1014	90	90	4699441
850	238	1014	90	90	4699447
850	232	1010	90	90	4699453
850	227	1010	90	90	4699460
850	222	1006	90	90	4699466
850	218	1006	90	90	4699472
850	214	1006	90	90	4699478
850	210	1006	90	90	4699485
849	207	1010	90	90	4699491
849	204	1010	90	90	4699497
848	202	1010	90	90	4699503
848	200	1010	90	90	4699510
847	199	1010	90	90	4699516
846	198	1006	90	90	4699522
845	197	1006	90	90	4699528
844	197	1002	90	90	4699535
842	197	1002	90	90	4699541
840	198	998	90	90	4699547
838	199	998	90	90	4699553
836	201	994	90	90	4699560
833	203	994	90	90	4699566
830	205	990	90	90	4699572
827	207	990	90	90	4699578
823	210	986	90	90	4699585
820	213	986	90	90	4699591
815	216	986	90	90	4699597
811	220	982	90	90	4699603
807	224	986	90	90	4699610
802	228	986	90	90	4699616
797	232	986	90	90	4699622
792	237	990	90	90	4699628
787	241	990	90	90	4699635
781	246	994	90	90	4699641
775	251	994	90	90	4699647
769	257	998	90	90	4699653
763	262	998	90	90	4699660
757	268	998	90	90	4699666
750	273	998	90	90	4699672
744	279	998	90	90	4699678
737	285	998	90	90	4699685
730	291	998	90	90	4699691
724	297	1002	90	90	4699697
717	303	1002	90	90	4699703
710	309	1002	90	90	4699710
703	315	1002	90	90	4699716
696	321	1002	90	90	4699722
689	327	1002	90	90	4699728
682	333	1002	90	90	4699735
675	339	1002	90	90	4699741
667	346	1002	90	90	4699747
660	352	1002	90	90	4699753
653	357	1002	90	90	4699760
646	363	1002	90	90	4699766
638	369	1002	90	90	4699772
631	375	1002	90	90	4699778
624	381	1002	90	90	4699785
617	386	1002	90	90	4699791
610	392	1002	90	90	4699797
603	397	1002	90	90	4699803
597	403	1002	90	90	4699810
590	408	1002	90	90	4699816
584	413	1006	90	90	4699822
577	418	1006	90	90	4699828
571	423	1006	90	90	4699835
565	428	1006	90	90	4699841
560	433	1006	90	90	4699847
554	438	1010	90	90	4699853
549	443	1010	90	90	4699860
544	448	1010	90	90	4699866
539	452	1010	90	90	4699872
534	457	1010	90	90	4699878
529	461	1010	90	90	4699885
524	465	1014	90	90	4699891
519	469	1014	90	90	4699897
515	473	1014	90	90	4699903
511	477	1014	90	90	4699910
507	481	1023	90	90	4699916
503	484	1023	90	90	4699922
499	487	1023	90	90	4699928
496	490	1023	90	90	4699935
492	494	1023	90	90	4699941
489	496	1023	90	90	4699947
486	499	1023	90	90	4699953
483	502	1023	90	90	4699960
480	504	1023	90	90	4699966
477	506	1023	90	90	4699972
475	508	1023	90	90	4699978
473	510	1023	90	90	4699985
471	513	1023	90	90	4699991
469	514	1023	90	90	4699997
467	516	1023	90	90	4700003
466	518	1023	90	90	4700010
464	520	1023	90	90	4700016
463	521	1023	90	90	4700022
462	522	1023	90	90	4700028
460	523	1023	90	90	4700035
459	524	1023	90	90	4700041
459	525	1023	90	90	4700053
457	527	1023	90	90	4700066
456	528	1023	90	90	4700078
456	529	1023	90	90	4700091
455	530	1023	90	90	4700110
454	530	972	90	90	4700153
453	530	591	90	90	4700166
452	529	322	90	90	4700172
451	528	70	90	90	4700185
2
1
522	488	0	90	90	4807287
222
496	548	92	90	90	4807449
497	551	406	90	90	4807474
497	549	596	90	90	4807480
497	546	596	90	90	4807487
497	542	600	90	90	4807493
498	539	608	90	90	4807499
498	534	620	90	90	4807505
498	528	632	90	90	4807512
498	522	648	90	90	4807518
498	516	668	90	90	4807524
497	509	688	90	90	4807530
497	502	708	90	90	4807537
497	494	733	90	90	4807543
496	486	753	90	90	4807549
496	477	769	90	90	4807555
496	468	785	90	90	4807562
495	459	797	90	90	4807568
494	450	809	90	90	4807574
494	440	821	90	90	4807580
493	430	833	90	90	4807587
492	420	845	90	90	4807593
491	410	857	90	90	4807599
489	400	869	90	90	4807605
488	390	886	90	90	4807612
486	379	898	90	90	4807618
484	369	910	90	90	4807624
482	359	918	90	90	4807630
481	349	926	90	90	4807637
479	340	930	90	90	4807643
478	331	938	90	90	4807649
476	322	938	90	90	4807655
475	314	942	90	90	4807662
474	307	946	90	90	4807668
474	300	946	90	90	4807674
474	294	950	90	90	4807680
474	289	946	90	90	4807687
474	285	946	90	90	4807693
475	282	946	90	90	4807699
476	280	946	90	90	4807705
477	278	942	90	90	4807712
479	277	942	90	90	4807718
481	277	942	90	90	4807724
484	278	938	90	90	4807730
487	279	938	90	90	4807737
490	281	934	90	90	4807743
494	283	930	90	90	4807749
499	286	926	90	90	4807755
504	290	922	90	90	4807762
509	294	918	90	90	4807768
515	299	914	90	90	4807774
521	304	906	90	90	4807780
527	309	902	90	90	4807787
534	315	902	90	90	4807793
541	321	902	90	90	4807799
548	328	902	90	90	4807805
555	335	898	90	90	4807812
563	342	898	90	90	4807818
571	349	898	90	90	4807824
579	356	898	90	90	4807830
587	364	898	90	90	4807837
596	371	898	90	90	4807843
605	379	898	90	90	4807849
614	387	898	90	90	4807855
622	394	898	90	90	4807862
631	402	898	90	90	4807868
640	409	898	90	90	4807874
648	417	898	90	90	4807880
656	425	898	90	90	4807887
665	432	898	90	90	4807893
673	440	898	90	90	4807899
681	448	898	90	90	4807905
688	455	898	90	90	4807912
696	462	902	90	90	4807918
703	469	902	90	90	4807924
710	476	902	90	90	4807930
716	482	902	90	90	4807937
722	488	902	90	90	4807943
728	493	902	90	90	4807949
734	499	902	90	90	4807955
739	504	902	90	90	4807962
744	509	902	90	90	4807968
749	513	902	90	90	4807974
754	518	902	90	90	4807980
758	521	902	90	90	4807987
762	525	902	90	90	4807993
766	528	906	90	90	4807999
770	531	906	90	90	4808005
774	533	906	90	90	4808012
777	534	906	90	90	4808018
780	536	906	90	90	4808024
783	537	906	90	90	4808030
785	537	906	90	90	4808037
788	537	906	90	90	4808043
790	536	910	90	90	4808049
792	535	910	90	90	4808055
793	534	910	90	90	4808062
795	532	910	90	90	4808068
796	529	914	90	90	4808074
797	525	914	90	90	4808080
798	521	918	90	90	4808087
799	517	918	90	90	4808093
800	511	918	90	90	4808099
801	506	922	90	90	4808105
802	499	922	90	90	4808112
803	493	922	90	90	4808118
804	486	926	90	90	4808124
805	479	926	90	90	4808130
807	472	930	90	90	4808137
808	464	930	90	90	4808143
809	456	934	90	90	4808149
811	448	938	90	90	4808155
812	440	942	90	90	4808162
814	432	942	90	90	4808168
816	423	946	90	90	4808174
817	414	950	90	90	4808180
819	406	954	90	90	4808187
821	396	958	90	90	4808193
823	387	962	90	90	4808199
824	378	966	90	90	4808205
826	369	970	90	90	4808212
828	360	970	90	90	4808218
829	352	974	90	90	4808224
831	343	978	90	90	4808230
832	335	978	90	90	4808237
834	327	982	90	90	4808243
835	319	982	90	90	4808249
836	311	982	90	90	4808255
837	304	982	90	90	4808262
838	297	982	90	90	4808268
838	291	982	90	90	4808274
839	285	978	90	90	4808280
839	280	978	90	90	4808287
839	275	978	90	90	4808293
838	271	978	90	90	4808299
837	268	978	90	90	4808305
836	265	978	90	90	4808312
835	262	978	90	90	4808318
833	261	978	90	90	4808324
831	259	978	90	90	4808330
829	259	974	90	90	4808337
826	258	974	90	90	4808343
823	259	974	90	90	4808349
820	259	974	90	90	4808355
817	260	970	90	90	4808362
813	262	970	90	90	4808368
809	264	970	90	90	4808374
805	266	970	90	90	4808380
800	269	970	90	90	4808387
796	272	970	90	90	4808393
790	276	970	90	90	4808399
785	279	970	90	90	4808405
780	283	970	90	90	4808412
774	288	970	90	90	4808418
768	293	970	90	90	4808424
762	298	970	90	90	4808430
756	302	970	90	90	4808437
749	308	966	90	90	4808443
743	313	966	90	90	4808449
736	318	970	90	90	4808455
729	324	970	90	90	4808462
723	329	970	90	90	4808468
716	335	970	90	90	4808474
709	340	970	90	90	4808480
703	346	970	90	90	4808487
696	352	970	90	90	4808493
689	357	970	90	90	4808499
683	363	966	90	90	4808505
676	368	966	90	90	4808512
670	374	966	90	90	4808518
663	380	966	90	90	4808524
657	385	966	90	90	4808530
650	390	966	90	90	4808537
644	396	966	90	90	4808543
637	401	970	90	90	4808549
631	406	970	90	90	4808555
625	411	970	90	90	4808562
619	416	970	90	90	4808568
614	421	970	90	90	4808574
608	427	974	90	90	4808580
603	432	974	90	90	4808587
598	436	974	90	90	4808593
593	441	974	90	90	4808599
588	446	974	90	90	4808605
584	451	974	90	90	4808612
579	455	978	90	90	4808618
575	460	978	90	90	4808624
570	464	978	90	90	4808630
567	468	978	90	90	4808637
563	472	978	90	90	4808643
559	476	978	90	90	4808649
556	480	982	90	90	4808655
552	484	982	90	90	4808662
549	488	982	90	90	4808668
546	491	986	90	90	4808674
543	495	986	90	90	4808680
540	498	986	90	90	4808687
537	501	986	90	90	4808693
534	504	990	90	90	4808699
531	507	990	90	90	4808705
529	509	990	90	90	4808712
526	512	990	90	90	4808718
524	515	990	90	90	4808724
521	517	990	90	90	4808730
519	519	990	90	90	4808737
517	522	990	90	90	4808743
514	523	994	90	90	4808749
512	525	994	90	90	4808755
510	527	994	90	90	4808762
508	528	994	90	90	4808768
506	529	994	90	90	4808774
504	531	994	90	90	4808780
502	532	998	90	90	4808787
501	533	998	90	90	4808793
500	534	998	90	90	4808799
499	535	998	90	90	4808805
497	536	998	90	90	4808812
496	537	999	90	90	4808830
494	539	1000	90	90	4808843
493	540	975	90	90	4808880
494	540	740	90	90	4808893
496	540	408	90	90	4808905
497	539	70	90	90	4808918
2
1
568	500	0	90	90	4924566
241
478	587	48	90	90	4924872
479	584	173	90	90	4924878
479	583	294	90	90	4924884
479	581	414	90	90	4924891
479	578	535	90	90	4924897
479	575	575	90	90	4924903
479	571	575	90	90	4924909
479	567	583	90	90	4924916
479	561	583	90	90	4924922
480	555	588	90	90	4924928
480	549	596	90	90	4924934
480	542	608	90	90	4924941
480	535	620	90	90	4924947
480	527	640	90	90	4924953
480	519	660	90	90	4924959
481	511	684	90	90	4924966
481	502	708	90	90	4924972
480	494	733	90	90	4924978
480	484	753	90	90	4924984
480	475	773	90	90	4924991
480	465	789	90	90	4924997
479	455	801	90	90	4925003
479	444	813	90	90	4925009
478	434	825	90	90	4925016
477	423	837	90	90	4925022
476	412	849	90	90	4925028
475	400	861	90	90	4925034
474	389	873	90	90	4925041
473	378	886	90	90	4925047
471	366	894	90	90	4925053
470	355	902	90	90	4925059
469	344	910	90	90	4925066
468	333	914	90	90	4925072
467	323	918	90	90	4925078
465	312	926	90	90	4925084
464	302	926	90	90	4925091
463	293	930	90	90	4925097
462	284	934	90	90	4925103
461	276	938	90	90	4925109
460	268	938	90	90	4925116
459	262	938	90	90	4925122
459	256	938	90	90	4925128
458	250	938	90	90	4925134
458	246	938	90	90	4925141
458	242	934	90	90	4925147
459	239	934	90	90	4925153
459	237	930	90	90	4925159
460	235	926	90	90	4925166
461	234	922	90	90	4925172
462	234	922	90	90	4925178
464	234	918	90	90	4925184
465	235	918	90	90	4925191
467	236	918	90	90	4925197
469	238	918	90	90	4925203
472	241	918	90	90	4925209
474	244	918	90	90	4925216
478	248	918	90	90	4925222
481	253	914	90	90	4925228
485	258	914	90	90	4925234
489	264	910	90	90	4925241
494	270	906	90	90	4925247
499	276	902	90	90	4925253
504	283	898	90	90	4925259
510	290	894	90	90	4925266
516	298	890	90	90	4925272
522	306	890	90	90	4925278
529	314	886	90	90	4925284
536	322	886	90	90	4925291
543	331	886	90	90	4925297
551	340	886	90	90	4925303
559	350	882	90	90	4925309
567	359	882	90	90	4925316
576	369	882	90	90	4925322
585	378	878	90	90	4925328
594	388	882	90	90	4925334
603	397	882	90	90	4925341
612	407	882	90	90	4925347
621	416	882	90	90	4925353
630	426	882	90	90	4925359
640	435	882	90	90	4925366
649	444	886	90	90	4925372
658	454	886	90	90	4925378
668	463	882	90	90	4925384
677	472	882	90	90	4925391
686	481	882	90	90	4925397
694	490	882	90	90	4925403
703	498	882	90	90	4925409
711	506	882	90	90	4925416
718	513	886	90	90	4925422
726	521	886	90	90	4925428
733	528	886	90	90	4925434
740	534	890	90	90	4925441
747	541	890	90	90	4925447
754	547	894	90	90	4925453
760	553	894	90	90	4925459
767	558	894	90	90	4925466
772	564	894	90	90	4925472
778	568	898	90	90	4925478
782	573	898	90	90	4925484
786	576	898	90	90	4925491
790	580	902	90	90	4925497
794	583	902	90	90	4925503
797	585	906	90	90	4925509
800	587	906	90	90	4925516
802	589	910	90	90	4925522
805	590	910	90	90	4925528
807	591	910	90	90	4925534
809	591	910	90	90	4925541
811	590	910	90	90	4925547
812	590	910	90	90	4925553
814	588	910	90	90	4925559
814	586	910	90	90	4925566
815	583	910	90	90	4925572
815	580	910	90	90	4925578
816	576	914	90	90	4925584
816	571	914	90	90	4925591
816	566	914	90	90	4925597
816	560	914	90	90	4925603
816	554	914	90	90	4925609
817	547	914	90	90	4925616
817	540	918	90	90	4925622
817	532	918	90	90	4925628
817	524	922	90	90	4925634
818	516	922	90	90	4925641
818	507	926	90	90	4925647
819	498	930	90	90	4925653
819	488	934	90	90	4925659
820	478	938	90	90	4925666
821	468	938	90	90	4925672
821	458	942	90	90	4925678
822	448	946	90	90	4925684
823	438	950	90	90	4925691
824	427	954	90	90	4925697
825	416	958	90	90	4925703
826	406	962	90	90	4925709
828	395	966	90	90	4925716
829	385	970	90	90	4925722
830	374	974	90	90	4925728
831	363	974	90	90	4925734
832	353	978	90	90	4925741
833	343	978	90	90	4925747
834	332	982	90	90	4925753
835	322	982	90	90	4925759
836	313	982	90	90	4925766
837	303	982	90	90	4925772
838	294	982	90	90	4925778
839	285	982	90	90	4925784
839	276	982	90	90	4925791
840	268	982	90	90	4925797
840	260	978	90	90	4925803
840	253	978	90	90	4925809
840	246	974	90	90	4925816
839	240	970	90	90	4925822
839	235	966	90	90	4925828
838	230	962	90	90	4925834
837	227	962	90	90	4925841
836	224	958	90	90	4925847
835	221	958	90	90	4925853
833	219	958	90	90	4925859
831	218	958	90	90	4925866
829	218	958	90	90	4925872
826	218	958	90	90	4925878
823	218	954	90	90	4925884
820	219	954	90	90	4925891
816	220	954	90	90	4925897
812	222	954	90	90	4925903
807	224	954	90	90	4925909
803	227	954	90	90	4925916
798	231	954	90	90	4925922
792	235	954	90	90	4925928
787	239	958	90	90	4925934
781	244	958	90	90	4925941
776	249	962	90	90	4925947
770	254	962	90	90	4925953
764	260	966	90	90	4925959
757	266	966	90	90	4925966
751	272	966	90	90	4925972
744	278	966	90	90	4925978
737	284	962	90	90	4925984
730	290	962	90	90	4925991
723	297	962	90	90	4925997
715	303	962	90	90	4926003
708	310	962	90	90	4926009
701	317	962	90	90	4926016
693	323	962	90	90	4926022
686	330	962	90	90	4926028
678	337	962	90	90	4926034
670	344	962	90	90	4926041
663	350	962	90	90	4926047
655	357	962	90	90	4926053
647	364	962	90	90	4926059
640	370	962	90	90	4926066
632	377	962	90	90	4926072
625	384	962	90	90	4926078
618	391	962	90	90	4926084
611	397	962	90	90	4926091
605	404	962	90	90	4926097
598	411	962	90	90	4926103
592	418	966	90	90	4926109
586	424	966	90	90	4926116
580	431	966	90	90	4926122
574	437	970	90	90	4926128
569	444	970	90	90	4926134
563	450	970	90	90	4926141
558	456	970	90	90	4926147
553	462	974	90	90	4926153
548	468	974	90	90	4926159
543	474	974	90	90	4926166
539	480	974	90	90	4926172
535	486	978	90	90	4926178
531	492	978	90	90	4926184
527	497	982	90	90	4926191
523	502	982	90	90	4926197
519	508	982	90	90	4926203
516	513	986	90	90	4926209
512	517	986	90	90	4926216
509	522	990	90	90	4926222
506	526	990	90	90	4926228
503	531	994	90	90	4926234
500	535	994	90	90	4926241
497	539	994	90	90	4926247
494	542	998	90	90	4926253
492	546	998	90	90	4926259
489	549	998	90	90	4926266
487	552	998	90	90	4926272
485	555	1002	90	90	4926278
483	558	1002	90	90	4926284
481	560	1002	90	90	4926291
480	562	1002	90	90	4926297
478	564	1002	90	90	4926303
477	566	1002	90	90	4926309
476	568	1002	90	90	4926316
475	570	1002	90	90	4926322
474	571	998	90	90	4926328
473	573	994	90	90	4926334
473	574	990	90	90	4926341
473	575	968	90	90	4926353
473	576	893	90	90	4926366
474	577	621	90	90	4926378
475	577	279	90	90	4926391
476	576	6	90	90	4926403
2
1
625	500	0	90	90	5023558
187
441	546	124	90	90	5023845
441	545	253	90	90	5023851
442	544	374	90	90	5023858
442	541	499	90	90	5023864
442	538	592	90	90	5023870
442	534	592	90	90	5023876
442	528	592	90	90	5023883
442	522	592	90	90	5023889
443	515	600	90	90	5023895
443	507	612	90	90	5023901
443	499	628	90	90	5023908
443	489	648	90	90	5023914
442	480	672	90	90	5023920
442	470	696	90	90	5023926
441	460	733	90	90	5023933
441	449	761	90	90	5023939
440	438	785	90	90	5023945
439	427	809	90	90	5023951
438	415	829	90	90	5023958
437	404	845	90	90	5023964
436	392	857	90	90	5023970
434	380	873	90	90	5023976
433	368	882	90	90	5023983
431	356	894	90	90	5023989
429	345	906	90	90	5023995
428	333	914	90	90	5024001
426	322	922	90	90	5024008
424	312	926	90	90	5024014
423	302	934	90	90	5024020
422	293	934	90	90	5024026
421	285	938	90	90	5024033
420	278	942	90	90	5024039
420	272	942	90	90	5024045
420	267	942	90	90	5024051
420	263	942	90	90	5024058
421	260	942	90	90	5024064
423	258	938	90	90	5024070
425	257	938	90	90	5024076
428	257	938	90	90	5024083
431	258	934	90	90	5024089
435	260	930	90	90	5024095
440	263	930	90	90	5024101
445	267	926	90	90	5024108
451	271	922	90	90	5024114
458	276	922	90	90	5024120
465	282	918	90	90	5024126
472	288	914	90	90	5024133
480	295	914	90	90	5024139
489	302	910	90	90	5024145
498	310	910	90	90	5024151
507	318	906	90	90	5024158
517	327	906	90	90	5024164
528	336	902	90	90	5024170
539	346	902	90	90	5024176
550	355	898	90	90	5024183
562	365	894	90	90	5024189
573	375	894	90	90	5024195
585	385	890	90	90	5024201
596	394	890	90	90	5024208
608	404	886	90	90	5024214
619	414	886	90	90	5024220
630	423	882	90	90	5024226
641	433	878	90	90	5024233
652	443	878	90	90	5024239
663	452	878	90	90	5024245
674	462	873	90	90	5024251
685	472	873	90	90	5024258
695	481	873	90	90	5024264
705	490	873	90	90	5024270
715	498	878	90	90	5024276
724	506	878	90	90	5024283
733	513	878	90	90	5024289
741	520	882	90	90	5024295
750	526	882	90	90	5024301
757	533	882	90	90	5024308
764	538	882	90	90	5024314
771	543	886	90	90	5024320
778	547	886	90	90	5024326
784	551	890	90	90	5024333
790	555	890	90	90	5024339
795	557	894	90	90	5024345
799	559	894	90	90	5024351
803	560	898	90	90	5024358
807	560	898	90	90	5024364
810	560	898	90	90	5024370
812	559	902	90	90	5024376
814	557	902	90	90	5024383
816	554	906	90	90	5024389
817	550	906	90	90	5024395
818	545	910	90	90	5024401
819	539	910	90	90	5024408
820	532	914	90	90	5024414
821	525	914	90	90	5024420
822	516	918	90	90	5024426
823	507	922	90	90	5024433
824	497	926	90	90	5024439
825	487	926	90	90	5024445
826	477	930	90	90	5024451
827	466	934	90	90	5024458
829	454	938	90	90	5024464
830	443	942	90	90	5024470
832	431	946	90	90	5024476
834	419	950	90	90	5024483
836	406	954	90	90	5024489
837	394	962	90	90	5024495
839	382	966	90	90	5024501
840	369	974	90	90	5024508
842	357	978	90	90	5024514
843	345	982	90	90	5024520
845	332	986	90	90	5024526
846	321	990	90	90	5024533
847	309	990	90	90	5024539
848	298	994	90	90	5024545
849	288	994	90	90	5024551
849	278	994	90	90	5024558
850	269	994	90	90	5024564
850	261	990	90	90	5024570
850	253	986	90	90	5024576
849	247	986	90	90	5024583
848	242	982	90	90	5024589
847	237	978	90	90	5024595
846	234	974	90	90	5024601
844	231	970	90	90	5024608
842	229	966	90	90	5024614
840	228	966	90	90	5024620
837	228	962	90	90	5024626
833	228	962	90	90	5024633
829	230	958	90	90	5024639
824	231	958	90	90	5024645
819	234	958	90	90	5024651
813	237	962	90	90	5024658
806	241	962	90	90	5024664
800	245	966	90	90	5024670
792	250	966	90	90	5024676
785	255	966	90	90	5024683
777	261	966	90	90	5024689
769	267	970	90	90	5024695
761	273	966	90	90	5024701
752	279	966	90	90	5024708
742	286	966	90	90	5024714
733	293	966	90	90	5024720
723	300	966	90	90	5024726
713	307	970	90	90	5024733
703	314	970	90	90	5024739
692	322	970	90	90	5024745
681	329	970	90	90	5024751
670	337	970	90	90	5024758
660	344	970	90	90	5024764
649	351	966	90	90	5024770
638	359	966	90	90	5024776
627	366	966	90	90	5024783
617	373	966	90	90	5024789
606	381	966	90	90	5024795
596	388	966	90	90	5024801
586	396	966	90	90	5024808
577	403	962	90	90	5024814
567	411	962	90	90	5024820
558	418	962	90	90	5024826
550	425	962	90	90	5024833
541	432	966	90	90	5024839
533	440	966	90	90	5024845
525	447	966	90	90	5024851
517	454	970	90	90	5024858
510	461	970	90	90	5024864
503	467	970	90	90	5024870
496	474	974	90	90	5024876
490	480	974	90	90	5024883
484	487	974	90	90	5024889
479	493	978	90	90	5024895
473	499	978	90	90	5024901
468	505	982	90	90	5024908
463	510	982	90	90	5024914
458	515	986	90	90	5024920
454	520	986	90	90	5024926
450	524	990	90	90	5024933
447	528	990	90	90	5024939
443	532	994	90	90	5024945
440	536	994	90	90	5024951
437	539	994	90	90	5024958
435	542	994	90	90	5024964
432	544	990	90	90	5024970
430	546	982	90	90	5024976
429	548	970	90	90	5024983
427	549	950	90	90	5024989
427	550	827	90	90	5025001
427	551	513	90	90	5025014
428	551	107	90	90	5025033
2
1
498	496	0	90	90	5128198
243
482	563	72	90	90	5128398
482	561	193	90	90	5128404
482	559	310	90	90	5128410
482	557	426	90	90	5128416
482	554	543	90	90	5128423
483	550	551	90	90	5128429
483	546	555	90	90	5128435
484	540	563	90	90	5128441
485	534	575	90	90	5128448
486	528	600	90	90	5128454
486	520	620	90	90	5128460
487	513	644	90	90	5128466
488	504	672	90	90	5128473
488	496	696	90	90	5128479
488	487	728	90	90	5128485
489	477	753	90	90	5128491
489	468	773	90	90	5128498
488	458	793	90	90	5128504
488	447	809	90	90	5128510
488	437	829	90	90	5128516
487	426	845	90	90	5128523
486	415	861	90	90	5128529
486	404	878	90	90	5128535
485	392	890	90	90	5128541
484	381	902	90	90	5128548
484	369	914	90	90	5128554
483	358	922	90	90	5128560
483	347	926	90	90	5128566
482	336	934	90	90	5128573
482	325	938	90	90	5128579
481	315	942	90	90	5128585
481	305	946	90	90	5128591
481	296	946	90	90	5128598
480	287	950	90	90	5128604
480	280	950	90	90	5128610
480	273	954	90	90	5128616
480	266	954	90	90	5128623
480	261	954	90	90	5128629
480	257	954	90	90	5128635
480	253	954	90	90	5128641
481	250	958	90	90	5128648
481	248	954	90	90	5128654
482	246	954	90	90	5128660
484	245	954	90	90	5128666
485	244	954	90	90	5128673
487	245	954	90	90	5128679
489	245	954	90	90	5128685
492	247	954	90	90	5128691
495	249	954	90	90	5128698
498	252	950	90	90	5128704
501	256	950	90	90	5128710
505	260	950	90	90	5128716
509	264	946	90	90	5128723
514	269	946	90	90	5128729
519	274	946	90	90	5128735
524	280	942	90	90	5128741
530	286	942	90	90	5128748
535	292	942	90	90	5128754
541	299	942	90	90	5128760
547	306	938	90	90	5128766
553	313	938	90	90	5128773
560	321	938	90	90	5128779
567	330	938	90	90	5128785
574	338	938	90	90	5128791
582	347	938	90	90	5128798
590	356	934	90	90	5128804
599	366	934	90	90	5128810
608	375	934	90	90	5128816
617	385	934	90	90	5128823
626	395	938	90	90	5128829
634	404	938	90	90	5128835
643	414	934	90	90	5128841
652	424	934	90	90	5128848
661	435	934	90	90	5128854
670	445	934	90	90	5128860
679	455	934	90	90	5128866
688	466	934	90	90	5128873
697	476	930	90	90	5128879
706	486	934	90	90	5128885
714	496	934	90	90	5128891
722	506	934	90	90	5128898
730	516	938	90	90	5128904
737	525	938	90	90	5128910
744	533	942	90	90	5128916
751	541	942	90	90	5128923
757	549	946	90	90	5128929
763	557	946	90	90	5128935
768	564	950	90	90	5128941
773	570	950	90	90	5128948
778	576	954	90	90	5128954
783	582	954	90	90	5128960
787	587	958	90	90	5128966
791	592	958	90	90	5128973
795	596	962	90	90	5128979
798	599	962	90	90	5128985
801	602	962	90	90	5128991
803	604	962	90	90	5128998
805	606	962	90	90	5129004
807	607	962	90	90	5129010
809	608	962	90	90	5129016
811	608	962	90	90	5129023
812	607	962	90	90	5129029
813	606	962	90	90	5129035
814	605	962	90	90	5129041
815	603	962	90	90	5129048
816	600	962	90	90	5129054
817	596	966	90	90	5129060
818	592	966	90	90	5129066
818	588	966	90	90	5129073
819	583	966	90	90	5129079
820	577	966	90	90	5129085
820	571	966	90	90	5129091
821	565	966	90	90	5129098
822	558	966	90	90	5129104
823	551	966	90	90	5129110
824	543	970	90	90	5129116
825	535	970	90	90	5129123
826	527	970	90	90	5129129
827	518	974	90	90	5129135
828	509	974	90	90	5129141
830	500	978	90	90	5129148
831	490	978	90	90	5129154
832	480	982	90	90	5129160
834	470	982	90	90	5129166
835	459	986	90	90	5129173
836	448	990	90	90	5129179
837	438	994	90	90	5129185
838	427	994	90	90	5129191
839	416	998	90	90	5129198
840	405	1002	90	90	5129204
841	394	1006	90	90	5129210
842	384	1006	90	90	5129216
843	373	1010	90	90	5129223
844	363	1010	90	90	5129229
845	353	1010	90	90	5129235
846	343	1010	90	90	5129241
846	333	1010	90	90	5129248
847	324	1010	90	90	5129254
847	314	1006	90	90	5129260
848	305	1006	90	90	5129266
848	296	1006	90	90	5129273
848	287	1006	90	90	5129279
847	279	1002	90	90	5129285
847	271	1002	90	90	5129291
846	264	1002	90	90	5129298
846	257	998	90	90	5129304
845	251	994	90	90	5129310
844	245	990	90	90	5129316
843	240	986	90	90	5129323
842	236	982	90	90	5129329
841	232	982	90	90	5129335
839	229	978	90	90	5129341
838	226	974	90	90	5129348
836	223	970	90	90	5129354
834	222	970	90	90	5129360
832	220	970	90	90	5129366
830	219	970	90	90	5129373
827	219	970	90	90	5129379
825	219	966	90	90	5129385
822	220	966	90	90	5129391
819	221	966	90	90	5129398
816	223	966	90	90	5129404
812	225	966	90	90	5129410
809	227	966	90	90	5129416
805	230	970	90	90	5129423
801	233	970	90	90	5129429
796	236	970	90	90	5129435
791	240	974	90	90	5129441
786	244	974	90	90	5129448
781	248	978	90	90	5129454
776	252	978	90	90	5129460
770	257	982	90	90	5129466
764	262	982	90	90	5129473
758	267	982	90	90	5129479
752	272	982	90	90	5129485
746	277	982	90	90	5129491
739	283	982	90	90	5129498
733	288	986	90	90	5129504
726	294	986	90	90	5129510
719	300	986	90	90	5129516
712	306	990	90	90	5129523
706	312	990	90	90	5129529
699	318	990	90	90	5129535
692	324	994	90	90	5129541
686	330	994	90	90	5129548
679	336	994	90	90	5129554
672	342	994	90	90	5129560
665	349	994	90	90	5129566
659	355	994	90	90	5129573
652	361	994	90	90	5129579
645	367	994	90	90	5129585
639	373	998	90	90	5129591
632	379	998	90	90	5129598
626	386	998	90	90	5129604
620	392	998	90	90	5129610
614	398	998	90	90	5129616
608	404	998	90	90	5129623
602	410	998	90	90	5129629
596	415	1002	90	90	5129635
591	421	1002	90	90	5129641
585	427	1002	90	90	5129648
580	432	1002	90	90	5129654
575	438	1006	90	90	5129660
570	443	1006	90	90	5129666
565	449	1006	90	90	5129673
561	454	1006	90	90	5129679
556	459	1006	90	90	5129685
552	464	1006	90	90	5129691
548	469	1006	90	90	5129698
543	473	1010	90	90	5129704
539	478	1010	90	90	5129710
536	482	1010	90	90	5129716
532	486	1010	90	90	5129723
528	490	1014	90	90	5129729
524	494	1014	90	90	5129735
521	498	1014	90	90	5129741
518	501	1023	90	90	5129748
515	505	1023	90	90	5129754
511	508	1023	90	90	5129760
509	512	1023	90	90	5129766
506	515	1023	90	90	5129773
503	518	1023	90	90	5129779
501	520	1023	90	90	5129785
498	523	1023	90	90	5129791
496	526	1023	90	90	5129798
494	528	1023	90	90	5129804
492	530	1023	90	90	5129810
490	532	1023	90	90	5129816
488	534	1023	90	90	5129823
487	536	1023	90	90	5129829
485	538	1023	90	90	5129835
484	539	1023	90	90	5129841
483	541	1023	90	90	5129848
482	543	1023	90	90	5129854
481	544	1023	90	90	5129860
480	546	1023	90	90	5129866
479	547	1023	90	90	5129873
479	548	1023	90	90	5129879
478	549	1023	90	90	5129891
478	550	1018	90	90	5129904
478	551	931	90	90	5129935
479	551	452	90	90	5129954
479	550	48	90	90	5129966
2
1
471	517	0	90	90	5231968
263
465	586	28	90	90	5232149
465	582	169	90	90	5232155
465	580	318	90	90	5232161
464	576	455	90	90	5232168
464	573	596	90	90	5232174
464	568	712	90	90	5232180
464	563	724	90	90	5232186
464	557	728	90	90	5232193
465	550	733	90	90	5232199
465	542	745	90	90	5232205
466	534	753	90	90	5232211
466	525	765	90	90	5232218
466	516	781	90	90	5232224
466	506	801	90	90	5232230
466	496	821	90	90	5232236
466	486	841	90	90	5232243
466	475	861	90	90	5232249
466	464	882	90	90	5232255
465	453	894	90	90	5232261
465	441	906	90	90	5232268
465	427	918	90	90	5232274
464	414	926	90	90	5232280
464	401	930	90	90	5232286
464	388	938	90	90	5232293
464	375	942	90	90	5232299
463	362	946	90	90	5232305
463	348	950	90	90	5232311
462	335	954	90	90	5232318
461	324	958	90	90	5232324
460	311	962	90	90	5232330
459	299	966	90	90	5232336
458	286	974	90	90	5232343
456	275	978	90	90	5232349
455	264	978	90	90	5232355
454	254	978	90	90	5232361
453	244	982	90	90	5232368
452	236	982	90	90	5232374
451	228	982	90	90	5232380
450	221	978	90	90	5232386
450	214	978	90	90	5232393
450	209	978	90	90	5232399
450	204	978	90	90	5232405
450	200	978	90	90	5232411
451	197	978	90	90	5232418
451	194	974	90	90	5232424
453	193	974	90	90	5232430
454	192	974	90	90	5232436
456	192	974	90	90	5232443
458	193	974	90	90	5232449
461	194	970	90	90	5232455
464	196	970	90	90	5232461
467	199	970	90	90	5232468
470	203	970	90	90	5232474
475	207	966	90	90	5232480
479	212	966	90	90	5232486
484	218	962	90	90	5232493
489	223	962	90	90	5232499
494	230	962	90	90	5232505
500	237	962	90	90	5232511
506	244	958	90	90	5232518
513	252	962	90	90	5232524
519	260	958	90	90	5232530
526	269	962	90	90	5232536
533	278	958	90	90	5232543
540	287	958	90	90	5232549
547	297	958	90	90	5232555
555	307	958	90	90	5232561
563	317	958	90	90	5232568
572	327	954	90	90	5232574
581	338	954	90	90	5232580
590	349	954	90	90	5232586
599	360	954	90	90	5232593
608	371	950	90	90	5232599
618	381	950	90	90	5232605
627	392	950	90	90	5232611
635	403	950	90	90	5232618
644	414	950	90	90	5232624
653	425	950	90	90	5232630
661	436	954	90	90	5232636
670	447	954	90	90	5232643
679	458	954	90	90	5232649
687	469	958	90	90	5232655
696	480	958	90	90	5232661
704	490	958	90	90	5232668
712	501	958	90	90	5232674
720	511	958	90	90	5232680
728	520	962	90	90	5232686
735	530	962	90	90	5232693
742	539	962	90	90	5232699
749	547	966	90	90	5232705
755	555	966	90	90	5232711
761	563	970	90	90	5232718
768	571	974	90	90	5232724
774	577	974	90	90	5232730
779	584	978	90	90	5232736
785	590	978	90	90	5232743
790	595	982	90	90	5232749
795	600	982	90	90	5232755
800	604	982	90	90	5232761
804	608	982	90	90	5232768
807	611	986	90	90	5232774
810	614	986	90	90	5232780
813	616	986	90	90	5232786
816	617	986	90	90	5232793
818	618	986	90	90	5232799
820	618	986	90	90	5232805
822	618	986	90	90	5232811
824	617	986	90	90	5232818
826	616	986	90	90	5232824
828	614	986	90	90	5232830
829	611	986	90	90	5232836
831	608	986	90	90	5232843
832	604	986	90	90	5232849
833	600	986	90	90	5232855
834	595	986	90	90	5232861
835	590	986	90	90	5232868
836	583	990	90	90	5232874
837	577	986	90	90	5232880
838	570	990	90	90	5232886
839	562	990	90	90	5232893
840	554	990	90	90	5232899
841	546	990	90	90	5232905
842	537	990	90	90	5232911
844	528	994	90	90	5232918
846	518	994	90	90	5232924
848	509	994	90	90	5232930
850	498	998	90	90	5232936
853	488	998	90	90	5232943
855	477	998	90	90	5232949
858	466	998	90	90	5232955
860	455	1002	90	90	5232961
862	444	1006	90	90	5232968
865	433	1010	90	90	5232974
867	421	1014	90	90	5232980
869	409	1023	90	90	5232986
871	398	1023	90	90	5232993
873	386	1023	90	90	5232999
874	374	1023	90	90	5233005
876	362	1023	90	90	5233011
878	351	1023	90	90	5233018
879	339	1023	90	90	5233024
881	327	1023	90	90	5233030
882	316	1023	90	90	5233036
882	305	1023	90	90	5233043
883	294	1023	90	90	5233049
883	283	1023	90	90	5233055
884	272	1023	90	90	5233061
884	262	1023	90	90	5233068
883	253	1023	90	90	5233074
883	243	1023	90	90	5233080
882	235	1023	90	90	5233086
881	226	1023	90	90	5233093
879	219	1023	90	90	5233099
878	212	1023	90	90	5233105
877	205	1023	90	90	5233111
875	199	1023	90	90	5233118
874	194	1023	90	90	5233124
872	190	1023	90	90	5233130
871	186	1023	90	90	5233136
869	183	1023	90	90	5233143
867	180	1023	90	90	5233149
865	178	1023	90	90	5233155
863	177	1023	90	90	5233161
861	176	1023	90	90	5233168
858	175	1023	90	90	5233174
856	175	1023	90	90	5233180
853	176	1023	90	90	5233186
850	177	1023	90	90	5233193
846	179	1023	90	90	5233199
842	181	1023	90	90	5233205
839	184	1023	90	90	5233211
835	187	1023	90	90	5233218
830	190	1014	90	90	5233224
826	194	1010	90	90	5233230
821	198	1006	90	90	5233236
816	203	1002	90	90	5233243
811	208	1002	90	90	5233249
806	213	1002	90	90	5233255
800	218	998	90	90	5233261
795	224	998	90	90	5233268
789	230	998	90	90	5233274
783	236	1002	90	90	5233280
776	243	1002	90	90	5233286
770	249	1002	90	90	5233293
764	256	1006	90	90	5233299
757	263	1006	90	90	5233305
750	269	1006	90	90	5233311
743	277	1010	90	90	5233318
736	284	1010	90	90	5233324
730	291	1010	90	90	5233330
723	298	1010	90	90	5233336
716	305	1010	90	90	5233343
709	313	1010	90	90	5233349
703	320	1010	90	90	5233355
696	327	1010	90	90	5233361
689	334	1010	90	90	5233368
683	341	1010	90	90	5233374
676	348	1010	90	90	5233380
670	356	1010	90	90	5233386
664	363	1010	90	90	5233393
658	370	1010	90	90	5233399
652	376	1010	90	90	5233405
646	383	1010	90	90	5233411
640	390	1010	90	90	5233418
634	396	1010	90	90	5233424
629	403	1010	90	90	5233430
623	410	1010	90	90	5233436
618	416	1010	90	90	5233443
613	422	1010	90	90	5233449
608	429	1014	90	90	5233455
604	435	1014	90	90	5233461
599	440	1014	90	90	5233468
594	446	1014	90	90	5233474
590	452	1014	90	90	5233480
586	457	1014	90	90	5233486
582	462	1023	90	90	5233493
577	467	1023	90	90	5233499
573	471	1023	90	90	5233505
569	476	1023	90	90	5233511
565	480	1023	90	90	5233518
561	484	1023	90	90	5233524
558	488	1023	90	90	5233530
554	492	1023	90	90	5233536
550	496	1023	90	90	5233543
546	499	1023	90	90	5233549
542	503	1023	90	90	5233555
539	506	1023	90	90	5233561
535	510	1023	90	90	5233568
532	513	1023	90	90	5233574
528	516	1023	90	90	5233580
525	519	1023	90	90	5233586
522	522	1023	90	90	5233593
518	525	1023	90	90	5233599
515	528	1023	90	90	5233605
512	530	1023	90	90	5233611
509	533	1023	90	90	5233618
506	535	1023	90	90	5233624
503	538	1023	90	90	5233630
500	540	1023	90	90	5233636
497	543	1023	90	90	5233643
494	545	1023	90	90	5233649
491	548	1023	90	90	5233655
488	550	1023	90	90	5233661
486	552	1023	90	90	5233668
483	554	1023	90	90	5233674
481	555	1023	90	90	5233680
479	557	1023	90	90	5233686
477	559	1023	90	90	5233693
475	560	1023	90	90	5233699
473	562	1023	90	90	5233705
471	564	1023	90	90	5233711
470	565	1023	90	90	5233718
469	567	1023	90	90	5233724
467	568	1023	90	90	5233730
466	570	1023	90	90	5233736
465	571	1023	90	90	5233743
464	572	1023	90	90	5233749
463	573	1023	90	90	5233755
462	574	1023	90	90	5233768
461	575	1023	90	90	5233780
460	576	935	90	90	5233836
460	575	370	90	90	5233849
460	573	48	90	90	5233861
2
1
576	517	0	90	90	5327655
234
500	556	16	90	90	5327873
501	554	165	90	90	5327880
501	553	306	90	90	5327886
501	552	451	90	90	5327892
501	549	592	90	90	5327898
501	547	712	90	90	5327905
501	544	728	90	90	5327911
501	540	724	90	90	5327917
502	535	724	90	90	5327923
502	530	724	90	90	5327930
503	524	724	90	90	5327936
503	518	728	90	90	5327942
504	512	733	90	90	5327948
504	505	745	90	90	5327955
504	498	757	90	90	5327961
504	491	773	90	90	5327967
504	483	789	90	90	5327973
503	475	809	90	90	5327980
503	466	825	90	90	5327986
502	457	837	90	90	5327992
502	447	849	90	90	5327998
501	438	861	90	90	5328005
500	428	869	90	90	5328011
499	417	873	90	90	5328017
498	407	882	90	90	5328023
497	397	890	90	90	5328030
496	386	898	90	90	5328036
494	375	906	90	90	5328042
492	365	914	90	90	5328048
490	354	922	90	90	5328055
488	344	930	90	90	5328061
485	334	938	90	90	5328067
483	324	946	90	90	5328073
481	314	954	90	90	5328080
478	305	962	90	90	5328086
476	297	966	90	90	5328092
475	289	970	90	90	5328098
473	282	974	90	90	5328105
472	276	978	90	90	5328111
471	270	982	90	90	5328117
470	265	982	90	90	5328123
469	261	986	90	90	5328130
469	257	986	90	90	5328136
469	254	986	90	90	5328142
469	252	986	90	90	5328148
469	250	986	90	90	5328155
470	249	982	90	90	5328161
471	249	982	90	90	5328167
472	250	982	90	90	5328173
473	251	982	90	90	5328180
475	253	982	90	90	5328186
477	255	982	90	90	5328192
480	258	978	90	90	5328198
483	262	978	90	90	5328205
487	266	974	90	90	5328211
491	271	974	90	90	5328217
495	276	970	90	90	5328223
500	281	966	90	90	5328230
504	286	962	90	90	5328236
510	292	962	90	90	5328242
515	299	958	90	90	5328248
521	305	954	90	90	5328255
527	312	954	90	90	5328261
533	320	950	90	90	5328267
540	328	950	90	90	5328273
547	336	950	90	90	5328280
554	344	950	90	90	5328286
562	353	946	90	90	5328292
570	361	946	90	90	5328298
578	370	946	90	90	5328305
586	378	946	90	90	5328311
594	387	946	90	90	5328317
602	396	950	90	90	5328323
611	405	950	90	90	5328330
619	414	950	90	90	5328336
628	423	950	90	90	5328342
636	432	950	90	90	5328348
645	441	950	90	90	5328355
654	450	950	90	90	5328361
662	459	950	90	90	5328367
670	468	954	90	90	5328373
677	476	954	90	90	5328380
685	484	954	90	90	5328386
692	492	954	90	90	5328392
700	500	954	90	90	5328398
707	507	954	90	90	5328405
714	515	954	90	90	5328411
721	522	958	90	90	5328417
728	529	958	90	90	5328423
734	535	958	90	90	5328430
741	541	962	90	90	5328436
747	547	962	90	90	5328442
752	552	962	90	90	5328448
758	557	966	90	90	5328455
763	562	966	90	90	5328461
768	566	966	90	90	5328467
773	569	970	90	90	5328473
777	573	970	90	90	5328480
781	575	970	90	90	5328486
785	577	974	90	90	5328492
788	579	974	90	90	5328498
791	580	974	90	90	5328505
794	580	974	90	90	5328511
797	580	974	90	90	5328517
800	579	974	90	90	5328523
802	578	974	90	90	5328530
804	576	974	90	90	5328536
806	573	978	90	90	5328542
808	570	978	90	90	5328548
810	566	978	90	90	5328555
811	562	978	90	90	5328561
812	557	978	90	90	5328567
814	552	978	90	90	5328573
815	546	978	90	90	5328580
816	539	978	90	90	5328586
817	532	978	90	90	5328592
818	525	982	90	90	5328598
820	517	982	90	90	5328605
821	509	986	90	90	5328611
823	500	986	90	90	5328617
825	491	990	90	90	5328623
826	482	990	90	90	5328630
828	473	994	90	90	5328636
830	463	998	90	90	5328642
831	453	1002	90	90	5328648
833	443	1006	90	90	5328655
835	433	1010	90	90	5328661
836	422	1014	90	90	5328667
837	412	1023	90	90	5328673
838	401	1023	90	90	5328680
840	390	1023	90	90	5328686
841	380	1023	90	90	5328692
842	369	1023	90	90	5328698
843	358	1023	90	90	5328705
844	348	1023	90	90	5328711
844	337	1023	90	90	5328717
845	327	1023	90	90	5328723
845	317	1023	90	90	5328730
846	307	1023	90	90	5328736
846	297	1023	90	90	5328742
846	288	1023	90	90	5328748
846	278	1023	90	90	5328755
846	270	1023	90	90	5328761
846	261	1023	90	90	5328767
846	254	1023	90	90	5328773
846	246	1023	90	90	5328780
846	239	1023	90	90	5328786
846	233	1023	90	90	5328792
846	227	1023	90	90	5328798
846	222	1023	90	90	5328805
845	218	1023	90	90	5328811
845	214	1023	90	90	5328817
845	211	1023	90	90	5328823
844	208	1023	90	90	5328830
844	206	1023	90	90	5328836
843	205	1023	90	90	5328842
842	204	1023	90	90	5328848
841	203	1023	90	90	5328855
840	203	1023	90	90	5328861
839	204	1023	90	90	5328867
838	205	1023	90	90	5328873
836	207	1014	90	90	5328880
834	209	1010	90	90	5328886
832	212	1010	90	90	5328892
829	215	1006	90	90	5328898
826	219	1006	90	90	5328905
823	223	1006	90	90	5328911
819	227	1006	90	90	5328917
816	232	1010	90	90	5328923
812	238	1010	90	90	5328930
807	243	1014	90	90	5328936
803	249	1014	90	90	5328942
798	255	1014	90	90	5328948
793	261	1023	90	90	5328955
788	268	1014	90	90	5328961
782	274	1014	90	90	5328967
776	281	1014	90	90	5328973
770	288	1014	90	90	5328980
763	296	1010	90	90	5328986
756	303	1010	90	90	5328992
749	310	1010	90	90	5328998
742	318	1010	90	90	5329005
735	325	1014	90	90	5329011
728	332	1014	90	90	5329017
720	340	1014	90	90	5329023
713	347	1014	90	90	5329030
705	354	1010	90	90	5329036
697	362	1010	90	90	5329042
689	369	1010	90	90	5329048
682	376	1010	90	90	5329055
674	384	1010	90	90	5329061
666	391	1010	90	90	5329067
658	398	1010	90	90	5329073
651	405	1010	90	90	5329080
643	412	1014	90	90	5329086
635	419	1014	90	90	5329092
627	426	1014	90	90	5329098
620	433	1014	90	90	5329105
612	439	1014	90	90	5329111
605	446	1023	90	90	5329117
597	452	1023	90	90	5329123
590	458	1023	90	90	5329130
584	464	1023	90	90	5329136
577	469	1023	90	90	5329142
571	475	1023	90	90	5329148
565	480	1023	90	90	5329155
559	486	1023	90	90	5329161
553	491	1023	90	90	5329167
548	495	1023	90	90	5329173
543	500	1023	90	90	5329180
538	504	1023	90	90	5329186
533	509	1023	90	90	5329192
529	513	1023	90	90	5329198
525	516	1023	90	90	5329205
522	520	1023	90	90	5329211
518	523	1023	90	90	5329217
515	527	1023	90	90	5329223
512	529	1023	90	90	5329230
510	532	1023	90	90	5329236
507	535	1023	90	90	5329242
505	537	1023	90	90	5329248
503	539	1023	90	90	5329255
501	541	1023	90	90	5329261
500	543	1023	90	90	5329267
499	544	1023	90	90	5329273
498	546	1023	90	90	5329280
497	547	1023	90	90	5329292
496	548	1023	90	90	5329311
495	549	995	90	90	5329330
497	548	811	90	90	5329342
499	547	563	90	90	5329348
499	546	386	90	90	5329355
500	545	205	90	90	5329361
500	544	12	90	90	5329373
2
1
482	476	0	90	90	5415942
191
483	562	86	90	90	5416092
483	560	306	90	90	5416098
482	558	451	90	90	5416104
482	555	592	90	90	5416110
482	551	712	90	90	5416117
482	546	728	90	90	5416123
482	540	733	90	90	5416129
482	533	733	90	90	5416135
482	524	737	90	90	5416142
483	514	741	90	90	5416148
483	504	745	90	90	5416154
483	492	753	90	90	5416160
483	480	761	90	90	5416167
483	468	769	90	90	5416173
483	454	781	90	90	5416179
482	441	797	90	90	5416185
481	427	813	90	90	5416192
480	413	829	90	90	5416198
478	398	845	90	90	5416204
477	384	861	90	90	5416210
475	369	878	90	90	5416217
474	353	894	90	90	5416223
472	339	910	90	90	5416229
470	325	922	90	90	5416235
468	311	934	90	90	5416242
466	297	942	90	90	5416248
464	285	954	90	90	5416254
462	272	958	90	90	5416260
460	261	958	90	90	5416267
459	252	962	90	90	5416273
457	242	962	90	90	5416279
456	233	962	90	90	5416285
454	225	962	90	90	5416292
453	217	958	90	90	5416298
453	211	958	90	90	5416304
452	205	958	90	90	5416310
452	201	954	90	90	5416317
452	197	954	90	90	5416323
453	195	950	90	90	5416329
453	193	950	90	90	5416335
455	192	946	90	90	5416342
457	193	946	90	90	5416348
459	194	942	90	90	5416354
463	197	938	90	90	5416360
467	200	938	90	90	5416367
471	205	934	90	90	5416373
476	210	930	90	90	5416379
482	217	930	90	90	5416385
489	224	926	90	90	5416392
496	232	926	90	90	5416398
504	241	922	90	90	5416404
512	250	922	90	90	5416410
521	260	922	90	90	5416417
530	270	922	90	90	5416423
540	281	922	90	90	5416429
550	293	918	90	90	5416435
560	305	918	90	90	5416442
571	317	918	90	90	5416448
583	330	914	90	90	5416454
594	343	914	90	90	5416460
606	357	914	90	90	5416467
618	370	910	90	90	5416473
630	384	914	90	90	5416479
642	397	914	90	90	5416485
653	410	914	90	90	5416492
665	423	914	90	90	5416498
676	436	918	90	90	5416504
687	449	918	90	90	5416510
698	461	922	90	90	5416517
709	472	922	90	90	5416523
720	483	922	90	90	5416529
730	494	922	90	90	5416535
740	504	922	90	90	5416542
749	512	926	90	90	5416548
757	521	926	90	90	5416554
765	528	926	90	90	5416560
772	534	926	90	90	5416567
778	540	930	90	90	5416573
783	544	930	90	90	5416579
788	548	930	90	90	5416585
793	551	934	90	90	5416592
797	553	934	90	90	5416598
800	554	934	90	90	5416604
804	555	934	90	90	5416610
806	555	934	90	90	5416617
809	554	934	90	90	5416623
811	553	934	90	90	5416629
813	551	934	90	90	5416635
814	547	934	90	90	5416642
815	543	934	90	90	5416648
816	538	934	90	90	5416654
817	532	938	90	90	5416660
818	525	938	90	90	5416667
819	517	942	90	90	5416673
820	508	942	90	90	5416679
821	499	946	90	90	5416685
821	489	950	90	90	5416692
822	478	954	90	90	5416698
824	466	958	90	90	5416704
825	453	962	90	90	5416710
826	440	966	90	90	5416717
827	426	970	90	90	5416723
829	413	974	90	90	5416729
830	400	978	90	90	5416735
831	386	978	90	90	5416742
832	373	982	90	90	5416748
833	359	986	90	90	5416754
834	347	986	90	90	5416760
835	333	990	90	90	5416767
836	320	990	90	90	5416773
837	307	994	90	90	5416779
837	293	998	90	90	5416785
838	279	998	90	90	5416792
838	265	998	90	90	5416798
837	252	998	90	90	5416804
836	239	998	90	90	5416810
835	226	998	90	90	5416817
834	214	998	90	90	5416823
832	203	1002	90	90	5416829
830	192	1002	90	90	5416835
828	183	1006	90	90	5416842
825	174	1010	90	90	5416848
823	166	1010	90	90	5416854
821	159	1010	90	90	5416860
818	153	1014	90	90	5416867
816	148	1014	90	90	5416873
814	144	1014	90	90	5416879
812	142	1014	90	90	5416885
809	140	1010	90	90	5416892
807	139	1010	90	90	5416898
804	140	1010	90	90	5416904
801	141	1010	90	90	5416910
797	144	1010	90	90	5416917
794	147	1006	90	90	5416923
790	151	1006	90	90	5416929
786	156	1002	90	90	5416935
781	161	1002	90	90	5416942
777	167	998	90	90	5416948
772	174	994	90	90	5416954
767	181	990	90	90	5416960
761	189	986	90	90	5416967
756	197	986	90	90	5416973
750	206	982	90	90	5416979
744	215	982	90	90	5416985
738	224	982	90	90	5416992
731	233	982	90	90	5416998
724	243	982	90	90	5417004
716	252	982	90	90	5417010
708	262	986	90	90	5417017
700	272	986	90	90	5417023
692	282	990	90	90	5417029
683	293	990	90	90	5417035
675	303	990	90	90	5417042
666	313	990	90	90	5417048
658	323	990	90	90	5417054
649	333	990	90	90	5417060
640	343	990	90	90	5417067
631	353	990	90	90	5417073
623	362	990	90	90	5417079
614	372	990	90	90	5417085
605	381	986	90	90	5417092
597	390	990	90	90	5417098
588	399	990	90	90	5417104
580	408	990	90	90	5417110
572	417	990	90	90	5417117
565	425	990	90	90	5417123
557	434	990	90	90	5417129
550	442	990	90	90	5417135
543	451	994	90	90	5417142
537	458	994	90	90	5417148
530	466	994	90	90	5417154
524	474	998	90	90	5417160
519	481	998	90	90	5417167
513	488	1002	90	90	5417173
508	495	1002	90	90	5417179
503	501	1006	90	90	5417185
499	508	1006	90	90	5417192
494	513	1010	90	90	5417198
490	519	1010	90	90	5417204
487	524	1014	90	90	5417210
484	529	1014	90	90	5417217
481	534	1023	90	90	5417223
480	538	1014	90	90	5417229
478	541	1006	90	90	5417235
477	544	994	90	90	5417242
477	547	970	90	90	5417248
476	549	926	90	90	5417254
476	551	793	90	90	5417260
477	553	632	90	90	5417267
477	554	463	90	90	5417273
477	555	131	90	90	5417292
2
1
463	514	0	90	90	5522726
244
424	587	28	90	90	5522932
424	583	153	90	90	5522938
424	580	277	90	90	5522944
424	576	390	90	90	5522951
424	571	515	90	90	5522957
424	567	539	90	90	5522963
425	561	555	90	90	5522969
425	554	583	90	90	5522976
425	547	600	90	90	5522982
426	539	616	90	90	5522988
426	531	636	90	90	5522994
426	522	656	90	90	5523001
427	513	676	90	90	5523007
427	504	704	90	90	5523013
427	495	733	90	90	5523019
426	485	753	90	90	5523026
426	475	777	90	90	5523032
426	465	797	90	90	5523038
425	455	813	90	90	5523044
424	444	829	90	90	5523051
423	432	841	90	90	5523057
422	421	853	90	90	5523063
421	409	865	90	90	5523069
420	397	878	90	90	5523076
419	385	886	90	90	5523082
418	373	894	90	90	5523088
417	361	902	90	90	5523094
416	349	910	90	90	5523101
415	338	918	90	90	5523107
414	327	926	90	90	5523113
413	316	930	90	90	5523119
412	305	938	90	90	5523126
411	295	942	90	90	5523132
410	285	946	90	90	5523138
409	276	950	90	90	5523144
409	267	950	90	90	5523151
408	260	950	90	90	5523157
408	253	950	90	90	5523163
408	247	946	90	90	5523169
408	241	946	90	90	5523176
409	237	942	90	90	5523182
409	233	942	90	90	5523188
410	230	938	90	90	5523194
412	228	934	90	90	5523201
413	226	934	90	90	5523207
414	225	930	90	90	5523213
415	224	930	90	90	5523219
417	225	930	90	90	5523226
419	225	926	90	90	5523232
421	227	926	90	90	5523238
423	229	930	90	90	5523244
426	232	930	90	90	5523251
429	235	934	90	90	5523257
433	240	934	90	90	5523263
437	245	934	90	90	5523269
442	250	934	90	90	5523276
447	255	938	90	90	5523282
452	261	938	90	90	5523288
457	268	934	90	90	5523294
463	274	934	90	90	5523301
469	281	930	90	90	5523307
476	289	926	90	90	5523313
483	297	926	90	90	5523319
490	306	926	90	90	5523326
498	315	922	90	90	5523332
507	325	918	90	90	5523338
516	335	918	90	90	5523344
525	345	918	90	90	5523351
533	355	918	90	90	5523357
542	365	918	90	90	5523363
552	375	918	90	90	5523369
561	385	914	90	90	5523376
570	395	918	90	90	5523382
580	406	918	90	90	5523388
591	416	918	90	90	5523394
602	427	918	90	90	5523401
613	438	922	90	90	5523407
625	449	922	90	90	5523413
637	460	926	90	90	5523419
648	471	926	90	90	5523426
659	481	926	90	90	5523432
669	491	930	90	90	5523438
679	501	930	90	90	5523444
688	510	934	90	90	5523451
697	520	934	90	90	5523457
706	528	934	90	90	5523463
714	537	934	90	90	5523469
723	546	934	90	90	5523476
731	554	938	90	90	5523482
740	562	938	90	90	5523488
748	569	942	90	90	5523494
755	577	942	90	90	5523501
762	584	946	90	90	5523507
769	590	950	90	90	5523513
775	595	954	90	90	5523519
781	600	954	90	90	5523526
786	604	958	90	90	5523532
791	608	958	90	90	5523538
795	611	958	90	90	5523544
799	613	958	90	90	5523551
802	615	958	90	90	5523557
805	616	958	90	90	5523563
808	616	958	90	90	5523569
810	616	958	90	90	5523576
812	615	958	90	90	5523582
814	614	962	90	90	5523588
815	611	962	90	90	5523594
817	608	962	90	90	5523601
818	605	962	90	90	5523607
819	600	962	90	90	5523613
820	595	962	90	90	5523619
821	589	962	90	90	5523626
822	583	962	90	90	5523632
822	576	962	90	90	5523638
823	569	962	90	90	5523644
824	561	962	90	90	5523651
825	553	962	90	90	5523657
826	544	962	90	90	5523663
828	535	966	90	90	5523669
829	525	966	90	90	5523676
831	515	970	90	90	5523682
832	504	970	90	90	5523688
834	493	974	90	90	5523694
835	482	974	90	90	5523701
836	470	974	90	90	5523707
838	459	978	90	90	5523713
839	447	978	90	90	5523719
840	435	982	90	90	5523726
842	423	986	90	90	5523732
843	411	990	90	90	5523738
844	399	994	90	90	5523744
846	387	998	90	90	5523751
847	375	1002	90	90	5523757
848	363	1002	90	90	5523763
849	352	1006	90	90	5523769
850	340	1006	90	90	5523776
851	328	1006	90	90	5523782
851	317	1006	90	90	5523788
852	306	1006	90	90	5523794
852	295	1006	90	90	5523801
853	285	1002	90	90	5523807
853	275	1002	90	90	5523813
853	265	1002	90	90	5523819
853	256	998	90	90	5523826
853	248	994	90	90	5523832
852	240	990	90	90	5523838
852	233	990	90	90	5523844
851	227	986	90	90	5523851
850	221	986	90	90	5523857
850	216	986	90	90	5523863
849	211	986	90	90	5523869
847	207	986	90	90	5523876
846	204	986	90	90	5523882
845	201	986	90	90	5523888
844	199	986	90	90	5523894
842	197	982	90	90	5523901
841	196	982	90	90	5523907
839	195	978	90	90	5523913
837	195	978	90	90	5523919
834	196	974	90	90	5523926
831	197	974	90	90	5523932
828	199	974	90	90	5523938
824	201	974	90	90	5523944
820	203	974	90	90	5523951
815	206	974	90	90	5523957
810	209	970	90	90	5523963
805	212	970	90	90	5523969
800	216	970	90	90	5523976
794	220	966	90	90	5523982
788	225	970	90	90	5523988
782	229	970	90	90	5523994
775	234	970	90	90	5524001
768	240	974	90	90	5524007
761	245	978	90	90	5524013
754	251	982	90	90	5524019
746	257	982	90	90	5524026
738	263	986	90	90	5524032
730	269	986	90	90	5524038
722	275	990	90	90	5524044
714	281	990	90	90	5524051
706	288	990	90	90	5524057
697	294	990	90	90	5524063
689	301	990	90	90	5524069
681	308	990	90	90	5524076
672	315	990	90	90	5524082
664	322	990	90	90	5524088
655	329	990	90	90	5524094
647	336	990	90	90	5524101
638	343	990	90	90	5524107
630	349	990	90	90	5524113
622	356	990	90	90	5524119
614	363	990	90	90	5524126
606	370	990	90	90	5524132
598	377	990	90	90	5524138
591	384	990	90	90	5524144
584	390	990	90	90	5524151
577	397	990	90	90	5524157
570	404	990	90	90	5524163
563	411	990	90	90	5524169
557	417	990	90	90	5524176
550	424	990	90	90	5524182
544	431	994	90	90	5524188
539	437	994	90	90	5524194
533	444	994	90	90	5524201
527	450	994	90	90	5524207
522	456	998	90	90	5524213
517	462	998	90	90	5524219
512	468	998	90	90	5524226
507	474	998	90	90	5524232
502	479	1002	90	90	5524238
497	485	1002	90	90	5524244
493	490	1006	90	90	5524251
488	495	1006	90	90	5524257
484	500	1006	90	90	5524263
481	505	1010	90	90	5524269
477	510	1010	90	90	5524276
473	515	1014	90	90	5524282
470	519	1014	90	90	5524288
466	524	1014	90	90	5524294
463	528	1023	90	90	5524301
460	532	1023	90	90	5524307
457	536	1023	90	90	5524313
455	540	1023	90	90	5524319
452	544	1023	90	90	5524326
450	547	1023	90	90	5524332
448	551	1023	90	90	5524338
446	554	1023	90	90	5524344
444	557	1023	90	90	5524351
442	560	1023	90	90	5524357
441	563	1023	90	90	5524363
439	565	1023	90	90	5524369
438	568	1023	90	90	5524376
437	570	1023	90	90	5524382
436	572	1023	90	90	5524388
435	574	1023	90	90	5524394
435	575	1023	90	90	5524401
434	577	1023	90	90	5524407
433	578	1023	90	90	5524413
433	579	1023	90	90	5524426
432	580	984	90	90	5524444
431	581	825	90	90	5524457
430	581	497	90	90	5524469
428	580	229	90	90	5524476
427	580	24	90	90	5524488
3
1
494	475	0	90	90	5619204
197
453	528	88	90	90	5619391
452	528	217	90	90	5619397
452	527	350	90	90	5619404
451	525	471	90	90	5619410
451	522	592	90	90	5619416
451	519	604	90	90	5619422
451	514	608	90	90	5619429
451	508	620	90	90	5619435
451	501	636	90	90	5619441
451	493	652	90	90	5619447
451	484	672	90	90	5619454
451	475	692	90	90	5619460
450	465	720	90	90	5619466
449	454	745	90	90	5619472
449	443	773	90	90	5619479
448	432	797	90	90	5619485
446	420	821	90	90	5619491
445	408	841	90	90	5619497
444	396	861	90	90	5619504
442	383	882	90	90	5619510
440	371	898	90	90	5619516
438	358	910	90	90	5619522
436	346	926	90	90	5619529
434	334	934	90	90	5619535
431	322	946	90	90	5619541
429	311	954	90	90	5619547
427	300	962	90	90	5619554
425	290	966	90	90	5619560
424	281	974	90	90	5619566
423	273	978	90	90	5619572
422	265	982	90	90	5619579
421	258	986	90	90	5619585
420	252	986	90	90	5619591
420	247	986	90	90	5619597
420	243	982	90	90	5619604
420	240	982	90	90	5619610
420	237	978	90	90	5619616
421	235	974	90	90	5619622
422	235	974	90	90	5619629
423	234	970	90	90	5619635
426	235	970	90	90	5619641
428	237	970	90	90	5619647
432	239	974	90	90	5619654
436	242	974	90	90	5619660
441	246	974	90	90	5619666
447	251	974	90	90	5619672
453	257	974	90	90	5619679
460	263	974	90	90	5619685
468	270	970	90	90	5619691
476	278	966	90	90	5619697
485	286	966	90	90	5619704
494	294	962	90	90	5619710
504	303	958	90	90	5619716
514	313	958	90	90	5619722
525	323	954	90	90	5619729
535	333	954	90	90	5619735
546	343	954	90	90	5619741
557	354	954	90	90	5619747
569	364	954	90	90	5619754
580	375	954	90	90	5619760
591	386	954	90	90	5619766
603	397	954	90	90	5619772
614	408	954	90	90	5619779
626	419	954	90	90	5619785
638	430	958	90	90	5619791
649	440	958	90	90	5619797
660	451	958	90	90	5619804
671	461	962	90	90	5619810
682	471	962	90	90	5619816
693	480	962	90	90	5619822
702	489	962	90	90	5619829
712	498	962	90	90	5619835
721	506	962	90	90	5619841
730	514	962	90	90	5619847
738	521	962	90	90	5619854
746	528	962	90	90	5619860
754	535	962	90	90	5619866
762	541	962	90	90	5619872
769	546	966	90	90	5619879
776	551	966	90	90	5619885
782	556	966	90	90	5619891
789	560	970	90	90	5619897
794	564	970	90	90	5619904
799	566	970	90	90	5619910
804	569	974	90	90	5619916
808	571	974	90	90	5619922
812	572	974	90	90	5619929
816	573	974	90	90	5619935
819	573	974	90	90	5619941
823	572	974	90	90	5619947
826	570	974	90	90	5619954
828	568	974	90	90	5619960
831	565	974	90	90	5619966
833	561	974	90	90	5619972
835	556	974	90	90	5619979
836	551	974	90	90	5619985
838	544	970	90	90	5619991
839	537	970	90	90	5619997
840	529	970	90	90	5620004
841	521	970	90	90	5620010
842	511	974	90	90	5620016
842	501	974	90	90	5620022
843	491	974	90	90	5620029
844	480	978	90	90	5620035
845	469	978	90	90	5620041
846	458	978	90	90	5620047
847	446	982	90	90	5620054
849	434	986	90	90	5620060
850	421	986	90	90	5620066
852	409	990	90	90	5620072
854	396	994	90	90	5620079
856	383	998	90	90	5620085
857	370	1002	90	90	5620091
859	357	1002	90	90	5620097
860	344	1006	90	90	5620104
861	332	1006	90	90	5620110
862	319	1010	90	90	5620116
863	306	1010	90	90	5620122
863	294	1010	90	90	5620129
864	282	1014	90	90	5620135
864	271	1014	90	90	5620141
864	260	1010	90	90	5620147
864	249	1010	90	90	5620154
863	240	1006	90	90	5620160
863	231	1006	90	90	5620166
862	224	1006	90	90	5620172
861	217	1006	90	90	5620179
859	211	1002	90	90	5620185
858	206	1002	90	90	5620191
856	202	1006	90	90	5620197
854	199	1006	90	90	5620204
851	197	1006	90	90	5620210
849	195	1006	90	90	5620216
846	195	1006	90	90	5620222
843	195	1002	90	90	5620229
839	196	1002	90	90	5620235
835	198	1002	90	90	5620241
831	200	998	90	90	5620247
825	203	998	90	90	5620254
819	207	994	90	90	5620260
813	212	994	90	90	5620266
806	217	994	90	90	5620272
799	222	994	90	90	5620279
791	228	994	90	90	5620285
784	234	994	90	90	5620291
776	241	998	90	90	5620297
767	248	998	90	90	5620304
759	256	1002	90	90	5620310
750	263	1006	90	90	5620316
741	271	1006	90	90	5620322
732	279	1006	90	90	5620329
723	288	1006	90	90	5620335
713	296	1006	90	90	5620341
703	305	1006	90	90	5620347
694	314	1006	90	90	5620354
683	322	1006	90	90	5620360
673	331	1006	90	90	5620366
663	340	1006	90	90	5620372
653	349	1006	90	90	5620379
643	357	1006	90	90	5620385
633	366	1006	90	90	5620391
623	374	1002	90	90	5620397
613	382	1002	90	90	5620404
603	390	1002	90	90	5620410
594	397	1002	90	90	5620416
585	405	1002	90	90	5620422
575	412	1002	90	90	5620429
566	419	1002	90	90	5620435
557	426	1002	90	90	5620441
549	433	1006	90	90	5620447
540	440	1006	90	90	5620454
531	446	1006	90	90	5620460
523	453	1006	90	90	5620466
514	459	1006	90	90	5620472
506	465	1010	90	90	5620479
498	471	1010	90	90	5620485
491	476	1010	90	90	5620491
483	482	1010	90	90	5620497
477	487	1014	90	90	5620504
470	492	1014	90	90	5620510
465	496	1023	90	90	5620516
459	501	1023	90	90	5620522
455	505	1023	90	90	5620529
450	509	1023	90	90	5620535
446	512	1023	90	90	5620541
443	515	1023	90	90	5620547
440	519	1023	90	90	5620554
437	521	1023	90	90	5620560
435	524	1023	90	90	5620566
433	526	1014	90	90	5620572
432	527	1006	90	90	5620579
431	529	964	90	90	5620597
432	530	809	90	90	5620604
433	530	648	90	90	5620610
434	529	475	90	90	5620616
435	529	298	90	90	5620622
436	528	56	90	90	5620635
4
264	388	40	90	90	5620979
263	391	302	90	90	5621010
264	391	177	90	90	5621016
265	391	8	90	90	5621029
