5
1
317	430	0	90	90	12730533
253
521	415	136	90	90	12731488
518	413	285	90	90	12731494
517	412	439	90	90	12731501
515	411	583	90	90	12731507
512	411	708	90	90	12731513
510	410	745	90	90	12731519
507	410	769	90	90	12731526
505	409	785	90	90	12731532
502	409	793	90	90	12731538
500	408	801	90	90	12731544
497	408	805	90	90	12731551
494	407	813	90	90	12731557
490	407	821	90	90	12731563
487	407	829	90	90	12731569
484	407	837	90	90	12731576
480	408	849	90	90	12731582
477	408	861	90	90	12731588
473	409	869	90	90	12731594
469	410	882	90	90	12731601
466	411	890	90	90	12731607
463	413	898	90	90	12731613
460	414	906	90	90	12731619
457	416	906	90	90	12731626
454	418	910	90	90	12731632
451	421	910	90	90	12731638
449	423	910	90	90	12731644
447	426	910	90	90	12731651
445	429	914	90	90	12731657
443	433	914	90	90	12731663
441	436	910	90	90	12731669
439	440	914	90	90	12731676
438	444	914	90	90	12731682
436	447	914	90	90	12731688
435	451	914	90	90	12731694
433	454	914	90	90	12731701
432	458	914	90	90	12731707
431	461	914	90	90	12731713
430	464	918	90	90	12731719
430	467	918	90	90	12731726
430	470	918	90	90	12731732
430	473	918	90	90	12731738
430	476	918	90	90	12731744
431	479	918	90	90	12731751
431	481	918	90	90	12731757
432	484	918	90	90	12731763
433	486	918	90	90	12731769
434	488	918	90	90	12731776
435	491	918	90	90	12731782
437	493	918	90	90	12731788
438	495	918	90	90	12731794
440	497	918	90	90	12731801
442	498	918	90	90	12731807
443	500	918	90	90	12731813
445	501	918	90	90	12731819
448	502	918	90	90	12731826
450	503	918	90	90	12731832
452	504	918	90	90	12731838
455	505	918	90	90	12731844
458	506	918	90	90	12731851
461	507	918	90	90	12731857
464	508	918	90	90	12731863
467	509	918	90	90	12731869
470	509	918	90	90	12731876
473	510	918	90	90	12731882
477	510	918	90	90	12731888
480	511	918	90	90	12731894
484	511	918	90	90	12731901
488	511	918	90	90	12731907
492	511	918	90	90	12731913
496	512	918	90	90	12731919
501	512	922	90	90	12731926
505	512	922	90	90	12731932
510	513	922	90	90	12731938
514	513	922	90	90	12731944
519	513	926	90	90	12731951
524	514	926	90	90	12731957
529	514	926	90	90	12731963
534	514	926	90	90	12731969
539	514	930	90	90	12731976
545	515	930	90	90	12731982
550	515	930	90	90	12731988
556	515	930	90	90	12731994
562	515	930	90	90	12732001
567	515	934	90	90	12732007
573	515	934	90	90	12732013
580	515	934	90	90	12732019
586	515	938	90	90	12732026
592	516	938	90	90	12732032
598	516	938	90	90	12732038
605	516	942	90	90	12732044
611	516	942	90	90	12732051
618	516	942	90	90	12732057
625	516	946	90	90	12732063
631	516	946	90	90	12732069
638	517	950	90	90	12732076
645	517	954	90	90	12732082
652	517	954	90	90	12732088
659	517	958	90	90	12732094
666	517	958	90	90	12732101
673	517	962	90	90	12732107
680	517	962	90	90	12732113
687	517	962	90	90	12732119
694	517	962	90	90	12732126
701	517	966	90	90	12732132
708	517	966	90	90	12732138
715	517	966	90	90	12732144
721	517	966	90	90	12732151
728	517	966	90	90	12732157
735	517	970	90	90	12732163
741	517	970	90	90	12732169
747	517	970	90	90	12732176
754	517	970	90	90	12732182
760	517	970	90	90	12732188
765	517	974	90	90	12732194
771	516	974	90	90	12732201
776	516	974	90	90	12732207
781	515	974	90	90	12732213
786	514	974	90	90	12732219
790	513	974	90	90	12732226
794	512	974	90	90	12732232
798	511	974	90	90	12732238
801	510	974	90	90	12732244
804	509	978	90	90	12732251
807	508	978	90	90	12732257
810	507	978	90	90	12732263
813	506	978	90	90	12732269
815	505	982	90	90	12732276
817	504	982	90	90	12732282
819	503	982	90	90	12732288
821	502	982	90	90	12732294
823	502	986	90	90	12732301
825	501	986	90	90	12732307
826	500	986	90	90	12732313
828	499	986	90	90	12732319
830	497	986	90	90	12732326
831	496	986	90	90	12732332
833	494	986	90	90	12732338
834	493	986	90	90	12732344
836	491	986	90	90	12732351
837	489	986	90	90	12732357
838	487	986	90	90	12732363
839	485	986	90	90	12732369
839	483	986	90	90	12732376
840	481	990	90	90	12732382
841	479	990	90	90	12732388
841	476	990	90	90	12732394
841	474	994	90	90	12732401
842	471	998	90	90	12732407
842	468	998	90	90	12732413
842	466	1002	90	90	12732419
842	463	1002	90	90	12732426
842	460	1002	90	90	12732432
842	457	1006	90	90	12732438
843	454	1006	90	90	12732444
843	451	1010	90	90	12732451
842	448	1010	90	90	12732457
842	445	1010	90	90	12732463
842	443	1014	90	90	12732469
841	440	1014	90	90	12732476
841	437	1014	90	90	12732482
840	435	1014	90	90	12732488
839	432	1014	90	90	12732494
838	430	1023	90	90	12732501
837	427	1023	90	90	12732507
836	425	1023	90	90	12732513
835	422	1023	90	90	12732519
833	420	1023	90	90	12732526
831	418	1023	90	90	12732532
829	416	1023	90	90	12732538
827	414	1023	90	90	12732544
825	412	1023	90	90	12732551
823	411	1023	90	90	12732557
821	409	1023	90	90	12732563
819	408	1023	90	90	12732569
817	407	1023	90	90	12732576
815	406	1023	90	90	12732582
813	405	1023	90	90	12732588
811	405	1023	90	90	12732594
808	404	1023	90	90	12732601
806	404	1023	90	90	12732607
803	403	1023	90	90	12732613
800	403	1023	90	90	12732619
797	403	1023	90	90	12732626
794	403	1023	90	90	12732632
790	404	1023	90	90	12732638
787	404	1023	90	90	12732644
783	404	1023	90	90	12732651
780	404	1023	90	90	12732657
776	404	1023	90	90	12732663
772	404	1023	90	90	12732669
768	404	1023	90	90	12732676
764	404	1023	90	90	12732682
759	404	1023	90	90	12732688
755	404	1023	90	90	12732694
751	404	1023	90	90	12732701
746	404	1023	90	90	12732707
741	404	1023	90	90	12732713
736	405	1023	90	90	12732719
731	405	1023	90	90	12732726
727	405	1023	90	90	12732732
722	405	1023	90	90	12732738
717	405	1023	90	90	12732744
712	406	1023	90	90	12732751
707	406	1023	90	90	12732757
702	406	1023	90	90	12732763
697	406	1023	90	90	12732769
692	406	1023	90	90	12732776
687	406	1023	90	90	12732782
681	406	1023	90	90	12732788
676	406	1023	90	90	12732794
671	406	1023	90	90	12732801
665	406	1023	90	90	12732807
660	406	1023	90	90	12732813
655	406	1023	90	90	12732819
649	406	1023	90	90	12732826
644	406	1023	90	90	12732832
639	406	1023	90	90	12732838
634	406	1023	90	90	12732844
629	405	1023	90	90	12732851
624	405	1023	90	90	12732857
619	405	1023	90	90	12732863
614	405	1023	90	90	12732869
609	405	1023	90	90	12732876
604	405	1023	90	90	12732882
599	405	1023	90	90	12732888
595	405	1023	90	90	12732894
590	405	1023	90	90	12732901
585	405	1023	90	90	12732907
581	405	1023	90	90	12732913
576	405	1023	90	90	12732919
571	405	1023	90	90	12732926
567	405	1023	90	90	12732932
562	405	1023	90	90	12732938
558	405	1023	90	90	12732944
553	404	1023	90	90	12732951
549	404	1023	90	90	12732957
544	403	1023	90	90	12732963
540	403	1023	90	90	12732969
536	402	1023	90	90	12732976
532	402	1023	90	90	12732982
527	401	1023	90	90	12732988
523	401	1023	90	90	12732994
519	401	1023	90	90	12733001
515	401	1023	90	90	12733007
512	401	1023	90	90	12733013
509	401	1023	90	90	12733019
506	401	1023	90	90	12733026
503	401	990	90	90	12733032
501	402	886	90	90	12733038
499	403	724	90	90	12733044
498	404	555	90	90	12733051
497	406	370	90	90	12733057
496	408	84	90	90	12733069
50
493	452	12	90	90	12733244
489	457	193	90	90	12733251
488	460	378	90	90	12733257
486	463	547	90	90	12733263
485	465	700	90	90	12733269
484	468	841	90	90	12733276
483	471	886	90	90	12733282
484	473	890	90	90	12733288
485	475	886	90	90	12733294
486	477	882	90	90	12733301
488	479	878	90	90	12733307
490	481	878	90	90	12733313
493	482	878	90	90	12733319
496	482	882	90	90	12733326
499	483	890	90	90	12733332
502	482	902	90	90	12733338
505	482	914	90	90	12733344
509	481	926	90	90	12733351
513	479	938	90	90	12733357
517	478	950	90	90	12733363
520	476	958	90	90	12733369
524	474	962	90	90	12733376
527	471	966	90	90	12733382
530	468	970	90	90	12733388
532	465	974	90	90	12733394
534	462	974	90	90	12733401
534	458	978	90	90	12733407
534	455	978	90	90	12733413
534	450	978	90	90	12733419
532	446	978	90	90	12733426
530	442	982	90	90	12733432
527	438	982	90	90	12733438
524	435	982	90	90	12733444
519	431	982	90	90	12733451
514	429	982	90	90	12733457
509	428	982	90	90	12733463
504	427	982	90	90	12733469
498	428	986	90	90	12733476
493	429	990	90	90	12733482
488	432	994	90	90	12733488
484	436	998	90	90	12733494
480	440	1002	90	90	12733501
477	445	1006	90	90	12733507
476	450	998	90	90	12733513
475	456	978	90	90	12733519
476	460	861	90	90	12733526
477	465	704	90	90	12733532
479	469	543	90	90	12733538
482	472	362	90	90	12733544
485	475	82	90	90	12733557
49
733	462	76	90	90	12734441
730	466	273	90	90	12734447
729	468	451	90	90	12734453
729	470	624	90	90	12734460
729	472	785	90	90	12734466
730	474	938	90	90	12734472
731	476	958	90	90	12734478
734	477	962	90	90	12734485
737	478	962	90	90	12734491
741	479	962	90	90	12734497
745	479	962	90	90	12734503
749	479	966	90	90	12734510
753	479	970	90	90	12734516
757	478	974	90	90	12734522
761	477	982	90	90	12734528
765	475	990	90	90	12734535
769	473	998	90	90	12734541
772	470	1006	90	90	12734547
776	467	1014	90	90	12734553
779	464	1023	90	90	12734560
782	461	1023	90	90	12734566
784	457	1023	90	90	12734572
786	453	1023	90	90	12734578
787	450	1023	90	90	12734585
787	446	1023	90	90	12734591
786	442	1023	90	90	12734597
784	439	1023	90	90	12734603
781	435	1023	90	90	12734610
777	432	1023	90	90	12734616
773	430	1023	90	90	12734622
768	429	1023	90	90	12734628
762	428	1023	90	90	12734635
756	428	1023	90	90	12734641
751	429	1023	90	90	12734647
745	431	1023	90	90	12734653
740	434	1023	90	90	12734660
736	437	1023	90	90	12734666
733	441	1023	90	90	12734672
730	446	1023	90	90	12734678
728	451	1023	90	90	12734685
727	456	1023	90	90	12734691
727	461	1023	90	90	12734697
727	466	1023	90	90	12734703
728	470	982	90	90	12734710
729	474	841	90	90	12734716
731	478	676	90	90	12734722
732	481	503	90	90	12734728
734	484	310	90	90	12734735
735	486	60	90	90	12734747
1
294	390	285	90	90	12735358
4
1
317	414	0	90	90	12820221
266
498	402	72	90	90	12822283
498	403	352	90	90	12822302
497	404	642	90	90	12822315
496	405	696	90	90	12822327
494	405	720	90	90	12822333
493	405	733	90	90	12822340
492	406	741	90	90	12822346
491	406	753	90	90	12822352
490	406	769	90	90	12822358
488	406	781	90	90	12822365
486	407	801	90	90	12822371
484	407	817	90	90	12822377
482	407	829	90	90	12822383
480	408	845	90	90	12822390
478	409	857	90	90	12822396
476	409	865	90	90	12822402
475	410	873	90	90	12822408
473	411	882	90	90	12822415
472	413	886	90	90	12822421
470	414	890	90	90	12822427
469	416	894	90	90	12822433
468	417	894	90	90	12822440
467	419	894	90	90	12822446
466	421	894	90	90	12822452
465	423	894	90	90	12822458
464	426	898	90	90	12822465
463	428	898	90	90	12822471
462	431	898	90	90	12822477
462	434	898	90	90	12822483
461	437	902	90	90	12822490
461	440	902	90	90	12822496
460	443	906	90	90	12822502
460	446	906	90	90	12822508
460	448	910	90	90	12822515
460	450	910	90	90	12822521
460	453	910	90	90	12822527
460	455	910	90	90	12822533
460	457	914	90	90	12822540
460	459	914	90	90	12822546
461	461	914	90	90	12822552
461	463	914	90	90	12822558
462	465	914	90	90	12822565
462	466	914	90	90	12822571
463	468	918	90	90	12822577
463	470	918	90	90	12822583
464	471	918	90	90	12822590
465	473	918	90	90	12822596
466	474	914	90	90	12822602
468	476	914	90	90	12822608
469	478	914	90	90	12822615
470	479	914	90	90	12822621
472	481	914	90	90	12822627
473	482	918	90	90	12822633
475	483	918	90	90	12822640
476	485	918	90	90	12822646
478	486	918	90	90	12822652
480	487	918	90	90	12822658
482	489	918	90	90	12822665
484	490	918	90	90	12822671
485	491	918	90	90	12822677
487	491	918	90	90	12822683
489	492	918	90	90	12822690
491	492	918	90	90	12822696
493	493	918	90	90	12822702
494	493	922	90	90	12822708
496	493	922	90	90	12822715
497	493	922	90	90	12822721
499	493	922	90	90	12822727
500	493	922	90	90	12822733
501	493	922	90	90	12822740
503	493	926	90	90	12822746
504	493	926	90	90	12822752
506	493	926	90	90	12822758
508	493	930	90	90	12822765
510	493	930	90	90	12822771
512	493	930	90	90	12822777
514	493	934	90	90	12822783
517	493	934	90	90	12822790
519	493	934	90	90	12822796
521	493	934	90	90	12822802
524	493	934	90	90	12822808
526	493	938	90	90	12822815
529	493	938	90	90	12822821
532	493	938	90	90	12822827
535	493	942	90	90	12822833
539	493	946	90	90	12822840
542	494	946	90	90	12822846
546	494	950	90	90	12822852
550	494	950	90	90	12822858
554	495	954	90	90	12822865
558	495	954	90	90	12822871
563	496	958	90	90	12822877
567	496	958	90	90	12822883
572	497	958	90	90	12822890
577	497	958	90	90	12822896
583	497	962	90	90	12822902
588	498	962	90	90	12822908
593	498	962	90	90	12822915
599	498	962	90	90	12822921
605	498	962	90	90	12822927
610	499	966	90	90	12822933
616	499	966	90	90	12822940
622	499	966	90	90	12822946
628	499	966	90	90	12822952
635	499	970	90	90	12822958
641	499	970	90	90	12822965
647	499	970	90	90	12822971
653	499	974	90	90	12822977
659	499	974	90	90	12822983
665	500	974	90	90	12822990
671	500	978	90	90	12822996
678	500	978	90	90	12823002
684	500	978	90	90	12823008
690	500	978	90	90	12823015
696	500	982	90	90	12823021
703	500	982	90	90	12823027
709	501	982	90	90	12823033
715	501	986	90	90	12823040
721	501	986	90	90	12823046
727	502	986	90	90	12823052
733	502	986	90	90	12823058
739	502	990	90	90	12823065
745	502	990	90	90	12823071
751	502	990	90	90	12823077
756	502	990	90	90	12823083
762	502	990	90	90	12823090
768	502	990	90	90	12823096
773	502	990	90	90	12823102
778	501	990	90	90	12823108
783	501	990	90	90	12823115
787	501	990	90	90	12823121
792	500	990	90	90	12823127
796	500	990	90	90	12823133
800	499	994	90	90	12823140
804	499	994	90	90	12823146
808	498	994	90	90	12823152
811	498	994	90	90	12823158
815	497	994	90	90	12823165
818	497	998	90	90	12823171
821	496	998	90	90	12823177
824	496	998	90	90	12823183
826	495	998	90	90	12823190
829	495	998	90	90	12823196
831	494	998	90	90	12823202
833	493	998	90	90	12823208
835	493	998	90	90	12823215
837	491	998	90	90	12823221
838	490	998	90	90	12823227
839	489	998	90	90	12823233
841	487	1002	90	90	12823240
842	485	1002	90	90	12823246
843	483	1002	90	90	12823252
844	482	1002	90	90	12823258
845	480	1002	90	90	12823265
846	478	1006	90	90	12823271
847	476	1006	90	90	12823277
848	474	1006	90	90	12823283
849	472	1006	90	90	12823290
850	470	1006	90	90	12823296
850	467	1010	90	90	12823302
851	465	1010	90	90	12823308
852	462	1014	90	90	12823315
852	459	1014	90	90	12823321
853	456	1023	90	90	12823327
853	453	1023	90	90	12823333
853	450	1023	90	90	12823340
853	447	1023	90	90	12823346
853	443	1023	90	90	12823352
853	440	1023	90	90	12823358
853	437	1023	90	90	12823365
852	434	1023	90	90	12823371
852	431	1023	90	90	12823377
851	429	1023	90	90	12823383
851	426	1023	90	90	12823390
850	424	1023	90	90	12823396
849	422	1023	90	90	12823402
848	421	1023	90	90	12823408
846	419	1023	90	90	12823415
845	417	1023	90	90	12823421
843	416	1023	90	90	12823427
841	414	1023	90	90	12823433
839	413	1023	90	90	12823440
837	411	1023	90	90	12823446
834	410	1023	90	90	12823452
831	408	1023	90	90	12823458
828	407	1023	90	90	12823465
825	405	1023	90	90	12823471
822	404	1023	90	90	12823477
819	403	1023	90	90	12823483
816	403	1023	90	90	12823490
812	402	1023	90	90	12823496
809	402	1023	90	90	12823502
805	402	1023	90	90	12823508
802	402	1023	90	90	12823515
798	402	1023	90	90	12823521
794	401	1023	90	90	12823527
790	401	1023	90	90	12823533
786	401	1023	90	90	12823540
782	401	1023	90	90	12823546
777	401	1023	90	90	12823552
773	401	1023	90	90	12823558
769	401	1023	90	90	12823565
765	401	1023	90	90	12823571
760	401	1023	90	90	12823577
756	401	1023	90	90	12823583
751	401	1023	90	90	12823590
747	402	1023	90	90	12823596
742	402	1023	90	90	12823602
738	402	1023	90	90	12823608
733	402	1023	90	90	12823615
728	402	1023	90	90	12823621
724	402	1023	90	90	12823627
719	402	1023	90	90	12823633
714	402	1023	90	90	12823640
708	402	1023	90	90	12823646
703	402	1023	90	90	12823652
698	402	1023	90	90	12823658
693	402	1023	90	90	12823665
688	402	1023	90	90	12823671
682	402	1023	90	90	12823677
677	403	1023	90	90	12823683
671	403	1023	90	90	12823690
666	403	1023	90	90	12823696
660	403	1023	90	90	12823702
654	403	1023	90	90	12823708
649	403	1023	90	90	12823715
643	403	1023	90	90	12823721
637	403	1023	90	90	12823727
632	403	1023	90	90	12823733
626	403	1023	90	90	12823740
620	403	1023	90	90	12823746
615	403	1023	90	90	12823752
609	403	1023	90	90	12823758
604	403	1023	90	90	12823765
599	403	1023	90	90	12823771
594	403	1023	90	90	12823777
589	404	1023	90	90	12823783
584	404	1023	90	90	12823790
579	404	1023	90	90	12823796
574	404	1023	90	90	12823802
569	404	1023	90	90	12823808
564	404	1023	90	90	12823815
560	404	1023	90	90	12823821
555	404	1023	90	90	12823827
551	404	1023	90	90	12823833
546	404	1023	90	90	12823840
542	404	1023	90	90	12823846
538	404	1023	90	90	12823852
534	404	1023	90	90	12823858
530	404	1023	90	90	12823865
526	403	1023	90	90	12823871
522	403	1023	90	90	12823877
518	403	1023	90	90	12823883
514	402	1023	90	90	12823890
511	402	1023	90	90	12823896
507	402	1023	90	90	12823902
504	401	1023	90	90	12823908
500	401	1023	90	90	12823915
498	401	1023	90	90	12823921
495	400	1002	90	90	12823927
493	400	914	90	90	12823933
491	400	769	90	90	12823940
490	401	600	90	90	12823946
489	401	414	90	90	12823952
488	402	225	90	90	12823958
487	404	14	90	90	12823971
51
517	445	32	90	90	12824165
515	448	197	90	90	12824171
514	450	366	90	90	12824177
513	452	519	90	90	12824183
512	455	656	90	90	12824190
512	457	789	90	90	12824196
512	460	801	90	90	12824202
512	462	805	90	90	12824208
513	464	809	90	90	12824215
514	467	813	90	90	12824221
515	469	821	90	90	12824227
517	470	829	90	90	12824233
519	471	837	90	90	12824240
521	472	849	90	90	12824246
523	472	861	90	90	12824252
525	472	873	90	90	12824258
528	472	886	90	90	12824265
532	471	898	90	90	12824271
535	470	906	90	90	12824277
538	469	914	90	90	12824283
542	467	918	90	90	12824290
545	466	922	90	90	12824296
548	463	926	90	90	12824302
550	461	930	90	90	12824308
553	458	934	90	90	12824315
554	455	938	90	90	12824321
555	451	938	90	90	12824327
556	448	938	90	90	12824333
556	444	942	90	90	12824340
555	440	942	90	90	12824346
554	436	942	90	90	12824352
552	433	942	90	90	12824358
549	429	946	90	90	12824365
546	426	946	90	90	12824371
542	424	946	90	90	12824377
539	422	946	90	90	12824383
535	421	950	90	90	12824390
530	421	954	90	90	12824396
526	422	958	90	90	12824402
521	424	962	90	90	12824408
518	426	966	90	90	12824415
514	429	974	90	90	12824421
512	433	978	90	90	12824427
510	437	978	90	90	12824433
509	442	974	90	90	12824440
510	448	958	90	90	12824446
511	453	853	90	90	12824452
513	458	696	90	90	12824458
516	462	535	90	90	12824465
518	466	362	90	90	12824471
521	470	86	90	90	12824483
47
766	454	60	90	90	12825677
765	457	233	90	90	12825683
764	458	398	90	90	12825689
764	459	559	90	90	12825695
765	460	704	90	90	12825702
765	461	845	90	90	12825708
767	462	861	90	90	12825714
769	462	865	90	90	12825720
772	463	869	90	90	12825727
775	463	869	90	90	12825733
778	463	873	90	90	12825739
782	464	878	90	90	12825745
786	464	882	90	90	12825752
789	463	890	90	90	12825758
793	462	898	90	90	12825764
796	461	910	90	90	12825770
799	459	918	90	90	12825777
801	457	930	90	90	12825783
803	455	942	90	90	12825789
804	453	950	90	90	12825795
806	450	958	90	90	12825802
806	448	962	90	90	12825808
806	444	966	90	90	12825814
805	441	970	90	90	12825820
803	438	974	90	90	12825827
801	434	974	90	90	12825833
799	431	974	90	90	12825839
796	428	978	90	90	12825845
792	425	978	90	90	12825852
789	422	978	90	90	12825858
785	420	978	90	90	12825864
781	419	982	90	90	12825870
777	418	982	90	90	12825877
773	419	982	90	90	12825883
769	420	982	90	90	12825889
765	422	982	90	90	12825895
762	426	982	90	90	12825902
759	429	986	90	90	12825908
757	434	986	90	90	12825914
755	438	986	90	90	12825920
754	443	986	90	90	12825927
754	447	978	90	90	12825933
754	451	958	90	90	12825939
754	454	857	90	90	12825945
754	456	700	90	90	12825952
754	458	539	90	90	12825958
754	459	173	90	90	12825977
4
1
606	476	0	90	90	12951478
275
561	391	60	90	90	12951990
560	390	233	90	90	12951996
559	389	398	90	90	12952003
557	389	559	90	90	12952009
556	388	704	90	90	12952015
555	388	849	90	90	12952021
553	387	857	90	90	12952028
551	387	857	90	90	12952034
549	387	857	90	90	12952040
547	386	861	90	90	12952046
545	386	865	90	90	12952053
542	386	869	90	90	12952059
539	386	878	90	90	12952065
536	386	886	90	90	12952071
533	386	898	90	90	12952078
530	387	906	90	90	12952084
526	387	918	90	90	12952090
523	388	930	90	90	12952096
519	389	938	90	90	12952103
516	390	950	90	90	12952109
512	391	954	90	90	12952115
509	392	958	90	90	12952121
505	394	962	90	90	12952128
502	395	966	90	90	12952134
498	397	966	90	90	12952140
495	399	970	90	90	12952146
492	402	970	90	90	12952153
488	404	970	90	90	12952159
485	407	974	90	90	12952165
482	410	978	90	90	12952171
479	413	978	90	90	12952178
477	416	978	90	90	12952184
474	419	982	90	90	12952190
471	423	982	90	90	12952196
469	426	982	90	90	12952203
467	430	986	90	90	12952209
465	434	986	90	90	12952215
463	437	986	90	90	12952221
461	441	990	90	90	12952228
459	444	990	90	90	12952234
457	448	994	90	90	12952240
455	451	994	90	90	12952246
454	454	994	90	90	12952253
453	457	998	90	90	12952259
452	460	998	90	90	12952265
451	463	998	90	90	12952271
450	466	998	90	90	12952278
450	469	1002	90	90	12952284
450	472	1002	90	90	12952290
450	474	1002	90	90	12952296
450	477	1002	90	90	12952303
450	479	1002	90	90	12952309
451	482	1002	90	90	12952315
451	484	1002	90	90	12952321
452	487	1006	90	90	12952328
453	489	1006	90	90	12952334
454	492	1006	90	90	12952340
456	494	1006	90	90	12952346
458	496	1006	90	90	12952353
459	498	1006	90	90	12952359
462	500	1010	90	90	12952365
464	501	1010	90	90	12952371
466	503	1010	90	90	12952378
469	504	1010	90	90	12952384
471	506	1014	90	90	12952390
474	507	1014	90	90	12952396
477	508	1014	90	90	12952403
480	510	1023	90	90	12952409
484	511	1023	90	90	12952415
487	513	1023	90	90	12952421
491	514	1023	90	90	12952428
495	515	1023	90	90	12952434
500	517	1023	90	90	12952440
505	518	1023	90	90	12952446
509	519	1023	90	90	12952453
515	520	1023	90	90	12952459
520	521	1023	90	90	12952465
525	522	1023	90	90	12952471
531	523	1023	90	90	12952478
537	525	1023	90	90	12952484
543	526	1023	90	90	12952490
549	526	1023	90	90	12952496
555	527	1023	90	90	12952503
562	528	1023	90	90	12952509
568	529	1023	90	90	12952515
575	529	1023	90	90	12952521
581	530	1023	90	90	12952528
588	530	1023	90	90	12952534
595	530	1023	90	90	12952540
602	531	1023	90	90	12952546
609	531	1023	90	90	12952553
616	531	1023	90	90	12952559
623	531	1023	90	90	12952565
630	531	1023	90	90	12952571
637	531	1023	90	90	12952578
644	530	1023	90	90	12952584
651	530	1023	90	90	12952590
657	530	1023	90	90	12952596
664	530	1023	90	90	12952603
671	529	1023	90	90	12952609
677	529	1023	90	90	12952615
684	528	1023	90	90	12952621
691	528	1023	90	90	12952628
697	527	1023	90	90	12952634
703	526	1023	90	90	12952640
710	526	1023	90	90	12952646
716	525	1023	90	90	12952653
723	525	1023	90	90	12952659
729	525	1023	90	90	12952665
735	524	1023	90	90	12952671
741	524	1023	90	90	12952678
748	524	1023	90	90	12952684
754	523	1023	90	90	12952690
760	523	1023	90	90	12952696
766	523	1023	90	90	12952703
772	523	1023	90	90	12952709
777	522	1023	90	90	12952715
783	522	1023	90	90	12952721
789	522	1023	90	90	12952728
794	521	1023	90	90	12952734
799	520	1023	90	90	12952740
804	519	1023	90	90	12952746
809	518	1023	90	90	12952753
814	517	1023	90	90	12952759
819	516	1023	90	90	12952765
824	515	1023	90	90	12952771
829	514	1023	90	90	12952778
833	513	1023	90	90	12952784
838	512	1023	90	90	12952790
842	511	1023	90	90	12952796
847	509	1023	90	90	12952803
851	508	1023	90	90	12952809
854	507	1023	90	90	12952815
858	506	1023	90	90	12952821
862	505	1023	90	90	12952828
866	504	1023	90	90	12952834
869	502	1023	90	90	12952840
872	501	1023	90	90	12952846
875	500	1023	90	90	12952853
878	499	1023	90	90	12952859
881	497	1023	90	90	12952865
884	496	1023	90	90	12952871
886	494	1023	90	90	12952878
888	492	1023	90	90	12952884
890	490	1023	90	90	12952890
892	488	1023	90	90	12952896
893	486	1023	90	90	12952903
894	484	1023	90	90	12952909
895	482	1023	90	90	12952915
896	480	1023	90	90	12952921
897	478	1023	90	90	12952928
898	475	1023	90	90	12952934
898	473	1023	90	90	12952940
898	471	1023	90	90	12952946
898	468	1023	90	90	12952953
898	465	1023	90	90	12952959
897	463	1023	90	90	12952965
897	460	1023	90	90	12952971
896	457	1023	90	90	12952978
895	454	1023	90	90	12952984
894	452	1023	90	90	12952990
893	449	1023	90	90	12952996
892	447	1023	90	90	12953003
891	444	1023	90	90	12953009
890	442	1023	90	90	12953015
889	439	1023	90	90	12953021
887	436	1023	90	90	12953028
886	434	1023	90	90	12953034
884	432	1023	90	90	12953040
883	429	1023	90	90	12953046
881	427	1023	90	90	12953053
879	425	1023	90	90	12953059
877	423	1023	90	90	12953065
875	422	1023	90	90	12953071
873	420	1023	90	90	12953078
870	419	1023	90	90	12953084
868	418	1023	90	90	12953090
866	417	1023	90	90	12953096
863	416	1023	90	90	12953103
860	415	1023	90	90	12953109
857	414	1023	90	90	12953115
854	413	1023	90	90	12953121
851	412	1023	90	90	12953128
848	411	1023	90	90	12953134
844	410	1023	90	90	12953140
840	409	1023	90	90	12953146
837	408	1023	90	90	12953153
833	408	1023	90	90	12953159
829	407	1023	90	90	12953165
825	406	1023	90	90	12953171
821	405	1023	90	90	12953178
817	404	1023	90	90	12953184
813	403	1023	90	90	12953190
809	402	1023	90	90	12953196
804	401	1023	90	90	12953203
800	400	1023	90	90	12953209
795	399	1023	90	90	12953215
790	399	1023	90	90	12953221
785	398	1023	90	90	12953228
781	397	1023	90	90	12953234
776	396	1023	90	90	12953240
772	396	1023	90	90	12953246
767	395	1023	90	90	12953253
762	395	1023	90	90	12953259
757	394	1023	90	90	12953265
753	394	1023	90	90	12953271
748	393	1023	90	90	12953278
744	393	1023	90	90	12953284
739	393	1023	90	90	12953290
734	393	1023	90	90	12953296
730	392	1023	90	90	12953303
726	392	1023	90	90	12953309
722	392	1023	90	90	12953315
718	392	1023	90	90	12953321
714	392	1023	90	90	12953328
710	392	1023	90	90	12953334
706	392	1023	90	90	12953340
702	392	1023	90	90	12953346
699	391	1023	90	90	12953353
695	391	1023	90	90	12953359
691	391	1023	90	90	12953365
688	391	1023	90	90	12953371
685	390	1023	90	90	12953378
681	390	1023	90	90	12953384
678	390	1023	90	90	12953390
675	389	1023	90	90	12953396
671	389	1023	90	90	12953403
668	389	1023	90	90	12953409
665	388	1023	90	90	12953415
662	388	1023	90	90	12953421
659	387	1023	90	90	12953428
656	387	1023	90	90	12953434
653	386	1023	90	90	12953440
650	386	1023	90	90	12953446
647	385	1023	90	90	12953453
644	385	1023	90	90	12953459
640	384	1023	90	90	12953465
637	384	1023	90	90	12953471
634	384	1023	90	90	12953478
631	383	1023	90	90	12953484
628	383	1023	90	90	12953490
625	383	1023	90	90	12953496
622	383	1023	90	90	12953503
619	383	1023	90	90	12953509
616	383	1023	90	90	12953515
613	383	1023	90	90	12953521
610	383	1023	90	90	12953528
607	384	1023	90	90	12953534
605	384	1023	90	90	12953540
602	384	1023	90	90	12953546
599	384	1023	90	90	12953553
596	384	1023	90	90	12953559
593	384	1023	90	90	12953565
590	385	1023	90	90	12953571
587	385	1023	90	90	12953578
584	385	1023	90	90	12953584
581	385	1023	90	90	12953590
578	385	1023	90	90	12953596
576	385	1023	90	90	12953603
573	386	1023	90	90	12953609
570	386	1023	90	90	12953615
568	386	1023	90	90	12953621
565	386	1023	90	90	12953628
563	386	1023	90	90	12953634
561	386	1023	90	90	12953640
558	386	1023	90	90	12953646
556	386	1023	90	90	12953653
554	386	1023	90	90	12953659
553	386	1023	90	90	12953665
552	386	1023	90	90	12953671
550	386	1023	90	90	12953678
549	386	1023	90	90	12953684
548	385	905	90	90	12953696
547	385	561	90	90	12953709
546	386	107	90	90	12953728
54
544	455	32	90	90	12953984
539	459	193	90	90	12953990
537	460	350	90	90	12953996
536	462	511	90	90	12954003
535	464	648	90	90	12954009
535	466	789	90	90	12954015
535	469	809	90	90	12954021
536	470	825	90	90	12954028
538	472	837	90	90	12954034
540	473	849	90	90	12954040
543	475	865	90	90	12954046
545	475	878	90	90	12954053
549	476	894	90	90	12954059
553	477	906	90	90	12954065
557	476	918	90	90	12954071
562	476	930	90	90	12954078
566	475	942	90	90	12954084
571	474	950	90	90	12954090
575	473	962	90	90	12954096
580	471	970	90	90	12954103
585	469	974	90	90	12954109
589	466	982	90	90	12954115
593	464	986	90	90	12954121
596	461	986	90	90	12954128
599	457	990	90	90	12954134
601	454	990	90	90	12954140
603	450	994	90	90	12954146
604	445	990	90	90	12954153
604	440	990	90	90	12954159
602	436	990	90	90	12954165
600	431	986	90	90	12954171
596	426	986	90	90	12954178
592	421	982	90	90	12954184
587	417	982	90	90	12954190
581	413	982	90	90	12954196
575	411	982	90	90	12954203
568	409	986	90	90	12954209
561	408	986	90	90	12954215
553	409	990	90	90	12954221
546	411	994	90	90	12954228
539	415	998	90	90	12954234
533	420	1006	90	90	12954240
527	426	1010	90	90	12954246
522	432	1014	90	90	12954253
518	439	1023	90	90	12954259
516	446	1023	90	90	12954265
515	452	1023	90	90	12954271
515	458	1023	90	90	12954278
516	463	994	90	90	12954284
518	468	865	90	90	12954290
522	472	704	90	90	12954296
526	476	535	90	90	12954303
532	479	346	90	90	12954309
538	482	76	90	90	12954321
48
807	456	4	90	90	12955288
805	459	165	90	90	12955294
805	460	326	90	90	12955300
805	462	487	90	90	12955306
805	464	640	90	90	12955313
806	465	785	90	90	12955319
807	467	837	90	90	12955325
808	469	857	90	90	12955331
811	470	878	90	90	12955338
813	471	894	90	90	12955344
816	472	910	90	90	12955350
820	472	926	90	90	12955356
823	472	934	90	90	12955363
827	472	946	90	90	12955369
831	471	954	90	90	12955375
834	469	962	90	90	12955381
838	467	970	90	90	12955388
841	465	978	90	90	12955394
844	463	986	90	90	12955400
846	460	998	90	90	12955406
848	457	1006	90	90	12955413
849	453	1023	90	90	12955419
849	449	1023	90	90	12955425
849	445	1023	90	90	12955431
848	441	1023	90	90	12955438
846	437	1023	90	90	12955444
843	433	1023	90	90	12955450
839	429	1023	90	90	12955456
835	425	1023	90	90	12955463
829	421	1023	90	90	12955469
824	419	1023	90	90	12955475
817	417	1023	90	90	12955481
811	416	1023	90	90	12955488
805	416	1023	90	90	12955494
799	417	1023	90	90	12955500
794	419	1023	90	90	12955506
789	424	1023	90	90	12955513
785	428	1023	90	90	12955519
782	434	1023	90	90	12955525
781	440	1023	90	90	12955531
780	446	1023	90	90	12955538
781	452	1023	90	90	12955544
782	458	994	90	90	12955550
785	462	865	90	90	12955556
788	466	696	90	90	12955563
792	469	531	90	90	12955569
796	472	342	90	90	12955575
800	474	72	90	90	12955588
4
1
319	412	0	90	90	13032502
202
500	401	52	90	90	13033570
496	399	229	90	90	13033576
494	399	402	90	90	13033582
492	398	567	90	90	13033588
490	398	720	90	90	13033595
487	398	865	90	90	13033601
484	398	886	90	90	13033607
481	398	890	90	90	13033613
478	399	894	90	90	13033620
475	399	902	90	90	13033626
471	400	910	90	90	13033632
468	400	918	90	90	13033638
465	401	926	90	90	13033645
461	402	938	90	90	13033651
458	403	946	90	90	13033657
454	405	958	90	90	13033663
451	407	966	90	90	13033670
448	409	974	90	90	13033676
444	412	982	90	90	13033682
441	415	986	90	90	13033688
438	418	990	90	90	13033695
435	421	994	90	90	13033701
433	425	994	90	90	13033707
430	428	998	90	90	13033713
428	432	998	90	90	13033720
426	436	998	90	90	13033726
425	441	998	90	90	13033732
423	445	1002	90	90	13033738
422	450	1002	90	90	13033745
421	455	1006	90	90	13033751
420	459	1006	90	90	13033757
420	464	1006	90	90	13033763
419	468	1006	90	90	13033770
419	473	1006	90	90	13033776
420	477	1010	90	90	13033782
420	481	1010	90	90	13033788
420	485	1010	90	90	13033795
421	489	1010	90	90	13033801
422	493	1010	90	90	13033807
424	496	1010	90	90	13033813
425	499	1010	90	90	13033820
427	501	1010	90	90	13033826
429	503	1010	90	90	13033832
432	505	1010	90	90	13033838
435	507	1010	90	90	13033845
438	508	1010	90	90	13033851
441	509	1010	90	90	13033857
445	510	1014	90	90	13033863
449	510	1014	90	90	13033870
453	511	1014	90	90	13033876
457	511	1014	90	90	13033882
462	511	1014	90	90	13033888
466	511	1014	90	90	13033895
472	510	1014	90	90	13033901
477	510	1014	90	90	13033907
482	510	1014	90	90	13033913
488	510	1014	90	90	13033920
494	509	1014	90	90	13033926
500	509	1014	90	90	13033932
506	509	1023	90	90	13033938
512	509	1023	90	90	13033945
519	508	1023	90	90	13033951
525	508	1023	90	90	13033957
532	508	1023	90	90	13033963
539	508	1023	90	90	13033970
545	507	1023	90	90	13033976
552	507	1023	90	90	13033982
559	507	1023	90	90	13033988
566	506	1023	90	90	13033995
574	506	1023	90	90	13034001
581	506	1023	90	90	13034007
588	505	1023	90	90	13034013
596	505	1023	90	90	13034020
603	505	1023	90	90	13034026
611	505	1023	90	90	13034032
619	505	1023	90	90	13034038
627	505	1023	90	90	13034045
635	504	1023	90	90	13034051
643	504	1023	90	90	13034057
652	504	1023	90	90	13034063
660	504	1023	90	90	13034070
668	504	1023	90	90	13034076
677	503	1023	90	90	13034082
686	503	1023	90	90	13034088
694	503	1023	90	90	13034095
703	503	1023	90	90	13034101
712	503	1023	90	90	13034107
721	503	1023	90	90	13034113
730	503	1023	90	90	13034120
738	503	1023	90	90	13034126
746	502	1023	90	90	13034132
755	502	1023	90	90	13034138
762	502	1023	90	90	13034145
769	501	1023	90	90	13034151
776	501	1023	90	90	13034157
782	500	1023	90	90	13034163
787	500	1023	90	90	13034170
792	499	1023	90	90	13034176
797	498	1023	90	90	13034182
801	498	1023	90	90	13034188
804	496	1023	90	90	13034195
807	495	1023	90	90	13034201
810	494	1023	90	90	13034207
812	492	1023	90	90	13034213
813	490	1023	90	90	13034220
814	488	1023	90	90	13034226
815	485	1023	90	90	13034232
816	483	1023	90	90	13034238
816	480	1023	90	90	13034245
817	477	1023	90	90	13034251
817	474	1023	90	90	13034257
818	470	1023	90	90	13034263
818	466	1023	90	90	13034270
818	462	1023	90	90	13034276
818	457	1023	90	90	13034282
819	452	1023	90	90	13034288
819	447	1023	90	90	13034295
819	442	1023	90	90	13034301
820	437	1023	90	90	13034307
820	432	1023	90	90	13034313
820	427	1023	90	90	13034320
821	423	1023	90	90	13034326
821	419	1023	90	90	13034332
821	415	1023	90	90	13034338
821	411	1023	90	90	13034345
821	409	1023	90	90	13034351
820	406	1023	90	90	13034357
820	404	1023	90	90	13034363
819	402	1023	90	90	13034370
819	401	1023	90	90	13034382
817	400	1023	90	90	13034395
815	400	1023	90	90	13034401
814	400	1023	90	90	13034407
813	400	1023	90	90	13034413
811	401	1023	90	90	13034420
809	401	1023	90	90	13034426
807	401	1023	90	90	13034432
804	401	1023	90	90	13034438
802	401	1023	90	90	13034445
799	401	1023	90	90	13034451
795	400	1023	90	90	13034457
792	400	1023	90	90	13034463
788	399	1023	90	90	13034470
785	398	1023	90	90	13034476
781	397	1023	90	90	13034482
777	397	1023	90	90	13034488
773	396	1023	90	90	13034495
768	395	1023	90	90	13034501
764	394	1023	90	90	13034507
759	393	1023	90	90	13034513
754	393	1023	90	90	13034520
750	392	1023	90	90	13034526
745	391	1023	90	90	13034532
740	391	1023	90	90	13034538
734	390	1023	90	90	13034545
729	390	1023	90	90	13034551
723	390	1023	90	90	13034557
718	390	1023	90	90	13034563
712	390	1023	90	90	13034570
706	390	1023	90	90	13034576
700	389	1023	90	90	13034582
694	389	1023	90	90	13034588
688	389	1023	90	90	13034595
681	389	1023	90	90	13034601
675	389	1023	90	90	13034607
668	389	1023	90	90	13034613
661	389	1023	90	90	13034620
654	389	1023	90	90	13034626
647	388	1023	90	90	13034632
640	388	1023	90	90	13034638
632	387	1023	90	90	13034645
625	386	1023	90	90	13034651
618	385	1023	90	90	13034657
610	385	1023	90	90	13034663
603	384	1023	90	90	13034670
596	383	1023	90	90	13034676
589	383	1023	90	90	13034682
583	383	1023	90	90	13034688
576	384	1023	90	90	13034695
570	384	1023	90	90	13034701
564	385	1023	90	90	13034707
559	386	1023	90	90	13034713
553	387	1023	90	90	13034720
547	388	1023	90	90	13034726
542	389	1023	90	90	13034732
537	390	1023	90	90	13034738
532	391	1023	90	90	13034745
526	392	1023	90	90	13034751
521	392	1023	90	90	13034757
516	393	1023	90	90	13034763
512	393	1023	90	90	13034770
507	393	1023	90	90	13034776
503	394	1023	90	90	13034782
499	394	1023	90	90	13034788
495	395	1023	90	90	13034795
492	395	1023	90	90	13034801
490	396	1014	90	90	13034807
488	396	882	90	90	13034813
487	397	700	90	90	13034820
485	398	523	90	90	13034826
485	400	318	90	90	13034832
485	402	54	90	90	13034845
50
483	447	68	90	90	13035057
476	451	257	90	90	13035063
473	453	439	90	90	13035070
472	455	608	90	90	13035076
471	458	765	90	90	13035082
471	461	914	90	90	13035088
472	463	926	90	90	13035095
475	465	926	90	90	13035101
478	467	930	90	90	13035107
482	468	934	90	90	13035113
486	469	934	90	90	13035120
492	469	938	90	90	13035126
497	469	946	90	90	13035132
504	469	950	90	90	13035138
510	468	958	90	90	13035145
517	467	966	90	90	13035151
524	465	974	90	90	13035157
530	463	982	90	90	13035163
537	461	990	90	90	13035170
544	459	994	90	90	13035176
550	456	998	90	90	13035182
555	453	1002	90	90	13035188
560	450	1002	90	90	13035195
564	447	998	90	90	13035201
567	444	998	90	90	13035207
569	440	994	90	90	13035213
569	436	990	90	90	13035220
568	431	986	90	90	13035226
565	427	982	90	90	13035232
560	422	982	90	90	13035238
554	418	978	90	90	13035245
548	415	982	90	90	13035251
540	412	982	90	90	13035257
531	411	986	90	90	13035263
522	410	990	90	90	13035270
512	411	998	90	90	13035276
503	412	1010	90	90	13035282
494	415	1023	90	90	13035288
486	419	1023	90	90	13035295
480	423	1023	90	90	13035301
475	429	1023	90	90	13035307
472	434	1023	90	90	13035313
470	440	1023	90	90	13035320
470	447	1023	90	90	13035326
472	453	1023	90	90	13035332
475	459	918	90	90	13035338
479	465	757	90	90	13035345
484	471	583	90	90	13035351
490	476	386	90	90	13035357
498	481	90	90	90	13035370
47
753	442	92	90	90	13035670
751	446	265	90	90	13035676
750	448	430	90	90	13035682
749	450	596	90	90	13035688
749	452	749	90	90	13035695
749	454	849	90	90	13035701
750	456	886	90	90	13035707
751	458	914	90	90	13035713
753	459	930	90	90	13035720
755	461	942	90	90	13035726
758	462	954	90	90	13035732
761	463	962	90	90	13035738
764	464	966	90	90	13035745
768	465	970	90	90	13035751
772	465	974	90	90	13035757
775	464	978	90	90	13035763
779	463	978	90	90	13035770
783	462	978	90	90	13035776
786	460	982	90	90	13035782
789	457	982	90	90	13035788
792	454	982	90	90	13035795
793	451	986	90	90	13035801
794	447	986	90	90	13035807
794	443	990	90	90	13035813
793	439	990	90	90	13035820
791	435	990	90	90	13035826
788	431	994	90	90	13035832
784	427	994	90	90	13035838
779	423	994	90	90	13035845
773	420	998	90	90	13035851
767	417	1002	90	90	13035857
761	416	1006	90	90	13035863
754	416	1010	90	90	13035870
747	417	1023	90	90	13035876
741	420	1023	90	90	13035882
735	424	1023	90	90	13035888
730	428	1023	90	90	13035895
726	433	1023	90	90	13035901
723	438	1023	90	90	13035907
721	442	1023	90	90	13035913
720	447	1023	90	90	13035920
720	451	978	90	90	13035926
721	455	817	90	90	13035932
723	458	648	90	90	13035938
725	461	463	90	90	13035945
728	464	273	90	90	13035951
731	467	34	90	90	13035963
4
1
551	463	0	90	90	13111688
240
537	399	76	90	90	13112006
534	396	257	90	90	13112013
532	395	426	90	90	13112019
530	394	596	90	90	13112025
528	394	741	90	90	13112031
526	394	886	90	90	13112038
523	393	894	90	90	13112044
521	393	894	90	90	13112050
518	394	898	90	90	13112056
515	394	898	90	90	13112063
512	395	898	90	90	13112069
508	396	902	90	90	13112075
505	397	910	90	90	13112081
501	398	914	90	90	13112088
497	400	922	90	90	13112094
494	402	930	90	90	13112100
490	404	938	90	90	13112106
487	407	950	90	90	13112113
484	410	958	90	90	13112119
481	413	962	90	90	13112125
478	416	966	90	90	13112131
475	420	970	90	90	13112138
473	423	974	90	90	13112144
471	427	978	90	90	13112150
469	431	978	90	90	13112156
467	435	982	90	90	13112163
466	439	982	90	90	13112169
465	444	986	90	90	13112175
464	448	986	90	90	13112181
463	453	990	90	90	13112188
462	457	990	90	90	13112194
462	461	990	90	90	13112200
462	465	994	90	90	13112206
462	469	994	90	90	13112213
462	473	994	90	90	13112219
463	477	994	90	90	13112225
464	480	994	90	90	13112231
465	483	994	90	90	13112238
466	486	994	90	90	13112244
467	489	994	90	90	13112250
469	492	994	90	90	13112256
470	494	994	90	90	13112263
472	496	994	90	90	13112269
475	498	998	90	90	13112275
477	500	998	90	90	13112281
480	501	998	90	90	13112288
483	502	998	90	90	13112294
486	504	998	90	90	13112300
490	505	998	90	90	13112306
494	505	998	90	90	13112313
498	506	998	90	90	13112319
502	507	1002	90	90	13112325
507	508	1002	90	90	13112331
511	508	1002	90	90	13112338
516	509	1002	90	90	13112344
522	509	1002	90	90	13112350
527	510	1006	90	90	13112356
533	510	1006	90	90	13112363
539	510	1006	90	90	13112369
544	510	1006	90	90	13112375
550	511	1006	90	90	13112381
556	511	1006	90	90	13112388
562	511	1006	90	90	13112394
568	510	1006	90	90	13112400
575	510	1010	90	90	13112406
581	510	1010	90	90	13112413
588	510	1014	90	90	13112419
594	509	1014	90	90	13112425
601	509	1023	90	90	13112431
608	509	1023	90	90	13112438
615	509	1023	90	90	13112444
622	508	1023	90	90	13112450
629	508	1023	90	90	13112456
637	508	1023	90	90	13112463
644	508	1023	90	90	13112469
652	507	1023	90	90	13112475
659	507	1023	90	90	13112481
667	507	1023	90	90	13112488
675	507	1023	90	90	13112494
682	506	1023	90	90	13112500
690	506	1023	90	90	13112506
698	506	1023	90	90	13112513
705	505	1023	90	90	13112519
713	505	1023	90	90	13112525
720	504	1023	90	90	13112531
728	504	1023	90	90	13112538
735	504	1023	90	90	13112544
742	503	1023	90	90	13112550
749	503	1023	90	90	13112556
756	502	1023	90	90	13112563
762	502	1023	90	90	13112569
768	501	1023	90	90	13112575
774	500	1023	90	90	13112581
779	499	1023	90	90	13112588
784	498	1023	90	90	13112594
789	497	1023	90	90	13112600
793	495	1023	90	90	13112606
797	494	1023	90	90	13112613
801	493	1023	90	90	13112619
804	492	1023	90	90	13112625
807	490	1023	90	90	13112631
809	489	1023	90	90	13112638
811	488	1023	90	90	13112644
813	487	1023	90	90	13112650
815	485	1023	90	90	13112656
816	484	1023	90	90	13112663
817	483	1023	90	90	13112669
818	482	1023	90	90	13112675
819	481	1023	90	90	13112681
820	481	1023	90	90	13112688
821	480	1023	90	90	13112694
822	479	1023	90	90	13112700
823	478	1023	90	90	13112706
824	477	1023	90	90	13112713
825	476	1023	90	90	13112719
826	475	1023	90	90	13112725
827	473	1023	90	90	13112731
827	472	1023	90	90	13112738
828	470	1023	90	90	13112744
828	468	1023	90	90	13112750
829	466	1023	90	90	13112756
829	463	1023	90	90	13112763
830	461	1023	90	90	13112769
830	458	1023	90	90	13112775
830	455	1023	90	90	13112781
830	452	1023	90	90	13112788
830	449	1023	90	90	13112794
830	446	1023	90	90	13112800
830	443	1023	90	90	13112806
830	440	1023	90	90	13112813
830	437	1023	90	90	13112819
829	434	1023	90	90	13112825
829	431	1023	90	90	13112831
829	428	1023	90	90	13112838
828	426	1023	90	90	13112844
827	423	1023	90	90	13112850
826	421	1023	90	90	13112856
826	419	1023	90	90	13112863
825	417	1023	90	90	13112869
823	415	1023	90	90	13112875
822	413	1023	90	90	13112881
821	411	1023	90	90	13112888
820	410	1023	90	90	13112894
818	408	1023	90	90	13112900
817	407	1023	90	90	13112906
815	406	1023	90	90	13112913
813	405	1023	90	90	13112919
811	404	1023	90	90	13112925
809	403	1023	90	90	13112931
807	402	1023	90	90	13112938
804	401	1023	90	90	13112944
801	400	1023	90	90	13112950
799	400	1023	90	90	13112956
796	399	1023	90	90	13112963
793	398	1023	90	90	13112969
791	398	1023	90	90	13112975
788	397	1023	90	90	13112981
785	396	1023	90	90	13112988
782	396	1023	90	90	13112994
779	395	1023	90	90	13113000
776	395	1023	90	90	13113006
773	394	1023	90	90	13113013
770	394	1023	90	90	13113019
767	393	1023	90	90	13113025
764	393	1023	90	90	13113031
761	393	1023	90	90	13113038
757	392	1023	90	90	13113044
754	392	1023	90	90	13113050
751	391	1023	90	90	13113056
747	391	1023	90	90	13113063
744	391	1023	90	90	13113069
740	391	1023	90	90	13113075
736	391	1023	90	90	13113081
733	391	1023	90	90	13113088
729	391	1023	90	90	13113094
725	391	1023	90	90	13113100
721	391	1023	90	90	13113106
717	391	1023	90	90	13113113
713	391	1023	90	90	13113119
709	392	1023	90	90	13113125
704	392	1023	90	90	13113131
700	392	1023	90	90	13113138
696	392	1023	90	90	13113144
691	392	1023	90	90	13113150
687	393	1023	90	90	13113156
682	393	1023	90	90	13113163
677	393	1023	90	90	13113169
673	394	1023	90	90	13113175
668	394	1023	90	90	13113181
664	394	1023	90	90	13113188
659	394	1023	90	90	13113194
654	395	1023	90	90	13113200
650	395	1023	90	90	13113206
646	395	1023	90	90	13113213
642	396	1023	90	90	13113219
637	396	1023	90	90	13113225
633	396	1023	90	90	13113231
629	396	1023	90	90	13113238
625	397	1023	90	90	13113244
621	397	1023	90	90	13113250
617	397	1023	90	90	13113256
614	397	1023	90	90	13113263
610	397	1023	90	90	13113269
607	397	1023	90	90	13113275
603	397	1023	90	90	13113281
600	397	1023	90	90	13113288
597	397	1023	90	90	13113294
594	397	1023	90	90	13113300
590	397	1023	90	90	13113306
587	397	1023	90	90	13113313
584	397	1023	90	90	13113319
581	397	1023	90	90	13113325
579	396	1023	90	90	13113331
576	396	1023	90	90	13113338
573	396	1023	90	90	13113344
570	396	1023	90	90	13113350
567	396	1023	90	90	13113356
564	396	1023	90	90	13113363
561	396	1023	90	90	13113369
558	395	1023	90	90	13113375
555	395	1023	90	90	13113381
552	395	1023	90	90	13113388
549	395	1023	90	90	13113394
546	394	1023	90	90	13113400
543	394	1023	90	90	13113406
539	394	1023	90	90	13113413
536	394	1023	90	90	13113419
533	393	1023	90	90	13113425
530	393	1023	90	90	13113431
527	393	1023	90	90	13113438
524	393	1023	90	90	13113444
522	393	1023	90	90	13113450
520	393	1023	90	90	13113456
518	393	1023	90	90	13113463
516	393	1023	90	90	13113469
515	393	986	90	90	13113475
514	394	756	90	90	13113488
513	396	475	90	90	13113494
513	397	277	90	90	13113500
513	398	34	90	90	13113513
47
518	437	4	90	90	13113663
512	442	181	90	90	13113669
509	445	370	90	90	13113675
507	449	543	90	90	13113681
505	453	696	90	90	13113688
504	457	849	90	90	13113694
503	461	910	90	90	13113700
503	464	914	90	90	13113706
505	468	918	90	90	13113713
507	471	922	90	90	13113719
509	474	926	90	90	13113725
512	476	930	90	90	13113731
516	478	938	90	90	13113738
520	479	946	90	90	13113744
525	480	954	90	90	13113750
529	480	966	90	90	13113756
534	480	978	90	90	13113763
539	479	990	90	90	13113769
544	477	1002	90	90	13113775
549	475	1010	90	90	13113781
553	472	1023	90	90	13113788
558	469	1023	90	90	13113794
561	466	1023	90	90	13113800
564	462	1023	90	90	13113806
567	457	1023	90	90	13113813
568	452	1023	90	90	13113819
569	447	1023	90	90	13113825
568	442	1014	90	90	13113831
566	437	1010	90	90	13113838
563	432	1010	90	90	13113844
560	428	1010	90	90	13113850
555	424	1006	90	90	13113856
550	422	1010	90	90	13113863
545	420	1010	90	90	13113869
539	421	1010	90	90	13113875
533	423	1014	90	90	13113881
527	426	1023	90	90	13113888
522	430	1023	90	90	13113894
518	436	1023	90	90	13113900
514	442	1023	90	90	13113906
512	449	1023	90	90	13113913
511	455	998	90	90	13113919
511	461	841	90	90	13113925
512	466	676	90	90	13113931
514	470	503	90	90	13113938
516	473	306	90	90	13113944
519	476	52	90	90	13113956
43
762	464	108	90	90	13114737
760	465	298	90	90	13114743
759	466	565	90	90	13114755
760	467	813	90	90	13114762
762	467	966	90	90	13114768
764	468	966	90	90	13114774
767	468	966	90	90	13114780
771	467	966	90	90	13114787
775	467	966	90	90	13114793
780	466	966	90	90	13114799
784	465	970	90	90	13114805
789	464	970	90	90	13114812
793	461	974	90	90	13114818
797	459	978	90	90	13114824
800	455	982	90	90	13114830
803	451	990	90	90	13114837
804	447	994	90	90	13114843
805	442	998	90	90	13114849
804	437	1002	90	90	13114855
803	432	1006	90	90	13114862
801	427	1010	90	90	13114868
798	422	1014	90	90	13114874
794	418	1014	90	90	13114880
790	415	1014	90	90	13114887
785	413	1023	90	90	13114893
780	411	1023	90	90	13114899
774	411	1023	90	90	13114905
768	413	1023	90	90	13114912
762	416	1023	90	90	13114918
756	420	1023	90	90	13114924
751	425	1023	90	90	13114930
746	430	1023	90	90	13114937
743	436	1023	90	90	13114943
740	443	1023	90	90	13114949
739	449	1023	90	90	13114955
739	455	1023	90	90	13114962
740	461	1023	90	90	13114968
742	466	1010	90	90	13114974
745	470	849	90	90	13114980
749	474	680	90	90	13114987
753	477	499	90	90	13114993
756	480	302	90	90	13114999
760	482	48	90	90	13115012
4
1
498	468	0	90	90	13189585
254
533	373	60	90	90	13189903
530	371	241	90	90	13189910
528	370	402	90	90	13189916
527	370	567	90	90	13189922
525	370	712	90	90	13189928
523	370	857	90	90	13189935
521	370	865	90	90	13189941
519	370	869	90	90	13189947
517	370	869	90	90	13189953
515	370	873	90	90	13189960
512	371	878	90	90	13189966
510	372	878	90	90	13189972
507	373	886	90	90	13189978
505	374	890	90	90	13189985
502	375	898	90	90	13189991
499	377	910	90	90	13189997
496	379	918	90	90	13190003
493	381	926	90	90	13190010
489	383	934	90	90	13190016
486	385	942	90	90	13190022
483	388	946	90	90	13190028
480	390	950	90	90	13190035
476	393	950	90	90	13190041
473	396	954	90	90	13190047
470	399	954	90	90	13190053
468	402	954	90	90	13190060
465	405	958	90	90	13190066
462	409	958	90	90	13190072
460	413	958	90	90	13190078
458	417	958	90	90	13190085
456	421	962	90	90	13190091
454	425	962	90	90	13190097
452	429	962	90	90	13190103
451	432	962	90	90	13190110
450	436	962	90	90	13190116
450	440	962	90	90	13190122
449	444	962	90	90	13190128
449	448	966	90	90	13190135
450	451	966	90	90	13190141
450	455	966	90	90	13190147
451	459	966	90	90	13190153
452	463	970	90	90	13190160
453	466	970	90	90	13190166
455	469	970	90	90	13190172
457	473	970	90	90	13190178
460	476	970	90	90	13190185
462	478	970	90	90	13190191
465	481	970	90	90	13190197
468	483	970	90	90	13190203
471	485	970	90	90	13190210
474	487	970	90	90	13190216
478	489	970	90	90	13190222
482	491	970	90	90	13190228
486	492	970	90	90	13190235
490	494	970	90	90	13190241
494	495	974	90	90	13190247
498	496	974	90	90	13190253
503	497	974	90	90	13190260
508	499	974	90	90	13190266
513	500	978	90	90	13190272
518	500	978	90	90	13190278
523	501	978	90	90	13190285
529	502	982	90	90	13190291
534	502	982	90	90	13190297
540	503	986	90	90	13190303
545	504	986	90	90	13190310
551	504	986	90	90	13190316
557	504	990	90	90	13190322
563	505	990	90	90	13190328
569	505	990	90	90	13190335
575	505	994	90	90	13190341
582	505	994	90	90	13190347
588	506	998	90	90	13190353
595	506	1002	90	90	13190360
602	506	1006	90	90	13190366
608	506	1010	90	90	13190372
615	506	1010	90	90	13190378
622	506	1014	90	90	13190385
629	506	1014	90	90	13190391
636	506	1023	90	90	13190397
643	506	1023	90	90	13190403
649	505	1023	90	90	13190410
656	505	1023	90	90	13190416
662	505	1023	90	90	13190422
669	504	1023	90	90	13190428
675	504	1023	90	90	13190435
682	503	1023	90	90	13190441
688	503	1023	90	90	13190447
695	503	1023	90	90	13190453
702	502	1023	90	90	13190460
708	502	1023	90	90	13190466
715	501	1023	90	90	13190472
722	501	1023	90	90	13190478
729	500	1023	90	90	13190485
735	500	1023	90	90	13190491
742	499	1023	90	90	13190497
749	499	1023	90	90	13190503
755	498	1023	90	90	13190510
762	497	1023	90	90	13190516
768	496	1023	90	90	13190522
775	495	1023	90	90	13190528
781	494	1023	90	90	13190535
787	493	1023	90	90	13190541
792	492	1023	90	90	13190547
798	491	1023	90	90	13190553
803	489	1023	90	90	13190560
808	488	1023	90	90	13190566
813	486	1023	90	90	13190572
817	485	1023	90	90	13190578
822	483	1023	90	90	13190585
825	482	1023	90	90	13190591
829	481	1023	90	90	13190597
832	480	1023	90	90	13190603
835	479	1023	90	90	13190610
837	478	1023	90	90	13190616
840	477	1023	90	90	13190622
841	476	1023	90	90	13190628
843	476	1023	90	90	13190635
845	475	1023	90	90	13190641
846	475	1023	90	90	13190647
847	474	1023	90	90	13190653
848	474	1023	90	90	13190660
849	473	1023	90	90	13190672
850	472	1023	90	90	13190685
851	470	1023	90	90	13190691
851	469	1023	90	90	13190697
852	468	1023	90	90	13190703
852	466	1023	90	90	13190710
852	464	1023	90	90	13190716
852	462	1023	90	90	13190722
852	460	1023	90	90	13190728
852	458	1023	90	90	13190735
852	456	1023	90	90	13190741
852	453	1023	90	90	13190747
852	451	1023	90	90	13190753
852	448	1023	90	90	13190760
852	446	1023	90	90	13190766
852	444	1023	90	90	13190772
852	441	1023	90	90	13190778
852	438	1023	90	90	13190785
852	436	1023	90	90	13190791
852	433	1023	90	90	13190797
851	431	1023	90	90	13190803
851	429	1023	90	90	13190810
851	426	1023	90	90	13190816
850	424	1023	90	90	13190822
849	422	1023	90	90	13190828
848	420	1023	90	90	13190835
847	418	1023	90	90	13190841
846	416	1023	90	90	13190847
844	415	1023	90	90	13190853
843	413	1023	90	90	13190860
841	411	1023	90	90	13190866
840	410	1023	90	90	13190872
838	408	1023	90	90	13190878
836	407	1023	90	90	13190885
834	405	1023	90	90	13190891
831	404	1023	90	90	13190897
829	403	1023	90	90	13190903
826	402	1023	90	90	13190910
824	401	1023	90	90	13190916
821	400	1023	90	90	13190922
818	399	1023	90	90	13190928
816	398	1023	90	90	13190935
813	397	1023	90	90	13190941
810	396	1023	90	90	13190947
807	395	1023	90	90	13190953
804	394	1023	90	90	13190960
801	393	1023	90	90	13190966
798	392	1023	90	90	13190972
796	391	1023	90	90	13190978
793	390	1023	90	90	13190985
790	389	1023	90	90	13190991
788	388	1023	90	90	13190997
785	387	1023	90	90	13191003
782	387	1023	90	90	13191010
780	387	1023	90	90	13191016
777	386	1023	90	90	13191022
774	386	1023	90	90	13191028
772	386	1023	90	90	13191035
769	386	1023	90	90	13191041
766	386	1023	90	90	13191047
763	385	1023	90	90	13191053
760	385	1023	90	90	13191060
757	385	1023	90	90	13191066
753	385	1023	90	90	13191072
750	384	1023	90	90	13191078
746	384	1023	90	90	13191085
743	383	1023	90	90	13191091
739	382	1023	90	90	13191097
735	382	1023	90	90	13191103
731	381	1023	90	90	13191110
727	381	1023	90	90	13191116
723	380	1023	90	90	13191122
719	380	1023	90	90	13191128
715	379	1023	90	90	13191135
711	379	1023	90	90	13191141
707	378	1023	90	90	13191147
703	378	1023	90	90	13191153
699	377	1023	90	90	13191160
696	377	1023	90	90	13191166
692	376	1023	90	90	13191172
688	376	1023	90	90	13191178
684	375	1023	90	90	13191185
680	375	1023	90	90	13191191
676	374	1023	90	90	13191197
672	374	1023	90	90	13191203
669	374	1023	90	90	13191210
665	374	1023	90	90	13191216
661	373	1023	90	90	13191222
658	373	1023	90	90	13191228
654	373	1023	90	90	13191235
651	373	1023	90	90	13191241
647	372	1023	90	90	13191247
643	372	1023	90	90	13191253
640	372	1023	90	90	13191260
636	372	1023	90	90	13191266
633	371	1023	90	90	13191272
629	371	1023	90	90	13191278
626	371	1023	90	90	13191285
622	371	1023	90	90	13191291
619	371	1023	90	90	13191297
615	371	1023	90	90	13191303
612	371	1023	90	90	13191310
609	371	1023	90	90	13191316
606	371	1023	90	90	13191322
603	371	1023	90	90	13191328
599	371	1023	90	90	13191335
596	371	1023	90	90	13191341
593	371	1023	90	90	13191347
589	370	1023	90	90	13191353
586	370	1023	90	90	13191360
583	370	1023	90	90	13191366
579	370	1023	90	90	13191372
576	370	1023	90	90	13191378
572	370	1023	90	90	13191385
569	370	1023	90	90	13191391
566	370	1023	90	90	13191397
563	370	1023	90	90	13191403
560	371	1023	90	90	13191410
557	371	1023	90	90	13191416
554	371	1023	90	90	13191422
551	372	1023	90	90	13191428
548	372	1023	90	90	13191435
546	372	1023	90	90	13191441
543	372	1023	90	90	13191447
541	372	1023	90	90	13191453
538	372	1023	90	90	13191460
536	372	1023	90	90	13191466
534	372	910	90	90	13191472
532	373	745	90	90	13191478
531	373	563	90	90	13191485
529	374	370	90	90	13191491
529	376	82	90	90	13191503
48
514	430	32	90	90	13191753
509	433	209	90	90	13191760
507	435	378	90	90	13191766
505	437	547	90	90	13191772
505	439	692	90	90	13191778
504	441	837	90	90	13191785
505	443	869	90	90	13191791
507	445	869	90	90	13191797
509	447	869	90	90	13191803
512	448	873	90	90	13191810
516	449	878	90	90	13191816
520	450	886	90	90	13191822
524	451	894	90	90	13191828
529	452	906	90	90	13191835
534	452	922	90	90	13191841
539	451	938	90	90	13191847
544	451	954	90	90	13191853
549	450	966	90	90	13191860
554	449	978	90	90	13191866
559	447	986	90	90	13191872
564	445	994	90	90	13191878
567	442	998	90	90	13191885
571	440	998	90	90	13191891
573	436	998	90	90	13191897
574	433	998	90	90	13191903
575	429	994	90	90	13191910
574	425	990	90	90	13191916
572	421	990	90	90	13191922
569	417	986	90	90	13191928
565	413	982	90	90	13191935
561	409	982	90	90	13191941
555	406	982	90	90	13191947
549	404	982	90	90	13191953
542	402	986	90	90	13191960
535	402	986	90	90	13191966
528	402	994	90	90	13191972
522	404	998	90	90	13191978
517	407	1006	90	90	13191985
512	410	1014	90	90	13191991
509	415	1023	90	90	13191997
507	420	1023	90	90	13192003
506	426	1002	90	90	13192010
507	432	914	90	90	13192016
509	438	757	90	90	13192022
511	444	592	90	90	13192028
515	450	402	90	90	13192035
518	455	209	90	90	13192041
522	460	4	90	90	13192053
50
767	429	56	90	90	13192983
766	432	241	90	90	13192990
766	433	406	90	90	13192996
766	435	575	90	90	13193002
767	436	728	90	90	13193008
768	438	873	90	90	13193015
769	439	898	90	90	13193021
771	441	898	90	90	13193027
774	442	898	90	90	13193033
777	444	902	90	90	13193040
780	445	906	90	90	13193046
784	446	910	90	90	13193052
788	447	918	90	90	13193058
792	448	926	90	90	13193065
796	448	938	90	90	13193071
800	448	950	90	90	13193077
804	448	962	90	90	13193083
807	447	974	90	90	13193090
810	446	986	90	90	13193096
813	444	998	90	90	13193102
815	442	1002	90	90	13193108
817	439	1010	90	90	13193115
818	436	1014	90	90	13193121
818	432	1014	90	90	13193127
817	429	1023	90	90	13193133
816	425	1023	90	90	13193140
814	421	1023	90	90	13193146
812	417	1023	90	90	13193152
808	413	1023	90	90	13193158
805	410	1023	90	90	13193165
800	406	1023	90	90	13193171
796	404	1023	90	90	13193177
791	402	1023	90	90	13193183
785	401	1023	90	90	13193190
780	400	1023	90	90	13193196
775	401	1023	90	90	13193202
770	403	1023	90	90	13193208
765	406	1023	90	90	13193215
761	409	1023	90	90	13193221
758	413	1023	90	90	13193227
755	417	1023	90	90	13193233
754	422	1023	90	90	13193240
753	426	1023	90	90	13193246
753	430	1023	90	90	13193252
754	434	970	90	90	13193258
755	438	809	90	90	13193265
757	441	644	90	90	13193271
760	444	463	90	90	13193277
762	447	273	90	90	13193283
765	449	36	90	90	13193296
4
1
574	467	0	90	90	13269305
287
546	389	56	90	90	13269717
544	387	241	90	90	13269723
543	386	406	90	90	13269730
542	386	583	90	90	13269736
540	386	733	90	90	13269742
538	386	878	90	90	13269748
536	386	894	90	90	13269755
534	386	898	90	90	13269761
532	386	902	90	90	13269767
530	387	902	90	90	13269773
528	387	902	90	90	13269780
526	387	906	90	90	13269786
523	388	906	90	90	13269792
520	388	910	90	90	13269798
516	389	914	90	90	13269805
513	389	918	90	90	13269811
509	390	922	90	90	13269817
506	391	930	90	90	13269823
502	391	934	90	90	13269830
497	392	942	90	90	13269836
493	393	946	90	90	13269842
489	394	950	90	90	13269848
485	395	954	90	90	13269855
481	396	954	90	90	13269861
478	397	954	90	90	13269867
474	398	958	90	90	13269873
470	400	958	90	90	13269880
466	402	958	90	90	13269886
463	404	958	90	90	13269892
460	407	962	90	90	13269898
457	410	962	90	90	13269905
454	413	962	90	90	13269911
451	416	962	90	90	13269917
449	420	962	90	90	13269923
447	423	966	90	90	13269930
446	427	966	90	90	13269936
445	431	966	90	90	13269942
444	435	966	90	90	13269948
443	440	966	90	90	13269955
443	444	966	90	90	13269961
443	448	966	90	90	13269967
444	453	966	90	90	13269973
444	457	966	90	90	13269980
445	461	966	90	90	13269986
445	465	966	90	90	13269992
446	469	966	90	90	13269998
447	473	966	90	90	13270005
448	476	966	90	90	13270011
449	479	966	90	90	13270017
451	482	966	90	90	13270023
452	485	966	90	90	13270030
454	487	962	90	90	13270036
455	489	962	90	90	13270042
457	491	962	90	90	13270048
459	492	962	90	90	13270055
460	493	962	90	90	13270061
462	494	962	90	90	13270067
464	495	962	90	90	13270073
466	496	962	90	90	13270080
468	497	962	90	90	13270086
471	498	962	90	90	13270092
473	498	962	90	90	13270098
475	499	962	90	90	13270105
477	500	962	90	90	13270111
480	501	962	90	90	13270117
483	501	962	90	90	13270123
486	502	962	90	90	13270130
488	502	962	90	90	13270136
491	503	966	90	90	13270142
494	504	966	90	90	13270148
497	504	966	90	90	13270155
499	505	966	90	90	13270161
502	505	970	90	90	13270167
505	506	970	90	90	13270173
508	506	970	90	90	13270180
511	506	974	90	90	13270186
514	507	974	90	90	13270192
516	507	974	90	90	13270198
519	507	978	90	90	13270205
522	507	978	90	90	13270211
524	508	978	90	90	13270217
527	508	978	90	90	13270223
530	508	982	90	90	13270230
533	508	982	90	90	13270236
536	508	982	90	90	13270242
539	508	982	90	90	13270248
542	509	986	90	90	13270255
545	509	986	90	90	13270261
548	509	986	90	90	13270267
551	510	990	90	90	13270273
555	510	990	90	90	13270280
558	510	990	90	90	13270286
562	511	994	90	90	13270292
565	511	994	90	90	13270298
569	511	994	90	90	13270305
573	512	994	90	90	13270311
577	512	994	90	90	13270317
581	512	998	90	90	13270323
586	513	998	90	90	13270330
590	513	998	90	90	13270336
594	513	998	90	90	13270342
599	513	998	90	90	13270348
604	514	998	90	90	13270355
609	514	1002	90	90	13270361
613	514	1002	90	90	13270367
618	514	1002	90	90	13270373
623	514	1002	90	90	13270380
628	515	1002	90	90	13270386
633	515	1002	90	90	13270392
639	515	1002	90	90	13270398
644	515	1006	90	90	13270405
649	516	1006	90	90	13270411
654	516	1006	90	90	13270417
659	516	1006	90	90	13270423
665	516	1010	90	90	13270430
670	516	1010	90	90	13270436
675	516	1010	90	90	13270442
680	516	1010	90	90	13270448
686	516	1014	90	90	13270455
691	516	1014	90	90	13270461
697	516	1014	90	90	13270467
702	516	1014	90	90	13270473
707	516	1023	90	90	13270480
713	516	1023	90	90	13270486
718	516	1023	90	90	13270492
724	515	1023	90	90	13270498
729	515	1023	90	90	13270505
734	514	1023	90	90	13270511
739	514	1023	90	90	13270517
745	513	1023	90	90	13270523
750	512	1023	90	90	13270530
755	512	1023	90	90	13270536
760	511	1023	90	90	13270542
765	510	1023	90	90	13270548
770	510	1023	90	90	13270555
774	509	1023	90	90	13270561
779	509	1023	90	90	13270567
784	508	1023	90	90	13270573
788	508	1023	90	90	13270580
793	507	1023	90	90	13270586
798	506	1023	90	90	13270592
802	506	1023	90	90	13270598
807	505	1023	90	90	13270605
811	505	1023	90	90	13270611
816	504	1023	90	90	13270617
821	504	1023	90	90	13270623
825	503	1023	90	90	13270630
829	502	1023	90	90	13270636
833	501	1023	90	90	13270642
837	500	1023	90	90	13270648
840	499	1023	90	90	13270655
844	497	1023	90	90	13270661
847	495	1023	90	90	13270667
850	493	1023	90	90	13270673
853	491	1023	90	90	13270680
856	489	1023	90	90	13270686
859	486	1023	90	90	13270692
861	484	1023	90	90	13270698
864	481	1023	90	90	13270705
866	479	1023	90	90	13270711
868	477	1023	90	90	13270717
869	475	1023	90	90	13270723
871	472	1023	90	90	13270730
872	470	1023	90	90	13270736
874	468	1023	90	90	13270742
875	466	1023	90	90	13270748
876	464	1023	90	90	13270755
877	462	1023	90	90	13270761
878	459	1023	90	90	13270767
878	457	1023	90	90	13270773
878	455	1023	90	90	13270780
878	453	1023	90	90	13270786
878	451	1023	90	90	13270792
878	449	1023	90	90	13270798
877	447	1023	90	90	13270805
877	445	1023	90	90	13270811
876	443	1023	90	90	13270817
875	441	1023	90	90	13270823
874	440	1023	90	90	13270830
873	438	1023	90	90	13270836
871	436	1023	90	90	13270842
870	435	1023	90	90	13270848
868	433	1023	90	90	13270855
867	431	1023	90	90	13270861
865	430	1023	90	90	13270867
862	428	1023	90	90	13270873
860	427	1023	90	90	13270880
858	425	1023	90	90	13270886
855	424	1023	90	90	13270892
852	422	1023	90	90	13270898
850	421	1023	90	90	13270905
847	419	1023	90	90	13270911
844	418	1023	90	90	13270917
841	417	1023	90	90	13270923
839	415	1023	90	90	13270930
836	414	1023	90	90	13270936
833	413	1023	90	90	13270942
830	412	1023	90	90	13270948
827	411	1023	90	90	13270955
824	410	1023	90	90	13270961
821	409	1023	90	90	13270967
818	408	1023	90	90	13270973
814	407	1023	90	90	13270980
811	406	1023	90	90	13270986
808	405	1023	90	90	13270992
804	404	1023	90	90	13270998
801	403	1023	90	90	13271005
797	402	1023	90	90	13271011
793	401	1023	90	90	13271017
789	400	1023	90	90	13271023
785	399	1023	90	90	13271030
782	399	1023	90	90	13271036
778	398	1023	90	90	13271042
774	398	1023	90	90	13271048
770	397	1023	90	90	13271055
766	397	1023	90	90	13271061
762	396	1023	90	90	13271067
758	396	1023	90	90	13271073
754	395	1023	90	90	13271080
750	395	1023	90	90	13271086
746	395	1023	90	90	13271092
742	394	1023	90	90	13271098
738	394	1023	90	90	13271105
734	394	1023	90	90	13271111
730	394	1023	90	90	13271117
726	394	1023	90	90	13271123
722	394	1023	90	90	13271130
718	393	1023	90	90	13271136
714	393	1023	90	90	13271142
710	393	1023	90	90	13271148
706	393	1023	90	90	13271155
703	392	1023	90	90	13271161
699	392	1023	90	90	13271167
695	392	1023	90	90	13271173
691	391	1023	90	90	13271180
687	391	1023	90	90	13271186
683	391	1023	90	90	13271192
679	391	1023	90	90	13271198
676	391	1023	90	90	13271205
672	391	1023	90	90	13271211
668	390	1023	90	90	13271217
665	390	1023	90	90	13271223
661	390	1023	90	90	13271230
658	390	1023	90	90	13271236
654	390	1023	90	90	13271242
651	390	1023	90	90	13271248
647	389	1023	90	90	13271255
643	389	1023	90	90	13271261
640	389	1023	90	90	13271267
636	389	1023	90	90	13271273
633	389	1023	90	90	13271280
630	388	1023	90	90	13271286
626	388	1023	90	90	13271292
623	388	1023	90	90	13271298
619	388	1023	90	90	13271305
616	388	1023	90	90	13271311
613	388	1023	90	90	13271317
610	388	1023	90	90	13271323
606	388	1023	90	90	13271330
603	388	1023	90	90	13271336
600	388	1023	90	90	13271342
597	388	1023	90	90	13271348
594	388	1023	90	90	13271355
591	388	1023	90	90	13271361
588	388	1023	90	90	13271367
584	388	1023	90	90	13271373
581	388	1023	90	90	13271380
578	389	1023	90	90	13271386
575	389	1023	90	90	13271392
572	389	1023	90	90	13271398
569	389	1023	90	90	13271405
565	388	1023	90	90	13271411
562	388	1023	90	90	13271417
559	388	1023	90	90	13271423
556	388	1023	90	90	13271430
553	388	1023	90	90	13271436
550	388	1023	90	90	13271442
547	388	1023	90	90	13271448
545	388	1023	90	90	13271455
542	388	1023	90	90	13271461
540	387	1023	90	90	13271467
537	387	1006	90	90	13271473
536	387	898	90	90	13271480
534	387	728	90	90	13271486
532	387	547	90	90	13271492
531	387	350	90	90	13271498
530	387	74	90	90	13271511
47
509	441	72	90	90	13271730
503	444	261	90	90	13271736
501	446	447	90	90	13271742
499	448	620	90	90	13271748
498	451	777	90	90	13271755
498	453	926	90	90	13271761
498	456	942	90	90	13271767
500	458	946	90	90	13271773
502	461	946	90	90	13271780
505	463	942	90	90	13271786
508	464	942	90	90	13271792
512	466	942	90	90	13271798
516	467	946	90	90	13271805
521	467	946	90	90	13271811
526	467	950	90	90	13271817
531	467	958	90	90	13271823
536	466	962	90	90	13271830
541	464	970	90	90	13271836
546	462	978	90	90	13271842
551	460	982	90	90	13271848
555	457	990	90	90	13271855
558	454	990	90	90	13271861
561	451	994	90	90	13271867
563	447	990	90	90	13271873
564	442	990	90	90	13271880
564	438	986	90	90	13271886
563	433	982	90	90	13271892
561	429	982	90	90	13271898
559	424	978	90	90	13271905
555	421	978	90	90	13271911
551	418	978	90	90	13271917
546	416	978	90	90	13271923
541	416	978	90	90	13271930
535	416	982	90	90	13271936
529	418	990	90	90	13271942
523	420	998	90	90	13271948
518	424	1006	90	90	13271955
513	428	1014	90	90	13271961
509	433	1023	90	90	13271967
505	437	1023	90	90	13271973
503	442	1023	90	90	13271980
502	446	1010	90	90	13271986
502	450	886	90	90	13271992
503	453	724	90	90	13271998
504	457	551	90	90	13272005
506	460	362	90	90	13272011
509	463	78	90	90	13272023
50
776	445	76	90	90	13273001
774	449	261	90	90	13273007
774	452	430	90	90	13273013
773	454	604	90	90	13273020
773	456	757	90	90	13273026
773	458	906	90	90	13273032
774	460	922	90	90	13273038
775	462	930	90	90	13273045
776	464	934	90	90	13273051
778	466	934	90	90	13273057
780	468	934	90	90	13273063
782	469	938	90	90	13273070
784	470	938	90	90	13273076
787	471	942	90	90	13273082
790	472	946	90	90	13273088
793	472	954	90	90	13273095
797	472	962	90	90	13273101
800	471	970	90	90	13273107
803	470	978	90	90	13273113
806	468	986	90	90	13273120
809	466	994	90	90	13273126
811	463	1002	90	90	13273132
813	459	1010	90	90	13273138
814	456	1023	90	90	13273145
815	451	1023	90	90	13273151
815	446	1023	90	90	13273157
814	442	1023	90	90	13273163
813	437	1023	90	90	13273170
811	433	1023	90	90	13273176
808	429	1023	90	90	13273182
805	425	1023	90	90	13273188
801	422	1023	90	90	13273195
797	420	1023	90	90	13273201
792	419	1023	90	90	13273207
786	418	1023	90	90	13273213
781	418	1023	90	90	13273220
775	419	1023	90	90	13273226
769	421	1023	90	90	13273232
763	423	1023	90	90	13273238
758	427	1023	90	90	13273245
754	431	1023	90	90	13273251
750	435	1023	90	90	13273257
748	440	1023	90	90	13273263
746	445	1023	90	90	13273270
746	449	954	90	90	13273276
746	454	789	90	90	13273282
747	459	616	90	90	13273288
748	463	422	90	90	13273295
750	467	225	90	90	13273301
752	470	8	90	90	13273313
4
1
324	431	0	90	90	13354279
284
558	414	12	90	90	13355369
556	412	181	90	90	13355375
555	412	362	90	90	13355382
554	412	527	90	90	13355388
553	411	676	90	90	13355394
551	411	821	90	90	13355400
549	411	861	90	90	13355407
547	411	869	90	90	13355413
545	411	873	90	90	13355419
543	411	878	90	90	13355425
541	411	878	90	90	13355432
538	411	882	90	90	13355438
536	411	882	90	90	13355444
533	412	882	90	90	13355450
530	412	886	90	90	13355457
527	413	886	90	90	13355463
524	414	890	90	90	13355469
521	415	894	90	90	13355475
518	416	898	90	90	13355482
515	417	906	90	90	13355488
512	419	910	90	90	13355494
509	420	910	90	90	13355500
506	422	914	90	90	13355507
503	424	918	90	90	13355513
500	426	918	90	90	13355519
497	428	922	90	90	13355525
495	431	922	90	90	13355532
492	433	922	90	90	13355538
490	436	926	90	90	13355544
488	439	926	90	90	13355550
486	442	926	90	90	13355557
484	445	930	90	90	13355563
482	448	930	90	90	13355569
480	452	930	90	90	13355575
479	455	930	90	90	13355582
478	458	934	90	90	13355588
476	462	934	90	90	13355594
476	465	934	90	90	13355600
475	468	934	90	90	13355607
474	471	934	90	90	13355613
474	474	934	90	90	13355619
473	478	938	90	90	13355625
473	481	938	90	90	13355632
473	483	938	90	90	13355638
474	486	938	90	90	13355644
474	489	938	90	90	13355650
475	492	938	90	90	13355657
475	495	938	90	90	13355663
476	497	938	90	90	13355669
477	499	942	90	90	13355675
479	501	942	90	90	13355682
480	503	942	90	90	13355688
482	505	942	90	90	13355694
483	507	942	90	90	13355700
485	508	942	90	90	13355707
487	510	942	90	90	13355713
490	511	942	90	90	13355719
492	512	942	90	90	13355725
494	513	942	90	90	13355732
497	515	946	90	90	13355738
499	516	946	90	90	13355744
502	517	946	90	90	13355750
504	518	950	90	90	13355757
507	519	950	90	90	13355763
510	519	954	90	90	13355769
512	520	954	90	90	13355775
515	521	958	90	90	13355782
518	521	958	90	90	13355788
521	522	958	90	90	13355794
523	522	962	90	90	13355800
526	523	962	90	90	13355807
529	523	962	90	90	13355813
532	524	966	90	90	13355819
534	524	966	90	90	13355825
537	524	966	90	90	13355832
540	524	966	90	90	13355838
543	525	970	90	90	13355844
546	525	970	90	90	13355850
549	525	974	90	90	13355857
552	525	974	90	90	13355863
556	526	978	90	90	13355869
559	526	978	90	90	13355875
562	527	982	90	90	13355882
566	527	986	90	90	13355888
569	527	990	90	90	13355894
573	528	998	90	90	13355900
577	529	1002	90	90	13355907
582	529	1006	90	90	13355913
586	530	1010	90	90	13355919
591	530	1010	90	90	13355925
595	531	1014	90	90	13355932
600	531	1014	90	90	13355938
606	532	1014	90	90	13355944
611	532	1014	90	90	13355950
617	533	1014	90	90	13355957
622	534	1014	90	90	13355963
628	534	1014	90	90	13355969
633	535	1014	90	90	13355975
639	536	1014	90	90	13355982
645	536	1014	90	90	13355988
651	537	1014	90	90	13355994
657	537	1023	90	90	13356000
663	537	1023	90	90	13356007
669	537	1023	90	90	13356013
675	537	1023	90	90	13356019
681	537	1023	90	90	13356025
687	537	1023	90	90	13356032
694	537	1023	90	90	13356038
700	537	1023	90	90	13356044
706	537	1023	90	90	13356050
712	537	1023	90	90	13356057
718	537	1023	90	90	13356063
724	537	1023	90	90	13356069
731	537	1023	90	90	13356075
737	537	1023	90	90	13356082
743	537	1023	90	90	13356088
750	537	1023	90	90	13356094
756	537	1023	90	90	13356100
762	537	1023	90	90	13356107
768	537	1023	90	90	13356113
774	537	1023	90	90	13356119
780	537	1023	90	90	13356125
785	536	1023	90	90	13356132
791	536	1023	90	90	13356138
796	536	1023	90	90	13356144
801	535	1023	90	90	13356150
806	535	1023	90	90	13356157
810	535	1023	90	90	13356163
815	534	1023	90	90	13356169
819	533	1023	90	90	13356175
823	532	1023	90	90	13356182
827	532	1023	90	90	13356188
830	531	1023	90	90	13356194
834	530	1023	90	90	13356200
837	529	1023	90	90	13356207
839	528	1023	90	90	13356213
842	527	1023	90	90	13356219
845	527	1023	90	90	13356225
847	526	1023	90	90	13356232
849	525	1023	90	90	13356238
852	524	1023	90	90	13356244
854	523	1023	90	90	13356250
856	522	1023	90	90	13356257
858	520	1023	90	90	13356263
860	519	1023	90	90	13356269
862	518	1023	90	90	13356275
864	516	1023	90	90	13356282
866	514	1023	90	90	13356288
868	513	1023	90	90	13356294
869	511	1023	90	90	13356300
871	509	1023	90	90	13356307
872	507	1023	90	90	13356313
873	505	1023	90	90	13356319
875	503	1023	90	90	13356325
876	501	1023	90	90	13356332
877	499	1023	90	90	13356338
878	496	1023	90	90	13356344
879	494	1023	90	90	13356350
880	491	1023	90	90	13356357
881	488	1023	90	90	13356363
881	485	1023	90	90	13356369
882	483	1023	90	90	13356375
882	480	1023	90	90	13356382
882	477	1023	90	90	13356388
882	474	1023	90	90	13356394
882	472	1023	90	90	13356400
882	469	1023	90	90	13356407
881	466	1023	90	90	13356413
881	464	1023	90	90	13356419
880	461	1023	90	90	13356425
880	459	1023	90	90	13356432
879	457	1023	90	90	13356438
878	455	1023	90	90	13356444
877	453	1023	90	90	13356450
876	452	1023	90	90	13356457
875	450	1023	90	90	13356463
874	448	1023	90	90	13356469
873	447	1023	90	90	13356475
872	445	1023	90	90	13356482
871	444	1023	90	90	13356488
870	442	1023	90	90	13356494
868	440	1023	90	90	13356500
867	438	1023	90	90	13356507
865	437	1023	90	90	13356513
863	435	1023	90	90	13356519
861	434	1023	90	90	13356525
859	432	1023	90	90	13356532
857	431	1023	90	90	13356538
855	430	1023	90	90	13356544
853	428	1023	90	90	13356550
850	428	1023	90	90	13356557
848	427	1023	90	90	13356563
846	426	1023	90	90	13356569
844	425	1023	90	90	13356575
841	424	1023	90	90	13356582
839	424	1023	90	90	13356588
837	423	1023	90	90	13356594
834	423	1023	90	90	13356600
832	422	1023	90	90	13356607
829	422	1023	90	90	13356613
826	421	1023	90	90	13356619
823	421	1023	90	90	13356625
821	421	1023	90	90	13356632
818	420	1023	90	90	13356638
815	420	1023	90	90	13356644
812	420	1023	90	90	13356650
809	419	1023	90	90	13356657
806	419	1023	90	90	13356663
803	418	1023	90	90	13356669
800	418	1023	90	90	13356675
797	418	1023	90	90	13356682
794	417	1023	90	90	13356688
791	417	1023	90	90	13356694
788	417	1023	90	90	13356700
785	417	1023	90	90	13356707
782	416	1023	90	90	13356713
778	416	1023	90	90	13356719
775	416	1023	90	90	13356725
772	416	1023	90	90	13356732
768	415	1023	90	90	13356738
765	415	1023	90	90	13356744
761	415	1023	90	90	13356750
758	415	1023	90	90	13356757
754	415	1023	90	90	13356763
751	415	1023	90	90	13356769
747	414	1023	90	90	13356775
744	414	1023	90	90	13356782
740	414	1023	90	90	13356788
736	414	1023	90	90	13356794
733	414	1023	90	90	13356800
729	414	1023	90	90	13356807
725	414	1023	90	90	13356813
722	414	1023	90	90	13356819
718	414	1023	90	90	13356825
714	414	1023	90	90	13356832
710	414	1023	90	90	13356838
706	413	1023	90	90	13356844
702	413	1023	90	90	13356850
698	413	1023	90	90	13356857
694	413	1023	90	90	13356863
690	413	1023	90	90	13356869
686	413	1023	90	90	13356875
681	413	1023	90	90	13356882
677	413	1023	90	90	13356888
673	412	1023	90	90	13356894
669	412	1023	90	90	13356900
664	412	1023	90	90	13356907
659	411	1023	90	90	13356913
655	411	1023	90	90	13356919
650	411	1023	90	90	13356925
646	411	1023	90	90	13356932
641	410	1023	90	90	13356938
636	410	1023	90	90	13356944
632	409	1023	90	90	13356950
627	409	1023	90	90	13356957
623	408	1023	90	90	13356963
618	408	1023	90	90	13356969
614	407	1023	90	90	13356975
610	407	1023	90	90	13356982
605	407	1023	90	90	13356988
601	406	1023	90	90	13356994
597	406	1023	90	90	13357000
592	406	1023	90	90	13357007
588	406	1023	90	90	13357013
584	406	1023	90	90	13357019
581	406	1023	90	90	13357025
577	407	1023	90	90	13357032
573	407	1023	90	90	13357038
570	407	1023	90	90	13357044
566	408	1023	90	90	13357050
563	408	1023	90	90	13357057
559	408	1023	90	90	13357063
556	409	1023	90	90	13357069
553	409	1023	90	90	13357075
550	409	1023	90	90	13357082
547	409	1023	90	90	13357088
544	409	1023	90	90	13357094
541	409	1023	90	90	13357100
539	409	978	90	90	13357107
537	409	849	90	90	13357113
535	410	676	90	90	13357119
534	410	499	90	90	13357125
533	411	298	90	90	13357132
532	412	46	90	90	13357144
43
534	458	60	90	90	13357338
529	460	253	90	90	13357344
526	462	430	90	90	13357350
525	464	608	90	90	13357357
524	467	765	90	90	13357363
524	470	918	90	90	13357369
524	472	946	90	90	13357375
525	474	946	90	90	13357382
527	476	946	90	90	13357388
530	478	946	90	90	13357394
533	480	946	90	90	13357400
537	481	946	90	90	13357407
541	482	950	90	90	13357413
545	482	954	90	90	13357419
550	482	958	90	90	13357425
555	481	962	90	90	13357432
560	480	966	90	90	13357438
564	478	970	90	90	13357444
568	476	974	90	90	13357450
572	473	978	90	90	13357457
575	469	978	90	90	13357463
577	466	982	90	90	13357469
579	462	982	90	90	13357475
579	457	982	90	90	13357482
578	453	982	90	90	13357488
577	450	982	90	90	13357494
574	446	986	90	90	13357500
570	444	990	90	90	13357507
566	443	994	90	90	13357513
561	443	998	90	90	13357519
556	444	1006	90	90	13357525
551	445	1023	90	90	13357532
545	448	1023	90	90	13357538
541	451	1023	90	90	13357544
537	455	1023	90	90	13357550
534	459	1023	90	90	13357557
532	464	1023	90	90	13357563
532	467	930	90	90	13357569
533	471	773	90	90	13357575
535	476	600	90	90	13357582
538	480	402	90	90	13357588
541	484	205	90	90	13357594
545	488	2	90	90	13357607
41
776	482	96	90	90	13358521
773	484	294	90	90	13358528
772	485	569	90	90	13358540
771	486	825	90	90	13358546
772	487	982	90	90	13358553
773	488	1002	90	90	13358559
776	488	1006	90	90	13358565
779	489	1006	90	90	13358571
783	489	1006	90	90	13358578
787	489	1006	90	90	13358584
792	489	1010	90	90	13358590
798	488	1010	90	90	13358596
803	487	1014	90	90	13358603
807	486	1023	90	90	13358609
812	484	1023	90	90	13358615
816	481	1023	90	90	13358621
820	478	1023	90	90	13358628
822	475	1023	90	90	13358634
823	471	1023	90	90	13358640
824	466	1023	90	90	13358646
823	462	1023	90	90	13358653
822	457	1023	90	90	13358659
819	452	1023	90	90	13358665
816	448	1023	90	90	13358671
811	444	1023	90	90	13358678
806	441	1023	90	90	13358684
801	440	1023	90	90	13358690
795	440	1023	90	90	13358696
789	440	1023	90	90	13358703
783	443	1023	90	90	13358709
778	446	1023	90	90	13358715
773	451	1023	90	90	13358721
770	456	1023	90	90	13358728
767	462	1023	90	90	13358734
765	468	1023	90	90	13358740
764	474	990	90	90	13358746
764	480	825	90	90	13358753
764	485	652	90	90	13358759
765	490	467	90	90	13358765
766	494	273	90	90	13358771
767	497	30	90	90	13358784
4
1
324	413	0	90	90	13432235
213
563	404	28	90	90	13432991
558	403	197	90	90	13432997
555	402	370	90	90	13433003
552	401	535	90	90	13433010
549	401	684	90	90	13433016
545	401	829	90	90	13433022
541	401	865	90	90	13433028
538	401	873	90	90	13433035
534	401	882	90	90	13433041
530	401	886	90	90	13433047
526	401	894	90	90	13433053
523	402	898	90	90	13433060
519	403	906	90	90	13433066
515	404	910	90	90	13433072
511	406	918	90	90	13433078
508	408	926	90	90	13433085
504	410	934	90	90	13433091
500	412	942	90	90	13433097
497	415	950	90	90	13433103
494	418	954	90	90	13433110
490	421	958	90	90	13433116
488	424	962	90	90	13433122
485	428	966	90	90	13433128
482	432	966	90	90	13433135
480	436	966	90	90	13433141
478	440	966	90	90	13433147
476	445	970	90	90	13433153
474	449	970	90	90	13433160
473	454	970	90	90	13433166
471	458	974	90	90	13433172
470	462	974	90	90	13433178
470	466	974	90	90	13433185
469	471	978	90	90	13433191
469	475	978	90	90	13433197
468	479	978	90	90	13433203
468	483	978	90	90	13433210
469	486	978	90	90	13433216
469	490	978	90	90	13433222
469	493	982	90	90	13433228
470	497	982	90	90	13433235
471	499	982	90	90	13433241
473	502	982	90	90	13433247
474	505	982	90	90	13433253
476	507	986	90	90	13433260
479	509	986	90	90	13433266
481	510	986	90	90	13433272
484	512	986	90	90	13433278
487	513	986	90	90	13433285
491	515	986	90	90	13433291
495	516	986	90	90	13433297
499	517	986	90	90	13433303
503	518	986	90	90	13433310
508	519	986	90	90	13433316
512	520	986	90	90	13433322
517	521	990	90	90	13433328
522	522	990	90	90	13433335
528	523	990	90	90	13433341
534	524	994	90	90	13433347
539	525	994	90	90	13433353
545	526	998	90	90	13433360
551	526	998	90	90	13433366
558	527	998	90	90	13433372
564	528	1002	90	90	13433378
571	528	1002	90	90	13433385
578	529	1006	90	90	13433391
585	530	1006	90	90	13433397
592	530	1006	90	90	13433403
599	531	1010	90	90	13433410
606	531	1014	90	90	13433416
613	532	1014	90	90	13433422
621	532	1023	90	90	13433428
628	533	1023	90	90	13433435
636	533	1023	90	90	13433441
644	533	1023	90	90	13433447
651	534	1023	90	90	13433453
659	534	1023	90	90	13433460
666	534	1023	90	90	13433466
674	534	1023	90	90	13433472
682	534	1023	90	90	13433478
690	534	1023	90	90	13433485
697	534	1023	90	90	13433491
705	533	1023	90	90	13433497
713	533	1023	90	90	13433503
721	533	1023	90	90	13433510
729	532	1023	90	90	13433516
736	532	1023	90	90	13433522
744	531	1023	90	90	13433528
751	531	1023	90	90	13433535
759	530	1023	90	90	13433541
766	530	1023	90	90	13433547
774	529	1023	90	90	13433553
781	528	1023	90	90	13433560
788	527	1023	90	90	13433566
795	527	1023	90	90	13433572
802	526	1023	90	90	13433578
808	525	1023	90	90	13433585
815	524	1023	90	90	13433591
821	522	1023	90	90	13433597
827	521	1023	90	90	13433603
832	520	1023	90	90	13433610
838	518	1023	90	90	13433616
843	516	1023	90	90	13433622
848	515	1023	90	90	13433628
852	513	1023	90	90	13433635
856	511	1023	90	90	13433641
860	509	1023	90	90	13433647
864	507	1023	90	90	13433653
867	505	1023	90	90	13433660
870	502	1023	90	90	13433666
873	500	1023	90	90	13433672
876	497	1023	90	90	13433678
878	494	1023	90	90	13433685
880	491	1023	90	90	13433691
882	487	1023	90	90	13433697
883	484	1023	90	90	13433703
884	480	1023	90	90	13433710
885	476	1023	90	90	13433716
886	472	1023	90	90	13433722
886	468	1023	90	90	13433728
887	464	1023	90	90	13433735
887	460	1023	90	90	13433741
887	457	1023	90	90	13433747
886	453	1023	90	90	13433753
886	450	1023	90	90	13433760
885	446	1023	90	90	13433766
884	443	1023	90	90	13433772
883	440	1023	90	90	13433778
882	437	1023	90	90	13433785
881	435	1023	90	90	13433791
879	432	1023	90	90	13433797
877	429	1023	90	90	13433803
875	427	1023	90	90	13433810
873	425	1023	90	90	13433816
870	423	1023	90	90	13433822
868	421	1023	90	90	13433828
865	419	1023	90	90	13433835
862	417	1023	90	90	13433841
858	416	1023	90	90	13433847
855	414	1023	90	90	13433853
852	413	1023	90	90	13433860
848	411	1023	90	90	13433866
845	410	1023	90	90	13433872
841	409	1023	90	90	13433878
838	408	1023	90	90	13433885
834	407	1023	90	90	13433891
831	406	1023	90	90	13433897
827	406	1023	90	90	13433903
823	405	1023	90	90	13433910
820	405	1023	90	90	13433916
816	405	1023	90	90	13433922
812	405	1023	90	90	13433928
808	404	1023	90	90	13433935
804	404	1023	90	90	13433941
800	404	1023	90	90	13433947
797	404	1023	90	90	13433953
792	403	1023	90	90	13433960
788	403	1023	90	90	13433966
784	402	1023	90	90	13433972
780	402	1023	90	90	13433978
776	402	1023	90	90	13433985
772	401	1023	90	90	13433991
768	401	1023	90	90	13433997
763	401	1023	90	90	13434003
759	401	1023	90	90	13434010
754	401	1023	90	90	13434016
750	400	1023	90	90	13434022
746	400	1023	90	90	13434028
741	400	1023	90	90	13434035
737	400	1023	90	90	13434041
732	400	1023	90	90	13434047
728	400	1023	90	90	13434053
723	400	1023	90	90	13434060
719	400	1023	90	90	13434066
714	400	1023	90	90	13434072
709	400	1023	90	90	13434078
704	400	1023	90	90	13434085
700	400	1023	90	90	13434091
695	400	1023	90	90	13434097
691	400	1023	90	90	13434103
686	400	1023	90	90	13434110
681	400	1023	90	90	13434116
676	400	1023	90	90	13434122
672	399	1023	90	90	13434128
667	399	1023	90	90	13434135
662	399	1023	90	90	13434141
657	399	1023	90	90	13434147
652	399	1023	90	90	13434153
647	399	1023	90	90	13434160
643	399	1023	90	90	13434166
638	399	1023	90	90	13434172
633	399	1023	90	90	13434178
628	399	1023	90	90	13434185
623	398	1023	90	90	13434191
619	398	1023	90	90	13434197
614	398	1023	90	90	13434203
609	398	1023	90	90	13434210
604	398	1023	90	90	13434216
600	398	1023	90	90	13434222
595	398	1023	90	90	13434228
591	398	1023	90	90	13434235
587	398	1023	90	90	13434241
582	398	1023	90	90	13434247
578	399	1023	90	90	13434253
574	399	1023	90	90	13434260
571	399	1023	90	90	13434266
567	400	1023	90	90	13434272
564	400	1023	90	90	13434278
561	400	1023	90	90	13434285
559	401	966	90	90	13434291
557	401	817	90	90	13434297
555	401	640	90	90	13434303
554	401	451	90	90	13434310
553	402	99	90	90	13434328
42
551	458	104	90	90	13434503
545	462	285	90	90	13434510
542	465	463	90	90	13434516
540	467	632	90	90	13434522
539	470	785	90	90	13434528
539	472	930	90	90	13434535
539	474	934	90	90	13434541
541	476	934	90	90	13434547
543	478	930	90	90	13434553
546	479	930	90	90	13434560
550	480	926	90	90	13434566
555	480	926	90	90	13434572
559	480	930	90	90	13434578
565	480	934	90	90	13434585
570	479	938	90	90	13434591
575	477	942	90	90	13434597
581	475	950	90	90	13434603
586	472	954	90	90	13434610
590	469	958	90	90	13434616
593	465	962	90	90	13434622
596	461	962	90	90	13434628
597	456	962	90	90	13434635
597	451	958	90	90	13434641
596	447	962	90	90	13434647
594	442	962	90	90	13434653
591	438	966	90	90	13434660
586	435	970	90	90	13434666
581	432	974	90	90	13434672
575	431	982	90	90	13434678
568	431	990	90	90	13434685
561	432	998	90	90	13434691
554	435	1010	90	90	13434697
548	439	1023	90	90	13434703
542	444	1023	90	90	13434710
538	450	1023	90	90	13434716
535	456	1023	90	90	13434722
533	462	1010	90	90	13434728
533	468	857	90	90	13434735
535	474	692	90	90	13434741
537	479	523	90	90	13434747
541	485	322	90	90	13434753
546	490	62	90	90	13434766
42
793	455	76	90	90	13435544
788	457	265	90	90	13435550
787	458	447	90	90	13435556
787	460	620	90	90	13435562
787	461	781	90	90	13435569
788	462	934	90	90	13435575
790	463	958	90	90	13435581
793	465	966	90	90	13435587
797	466	970	90	90	13435594
802	468	978	90	90	13435600
807	469	982	90	90	13435606
813	470	986	90	90	13435612
819	471	990	90	90	13435619
825	471	994	90	90	13435625
830	470	998	90	90	13435631
835	469	998	90	90	13435637
839	468	1002	90	90	13435644
843	466	1006	90	90	13435650
845	463	1010	90	90	13435656
846	459	1010	90	90	13435662
846	455	1014	90	90	13435669
845	451	1014	90	90	13435675
842	446	1014	90	90	13435681
838	442	1023	90	90	13435687
834	437	1023	90	90	13435694
828	433	1023	90	90	13435700
821	429	1023	90	90	13435706
814	426	1023	90	90	13435712
807	425	1023	90	90	13435719
801	425	1023	90	90	13435725
794	426	1023	90	90	13435731
789	429	1023	90	90	13435737
784	433	1023	90	90	13435744
780	439	1023	90	90	13435750
778	445	1023	90	90	13435756
777	452	1023	90	90	13435762
777	459	1023	90	90	13435769
778	465	878	90	90	13435775
780	471	704	90	90	13435781
783	477	531	90	90	13435787
785	482	334	90	90	13435794
788	486	62	90	90	13435806
4
1
319	417	0	90	90	13808778
241
549	384	40	90	90	13809422
548	382	217	90	90	13809428
547	381	390	90	90	13809434
545	380	555	90	90	13809440
544	379	704	90	90	13809447
542	379	845	90	90	13809453
540	378	865	90	90	13809459
538	378	865	90	90	13809465
536	378	865	90	90	13809472
534	378	865	90	90	13809478
531	378	865	90	90	13809484
529	378	865	90	90	13809490
526	378	865	90	90	13809497
524	379	865	90	90	13809503
521	380	869	90	90	13809509
518	380	873	90	90	13809515
514	381	878	90	90	13809522
511	382	882	90	90	13809528
508	384	886	90	90	13809534
504	385	894	90	90	13809540
501	387	898	90	90	13809547
498	389	906	90	90	13809553
494	391	910	90	90	13809559
491	393	914	90	90	13809565
488	395	918	90	90	13809572
485	397	922	90	90	13809578
482	400	926	90	90	13809584
479	403	930	90	90	13809590
477	407	934	90	90	13809597
475	410	938	90	90	13809603
473	414	942	90	90	13809609
472	418	946	90	90	13809615
470	422	950	90	90	13809622
469	426	950	90	90	13809628
468	430	954	90	90	13809634
467	434	954	90	90	13809640
467	439	954	90	90	13809647
466	443	954	90	90	13809653
465	448	958	90	90	13809659
465	452	958	90	90	13809665
465	456	958	90	90	13809672
465	460	962	90	90	13809678
465	464	962	90	90	13809684
465	468	962	90	90	13809690
465	471	962	90	90	13809697
466	475	962	90	90	13809703
467	478	962	90	90	13809709
468	482	962	90	90	13809715
468	485	962	90	90	13809722
469	487	962	90	90	13809728
471	490	966	90	90	13809734
472	493	966	90	90	13809740
473	495	966	90	90	13809747
475	497	966	90	90	13809753
476	498	966	90	90	13809759
478	499	966	90	90	13809765
480	501	970	90	90	13809772
482	501	970	90	90	13809778
484	502	970	90	90	13809784
487	503	970	90	90	13809790
489	503	970	90	90	13809797
492	503	970	90	90	13809803
494	504	970	90	90	13809809
497	504	970	90	90	13809815
500	504	970	90	90	13809822
503	504	970	90	90	13809828
506	505	970	90	90	13809834
509	505	970	90	90	13809840
512	505	974	90	90	13809847
516	505	974	90	90	13809853
520	506	974	90	90	13809859
524	506	978	90	90	13809865
528	507	978	90	90	13809872
533	507	982	90	90	13809878
537	508	982	90	90	13809884
542	508	982	90	90	13809890
547	509	986	90	90	13809897
552	509	986	90	90	13809903
557	509	990	90	90	13809909
563	510	990	90	90	13809915
568	510	990	90	90	13809922
573	510	990	90	90	13809928
579	511	994	90	90	13809934
585	511	994	90	90	13809940
591	511	994	90	90	13809947
597	511	998	90	90	13809953
603	511	998	90	90	13809959
610	511	998	90	90	13809965
616	511	998	90	90	13809972
622	511	1002	90	90	13809978
629	511	1002	90	90	13809984
636	511	1002	90	90	13809990
642	511	1002	90	90	13809997
649	510	1002	90	90	13810003
656	510	1006	90	90	13810009
663	510	1006	90	90	13810015
670	510	1006	90	90	13810022
677	510	1006	90	90	13810028
684	510	1006	90	90	13810034
691	510	1006	90	90	13810040
699	510	1006	90	90	13810047
706	510	1006	90	90	13810053
713	511	1010	90	90	13810059
720	511	1010	90	90	13810065
728	511	1010	90	90	13810072
735	511	1010	90	90	13810078
742	511	1010	90	90	13810084
749	511	1010	90	90	13810090
756	511	1014	90	90	13810097
762	511	1014	90	90	13810103
768	510	1014	90	90	13810109
774	510	1014	90	90	13810115
780	510	1014	90	90	13810122
786	509	1014	90	90	13810128
791	509	1014	90	90	13810134
796	508	1014	90	90	13810140
800	508	1014	90	90	13810147
805	507	1014	90	90	13810153
809	506	1014	90	90	13810159
812	506	1023	90	90	13810165
816	505	1023	90	90	13810172
819	504	1023	90	90	13810178
822	503	1023	90	90	13810184
825	502	1023	90	90	13810190
827	501	1023	90	90	13810197
830	500	1023	90	90	13810203
832	499	1023	90	90	13810209
835	497	1023	90	90	13810215
837	496	1023	90	90	13810222
839	494	1023	90	90	13810228
840	492	1023	90	90	13810234
842	490	1023	90	90	13810240
843	487	1023	90	90	13810247
845	485	1023	90	90	13810253
846	482	1023	90	90	13810259
847	480	1023	90	90	13810265
848	477	1023	90	90	13810272
849	474	1023	90	90	13810278
850	471	1023	90	90	13810284
851	468	1023	90	90	13810290
852	465	1023	90	90	13810297
852	462	1023	90	90	13810303
853	459	1023	90	90	13810309
853	456	1023	90	90	13810315
854	452	1023	90	90	13810322
854	449	1023	90	90	13810328
854	446	1023	90	90	13810334
853	443	1023	90	90	13810340
853	440	1023	90	90	13810347
852	437	1023	90	90	13810353
852	434	1023	90	90	13810359
851	431	1023	90	90	13810365
850	428	1023	90	90	13810372
849	425	1023	90	90	13810378
848	422	1023	90	90	13810384
847	419	1023	90	90	13810390
845	417	1023	90	90	13810397
844	414	1023	90	90	13810403
843	411	1023	90	90	13810409
841	409	1023	90	90	13810415
839	406	1023	90	90	13810422
837	404	1023	90	90	13810428
835	401	1023	90	90	13810434
833	399	1023	90	90	13810440
830	398	1023	90	90	13810447
827	396	1023	90	90	13810453
825	394	1023	90	90	13810459
822	393	1023	90	90	13810465
819	392	1023	90	90	13810472
817	391	1023	90	90	13810478
814	390	1023	90	90	13810484
811	389	1023	90	90	13810490
808	388	1023	90	90	13810497
805	387	1023	90	90	13810503
802	387	1023	90	90	13810509
799	386	1023	90	90	13810515
795	385	1023	90	90	13810522
792	385	1023	90	90	13810528
789	384	1023	90	90	13810534
785	383	1023	90	90	13810540
782	383	1023	90	90	13810547
778	382	1023	90	90	13810553
774	381	1023	90	90	13810559
770	381	1023	90	90	13810565
766	380	1023	90	90	13810572
762	380	1023	90	90	13810578
758	379	1023	90	90	13810584
754	379	1023	90	90	13810590
750	378	1023	90	90	13810597
746	378	1023	90	90	13810603
741	377	1023	90	90	13810609
737	377	1023	90	90	13810615
732	377	1023	90	90	13810622
728	377	1023	90	90	13810628
723	377	1023	90	90	13810634
718	377	1023	90	90	13810640
713	376	1023	90	90	13810647
708	376	1023	90	90	13810653
703	376	1023	90	90	13810659
699	376	1023	90	90	13810665
694	376	1023	90	90	13810672
688	376	1023	90	90	13810678
683	376	1023	90	90	13810684
678	376	1023	90	90	13810690
673	376	1023	90	90	13810697
668	377	1023	90	90	13810703
663	377	1023	90	90	13810709
658	377	1023	90	90	13810715
653	377	1023	90	90	13810722
648	377	1023	90	90	13810728
643	377	1023	90	90	13810734
639	377	1023	90	90	13810740
634	378	1023	90	90	13810747
629	378	1023	90	90	13810753
624	378	1023	90	90	13810759
620	378	1023	90	90	13810765
615	378	1023	90	90	13810772
611	378	1023	90	90	13810778
607	378	1023	90	90	13810784
602	378	1023	90	90	13810790
598	378	1023	90	90	13810797
594	378	1023	90	90	13810803
590	379	1023	90	90	13810809
586	379	1023	90	90	13810815
582	379	1023	90	90	13810822
578	379	1023	90	90	13810828
574	379	1023	90	90	13810834
570	380	1023	90	90	13810840
566	380	1023	90	90	13810847
562	380	1023	90	90	13810853
559	380	1023	90	90	13810859
555	381	1023	90	90	13810865
552	381	1023	90	90	13810872
549	381	1023	90	90	13810878
546	382	1023	90	90	13810884
544	382	958	90	90	13810890
542	382	801	90	90	13810897
539	382	632	90	90	13810903
537	382	447	90	90	13810909
535	383	249	90	90	13810915
534	383	24	90	90	13810928
46
512	459	60	90	90	13811184
510	462	241	90	90	13811190
510	463	406	90	90	13811197
511	465	571	90	90	13811203
512	466	724	90	90	13811209
514	468	861	90	90	13811215
516	469	869	90	90	13811222
520	470	873	90	90	13811228
524	470	873	90	90	13811234
528	470	878	90	90	13811240
532	470	886	90	90	13811247
537	470	890	90	90	13811253
542	470	898	90	90	13811259
547	469	906	90	90	13811265
552	467	910	90	90	13811272
556	466	918	90	90	13811278
561	463	922	90	90	13811284
565	461	926	90	90	13811290
568	458	930	90	90	13811297
571	454	930	90	90	13811303
573	450	930	90	90	13811309
574	446	930	90	90	13811315
574	442	930	90	90	13811322
573	437	930	90	90	13811328
572	433	926	90	90	13811334
569	429	926	90	90	13811340
566	425	926	90	90	13811347
562	421	926	90	90	13811353
557	418	926	90	90	13811359
552	417	930	90	90	13811365
546	416	934	90	90	13811372
541	416	938	90	90	13811378
536	417	942	90	90	13811384
530	419	946	90	90	13811390
525	422	954	90	90	13811397
521	427	962	90	90	13811403
517	432	966	90	90	13811409
514	437	974	90	90	13811415
513	443	974	90	90	13811422
512	449	966	90	90	13811428
512	455	926	90	90	13811434
513	461	777	90	90	13811440
515	466	620	90	90	13811447
518	471	447	90	90	13811453
521	476	261	90	90	13811459
526	481	34	90	90	13811472
51
742	446	149	90	90	13812853
741	450	318	90	90	13812859
741	451	479	90	90	13812866
742	453	636	90	90	13812872
743	455	781	90	90	13812878
746	457	841	90	90	13812884
748	459	849	90	90	13812891
752	461	853	90	90	13812897
756	463	853	90	90	13812903
761	464	857	90	90	13812909
766	466	861	90	90	13812916
771	467	865	90	90	13812922
777	468	873	90	90	13812928
782	469	882	90	90	13812934
787	469	890	90	90	13812941
793	469	898	90	90	13812947
797	468	906	90	90	13812953
802	466	914	90	90	13812959
805	464	922	90	90	13812966
808	462	926	90	90	13812972
810	459	930	90	90	13812978
811	455	934	90	90	13812984
812	451	934	90	90	13812991
812	447	938	90	90	13812997
810	442	938	90	90	13813003
808	438	942	90	90	13813009
806	433	950	90	90	13813016
803	429	950	90	90	13813022
799	424	954	90	90	13813028
795	420	958	90	90	13813034
791	417	962	90	90	13813041
786	414	966	90	90	13813047
781	413	970	90	90	13813053
775	411	970	90	90	13813059
770	411	974	90	90	13813066
764	412	978	90	90	13813072
759	414	982	90	90	13813078
753	417	986	90	90	13813084
749	421	990	90	90	13813091
744	425	994	90	90	13813097
741	430	994	90	90	13813103
738	435	998	90	90	13813109
736	441	998	90	90	13813116
734	446	994	90	90	13813122
734	451	982	90	90	13813128
734	456	942	90	90	13813134
734	461	793	90	90	13813141
735	465	632	90	90	13813147
736	469	455	90	90	13813153
738	473	273	90	90	13813159
739	477	38	90	90	13813172
