6
1
324	387	0	90	90	8044299
46
559	632	518	90	90	8045172
559	631	825	90	90	8045178
559	629	853	90	90	8045184
559	627	869	90	90	8045190
558	624	886	90	90	8045197
558	621	898	90	90	8045203
558	616	906	90	90	8045209
558	612	914	90	90	8045215
557	606	922	90	90	8045222
557	600	926	90	90	8045228
556	594	934	90	90	8045234
555	586	938	90	90	8045240
554	578	942	90	90	8045247
554	569	946	90	90	8045253
553	560	950	90	90	8045259
552	550	950	90	90	8045265
551	539	950	90	90	8045272
551	527	950	90	90	8045278
550	515	950	90	90	8045284
549	502	950	90	90	8045290
549	489	950	90	90	8045297
548	475	950	90	90	8045303
548	461	950	90	90	8045309
547	447	950	90	90	8045315
547	431	954	90	90	8045322
547	417	958	90	90	8045328
547	403	958	90	90	8045334
547	389	962	90	90	8045340
548	376	962	90	90	8045347
548	362	966	90	90	8045353
549	349	966	90	90	8045359
549	336	970	90	90	8045365
550	326	970	90	90	8045372
551	314	970	90	90	8045378
552	303	970	90	90	8045384
552	294	966	90	90	8045390
552	285	962	90	90	8045397
552	278	958	90	90	8045403
552	272	946	90	90	8045409
552	268	930	90	90	8045415
552	265	910	90	90	8045422
552	264	825	90	90	8045434
552	266	632	90	90	8045440
552	269	471	90	90	8045447
552	273	306	90	90	8045453
552	278	70	90	90	8045465
135
544	540	16	90	90	8045784
544	541	307	90	90	8045803
544	542	666	90	90	8045815
545	543	757	90	90	8045822
546	543	781	90	90	8045828
547	543	805	90	90	8045834
549	543	825	90	90	8045840
551	544	841	90	90	8045847
553	544	853	90	90	8045853
556	544	865	90	90	8045859
559	545	873	90	90	8045865
562	545	886	90	90	8045872
566	546	894	90	90	8045878
570	546	902	90	90	8045884
574	547	910	90	90	8045890
580	548	918	90	90	8045897
585	549	922	90	90	8045903
591	550	930	90	90	8045909
597	551	934	90	90	8045915
604	552	938	90	90	8045922
611	553	942	90	90	8045928
619	554	946	90	90	8045934
627	555	950	90	90	8045940
635	556	954	90	90	8045947
644	557	958	90	90	8045953
653	558	958	90	90	8045959
662	559	962	90	90	8045965
671	560	966	90	90	8045972
681	561	966	90	90	8045978
690	561	966	90	90	8045984
700	561	970	90	90	8045990
710	562	970	90	90	8045997
719	562	974	90	90	8046003
728	562	974	90	90	8046009
738	563	974	90	90	8046015
746	563	978	90	90	8046022
755	564	978	90	90	8046028
763	564	978	90	90	8046034
770	565	982	90	90	8046040
776	565	982	90	90	8046047
782	566	982	90	90	8046053
786	566	982	90	90	8046059
790	566	986	90	90	8046065
793	566	986	90	90	8046072
796	565	986	90	90	8046078
797	565	986	90	90	8046084
799	564	986	90	90	8046097
800	563	990	90	90	8046109
800	562	994	90	90	8046122
799	561	994	90	90	8046128
799	560	994	90	90	8046134
798	558	994	90	90	8046140
797	556	994	90	90	8046147
796	554	994	90	90	8046153
794	551	994	90	90	8046159
793	548	990	90	90	8046165
792	544	990	90	90	8046172
791	540	990	90	90	8046178
790	535	986	90	90	8046184
788	529	986	90	90	8046190
787	523	986	90	90	8046197
786	517	986	90	90	8046203
785	510	986	90	90	8046209
784	503	986	90	90	8046215
782	495	982	90	90	8046222
781	487	982	90	90	8046228
779	478	986	90	90	8046234
777	468	986	90	90	8046240
774	459	986	90	90	8046247
772	449	986	90	90	8046253
769	438	990	90	90	8046259
767	429	990	90	90	8046265
765	419	994	90	90	8046272
762	410	994	90	90	8046278
760	401	998	90	90	8046284
758	394	998	90	90	8046290
756	387	998	90	90	8046297
754	380	1002	90	90	8046303
751	375	1002	90	90	8046309
749	371	1006	90	90	8046315
747	367	1006	90	90	8046322
745	364	1006	90	90	8046328
742	362	1006	90	90	8046334
740	361	1006	90	90	8046340
738	360	1006	90	90	8046347
736	359	1006	90	90	8046353
734	359	1006	90	90	8046359
732	359	1006	90	90	8046365
729	360	1006	90	90	8046372
727	360	1006	90	90	8046378
724	361	1002	90	90	8046384
720	361	1002	90	90	8046390
717	362	1002	90	90	8046397
713	363	1002	90	90	8046403
709	364	1006	90	90	8046409
705	365	1006	90	90	8046415
701	366	1002	90	90	8046422
696	368	1002	90	90	8046428
692	369	1002	90	90	8046434
687	370	1002	90	90	8046440
682	372	1002	90	90	8046447
677	373	998	90	90	8046453
672	374	998	90	90	8046459
666	375	998	90	90	8046465
661	376	998	90	90	8046472
655	376	998	90	90	8046478
650	377	998	90	90	8046484
644	377	998	90	90	8046490
638	378	998	90	90	8046497
633	378	994	90	90	8046503
627	378	994	90	90	8046509
621	379	994	90	90	8046515
616	379	994	90	90	8046522
611	379	990	90	90	8046528
606	379	990	90	90	8046534
601	380	990	90	90	8046540
597	380	986	90	90	8046547
592	380	986	90	90	8046553
589	380	982	90	90	8046559
585	380	978	90	90	8046565
582	380	974	90	90	8046572
578	380	966	90	90	8046578
576	381	954	90	90	8046584
573	381	942	90	90	8046590
570	382	926	90	90	8046597
568	382	910	90	90	8046603
566	383	890	90	90	8046609
564	384	869	90	90	8046615
562	385	845	90	90	8046622
560	386	781	90	90	8046628
559	386	636	90	90	8046634
557	387	479	90	90	8046640
556	387	322	90	90	8046647
555	388	157	90	90	8046653
554	389	0	90	90	8046665
22
556	577	68	90	90	8047003
556	579	267	90	90	8047015
557	580	527	90	90	8047028
557	581	726	90	90	8047053
555	581	835	90	90	8047065
553	580	857	90	90	8047072
552	579	869	90	90	8047078
550	577	873	90	90	8047084
548	575	878	90	90	8047090
545	573	878	90	90	8047097
541	570	878	90	90	8047103
537	566	878	90	90	8047109
532	561	878	90	90	8047115
527	556	869	90	90	8047122
521	550	861	90	90	8047128
515	544	833	90	90	8047134
510	537	769	90	90	8047140
505	531	632	90	90	8047147
500	525	479	90	90	8047153
496	520	334	90	90	8047159
494	515	169	90	90	8047165
492	512	4	90	90	8047178
15
553	484	466	90	90	8047503
551	483	785	90	90	8047509
550	481	813	90	90	8047515
549	479	833	90	90	8047522
547	476	841	90	90	8047528
544	472	845	90	90	8047534
541	467	849	90	90	8047540
538	461	841	90	90	8047547
534	454	825	90	90	8047553
531	447	777	90	90	8047559
527	439	636	90	90	8047565
523	431	491	90	90	8047572
519	424	338	90	90	8047578
516	417	173	90	90	8047584
513	411	6	90	90	8047597
17
549	354	52	90	90	8047940
550	355	197	90	90	8047947
550	356	513	90	90	8047965
548	356	773	90	90	8047972
547	355	809	90	90	8047978
546	353	841	90	90	8047984
544	350	869	90	90	8047990
541	346	886	90	90	8047997
538	340	894	90	90	8048003
534	333	890	90	90	8048009
529	325	878	90	90	8048015
524	316	841	90	90	8048022
519	307	704	90	90	8048028
514	298	559	90	90	8048034
509	289	398	90	90	8048040
504	282	233	90	90	8048047
499	276	32	90	90	8048059
6
1
330	404	0	90	90	8152760
47
590	641	132	90	90	8153399
590	642	395	90	90	8153418
589	642	660	90	90	8153424
588	641	688	90	90	8153430
588	639	720	90	90	8153436
588	637	749	90	90	8153443
588	635	777	90	90	8153449
587	632	805	90	90	8153455
587	628	825	90	90	8153461
587	624	841	90	90	8153468
587	620	857	90	90	8153474
586	615	869	90	90	8153480
586	610	882	90	90	8153486
585	604	890	90	90	8153493
585	598	898	90	90	8153499
584	591	902	90	90	8153505
583	583	906	90	90	8153511
582	575	910	90	90	8153518
581	566	910	90	90	8153524
580	556	910	90	90	8153530
579	545	914	90	90	8153536
578	534	910	90	90	8153543
577	523	910	90	90	8153549
575	511	910	90	90	8153555
574	498	910	90	90	8153561
572	483	910	90	90	8153568
570	469	906	90	90	8153574
569	455	906	90	90	8153580
567	441	906	90	90	8153586
566	426	906	90	90	8153593
565	412	906	90	90	8153599
564	397	906	90	90	8153605
563	382	910	90	90	8153611
562	369	910	90	90	8153618
561	355	910	90	90	8153624
561	342	914	90	90	8153630
560	328	914	90	90	8153636
560	316	914	90	90	8153643
560	304	910	90	90	8153649
559	293	906	90	90	8153655
559	284	894	90	90	8153661
559	277	869	90	90	8153668
559	271	829	90	90	8153674
559	268	649	90	90	8153686
559	270	414	90	90	8153693
559	273	253	90	90	8153699
559	279	40	90	90	8153711
140
574	535	96	90	90	8153949
573	535	245	90	90	8153955
572	536	454	90	90	8153968
572	537	656	90	90	8153974
572	538	708	90	90	8153980
573	539	741	90	90	8153986
575	541	769	90	90	8153993
577	542	793	90	90	8153999
579	543	813	90	90	8154005
582	544	829	90	90	8154011
586	546	845	90	90	8154018
590	547	857	90	90	8154024
594	548	865	90	90	8154030
599	550	878	90	90	8154036
605	551	886	90	90	8154043
610	553	898	90	90	8154049
616	554	906	90	90	8154055
623	556	914	90	90	8154061
629	558	922	90	90	8154068
636	560	930	90	90	8154074
644	561	934	90	90	8154080
651	563	938	90	90	8154086
659	564	942	90	90	8154093
667	566	946	90	90	8154099
675	567	946	90	90	8154105
683	568	950	90	90	8154111
691	569	950	90	90	8154118
699	570	950	90	90	8154124
707	571	950	90	90	8154130
716	571	950	90	90	8154136
724	572	950	90	90	8154143
732	573	950	90	90	8154149
740	573	950	90	90	8154155
747	573	950	90	90	8154161
754	573	950	90	90	8154168
761	573	954	90	90	8154174
767	573	954	90	90	8154180
773	572	954	90	90	8154186
778	572	954	90	90	8154193
783	570	954	90	90	8154199
787	569	954	90	90	8154205
790	568	954	90	90	8154211
793	566	954	90	90	8154218
795	564	954	90	90	8154224
797	562	954	90	90	8154230
798	560	954	90	90	8154236
799	557	954	90	90	8154243
800	554	954	90	90	8154249
800	551	954	90	90	8154255
799	547	954	90	90	8154261
798	542	954	90	90	8154268
797	537	950	90	90	8154274
796	532	950	90	90	8154280
795	527	950	90	90	8154286
794	521	946	90	90	8154293
793	515	946	90	90	8154299
792	509	946	90	90	8154305
791	502	946	90	90	8154311
790	495	946	90	90	8154318
789	489	942	90	90	8154324
788	482	942	90	90	8154330
787	475	942	90	90	8154336
786	468	942	90	90	8154343
785	460	942	90	90	8154349
784	453	942	90	90	8154355
783	446	942	90	90	8154361
782	440	942	90	90	8154368
781	433	942	90	90	8154374
781	427	946	90	90	8154380
780	422	946	90	90	8154386
779	417	946	90	90	8154393
778	413	946	90	90	8154399
777	409	946	90	90	8154405
775	405	950	90	90	8154411
774	402	950	90	90	8154418
773	400	950	90	90	8154424
772	397	950	90	90	8154430
770	395	950	90	90	8154436
769	394	950	90	90	8154443
767	392	950	90	90	8154449
765	391	950	90	90	8154455
763	390	950	90	90	8154461
761	389	950	90	90	8154468
759	388	950	90	90	8154474
757	387	946	90	90	8154480
754	387	946	90	90	8154486
752	387	946	90	90	8154493
749	387	946	90	90	8154499
746	387	946	90	90	8154505
743	387	946	90	90	8154511
739	388	946	90	90	8154518
735	388	946	90	90	8154524
731	388	946	90	90	8154530
727	389	946	90	90	8154536
722	389	946	90	90	8154543
717	390	946	90	90	8154549
712	390	946	90	90	8154555
707	391	946	90	90	8154561
702	391	946	90	90	8154568
697	392	946	90	90	8154574
692	393	946	90	90	8154580
687	394	946	90	90	8154586
681	395	946	90	90	8154593
676	395	946	90	90	8154599
671	396	942	90	90	8154605
666	397	942	90	90	8154611
660	397	942	90	90	8154618
655	398	938	90	90	8154624
650	398	938	90	90	8154630
644	398	938	90	90	8154636
639	398	938	90	90	8154643
633	398	934	90	90	8154649
628	398	934	90	90	8154655
623	398	934	90	90	8154661
618	397	934	90	90	8154668
613	397	934	90	90	8154674
609	397	934	90	90	8154680
605	397	934	90	90	8154686
601	397	930	90	90	8154693
597	397	930	90	90	8154699
594	397	930	90	90	8154705
591	398	926	90	90	8154711
587	398	926	90	90	8154718
584	398	926	90	90	8154724
582	398	922	90	90	8154730
579	399	922	90	90	8154736
577	399	922	90	90	8154743
574	399	922	90	90	8154749
572	399	918	90	90	8154755
570	400	918	90	90	8154761
568	400	918	90	90	8154768
567	400	918	90	90	8154774
566	400	914	90	90	8154780
564	400	910	90	90	8154786
563	400	898	90	90	8154793
562	400	863	90	90	8154805
561	399	668	90	90	8154818
560	398	439	90	90	8154824
559	398	273	90	90	8154830
558	398	52	90	90	8154843
26
584	583	60	90	90	8155161
585	585	157	90	90	8155168
585	586	241	90	90	8155174
585	587	318	90	90	8155180
585	588	444	90	90	8155193
585	590	635	90	90	8155218
584	590	759	90	90	8155230
583	589	793	90	90	8155236
582	589	809	90	90	8155243
581	588	821	90	90	8155249
579	586	829	90	90	8155255
577	584	837	90	90	8155261
575	581	837	90	90	8155268
571	577	841	90	90	8155274
568	573	841	90	90	8155280
563	569	841	90	90	8155286
559	564	837	90	90	8155293
554	558	829	90	90	8155299
548	552	813	90	90	8155305
543	546	789	90	90	8155311
538	540	745	90	90	8155318
533	534	660	90	90	8155324
528	529	527	90	90	8155330
523	523	378	90	90	8155336
519	518	225	90	90	8155343
515	513	36	90	90	8155355
21
579	494	68	90	90	8155636
579	495	417	90	90	8155661
578	495	690	90	90	8155674
576	493	745	90	90	8155680
575	492	769	90	90	8155686
574	490	785	90	90	8155693
572	487	797	90	90	8155699
570	484	805	90	90	8155705
567	481	809	90	90	8155711
564	476	813	90	90	8155718
561	471	813	90	90	8155724
557	465	813	90	90	8155730
553	459	809	90	90	8155736
549	452	801	90	90	8155743
544	445	789	90	90	8155749
540	438	761	90	90	8155755
536	430	684	90	90	8155761
532	423	555	90	90	8155768
528	415	402	90	90	8155774
525	409	257	90	90	8155780
522	403	52	90	90	8155793
18
562	370	52	90	90	8156111
563	371	189	90	90	8156118
564	372	563	90	90	8156149
563	372	777	90	90	8156161
562	370	813	90	90	8156168
561	369	825	90	90	8156174
559	367	833	90	90	8156180
557	364	841	90	90	8156186
555	360	845	90	90	8156193
552	356	849	90	90	8156199
549	350	845	90	90	8156205
545	344	833	90	90	8156211
541	337	805	90	90	8156218
537	329	700	90	90	8156224
533	322	563	90	90	8156230
529	315	414	90	90	8156236
525	309	257	90	90	8156243
521	303	46	90	90	8156255
6
1
330	363	0	90	90	8485958
43
554	679	92	90	90	8486483
555	682	475	90	90	8486508
555	680	821	90	90	8486515
554	677	821	90	90	8486521
554	673	817	90	90	8486527
553	668	821	90	90	8486533
553	662	829	90	90	8486540
552	655	841	90	90	8486546
551	647	849	90	90	8486552
550	638	861	90	90	8486558
550	630	869	90	90	8486565
549	620	878	90	90	8486571
550	610	886	90	90	8486577
550	600	894	90	90	8486583
551	589	902	90	90	8486590
552	578	906	90	90	8486596
553	565	910	90	90	8486602
554	552	914	90	90	8486608
555	538	914	90	90	8486615
556	523	914	90	90	8486621
557	508	910	90	90	8486627
558	490	910	90	90	8486633
558	474	906	90	90	8486640
558	458	906	90	90	8486646
559	441	902	90	90	8486652
559	425	902	90	90	8486658
559	408	902	90	90	8486665
559	392	906	90	90	8486671
558	375	906	90	90	8486677
558	361	906	90	90	8486683
558	345	906	90	90	8486690
557	330	910	90	90	8486696
557	315	910	90	90	8486702
557	301	914	90	90	8486708
557	289	910	90	90	8486715
557	277	906	90	90	8486721
557	267	890	90	90	8486727
557	259	857	90	90	8486733
557	252	773	90	90	8486740
558	247	624	90	90	8486746
559	245	467	90	90	8486752
559	244	302	90	90	8486758
560	245	66	90	90	8486771
105
543	578	16	90	90	8487008
542	579	161	90	90	8487015
541	581	376	90	90	8487027
542	581	588	90	90	8487033
544	582	708	90	90	8487040
546	582	724	90	90	8487046
549	583	728	90	90	8487052
553	583	745	90	90	8487058
559	585	757	90	90	8487065
565	586	773	90	90	8487071
572	587	785	90	90	8487077
580	589	797	90	90	8487083
588	591	805	90	90	8487090
597	593	813	90	90	8487096
606	594	817	90	90	8487102
616	596	825	90	90	8487108
626	598	829	90	90	8487115
636	600	833	90	90	8487121
646	601	841	90	90	8487127
657	603	845	90	90	8487133
668	605	849	90	90	8487140
678	606	853	90	90	8487146
689	608	857	90	90	8487152
699	609	861	90	90	8487158
709	610	861	90	90	8487165
719	611	865	90	90	8487171
728	611	865	90	90	8487177
737	611	869	90	90	8487183
745	611	869	90	90	8487190
753	611	873	90	90	8487196
760	611	873	90	90	8487202
766	610	873	90	90	8487208
772	609	878	90	90	8487215
777	608	878	90	90	8487221
781	606	878	90	90	8487227
785	604	882	90	90	8487233
788	602	886	90	90	8487240
790	599	886	90	90	8487246
791	595	890	90	90	8487252
792	591	894	90	90	8487258
792	587	894	90	90	8487265
792	581	898	90	90	8487271
792	576	898	90	90	8487277
791	570	902	90	90	8487283
790	564	902	90	90	8487290
789	557	902	90	90	8487296
788	550	906	90	90	8487302
786	542	906	90	90	8487308
785	534	906	90	90	8487315
784	526	910	90	90	8487321
782	518	910	90	90	8487327
781	509	910	90	90	8487333
779	500	910	90	90	8487340
777	492	914	90	90	8487346
776	483	914	90	90	8487352
774	475	914	90	90	8487358
773	467	914	90	90	8487365
772	460	914	90	90	8487371
771	453	914	90	90	8487377
770	446	914	90	90	8487383
768	440	914	90	90	8487390
767	434	918	90	90	8487396
766	428	918	90	90	8487402
764	423	918	90	90	8487408
762	418	918	90	90	8487415
760	414	918	90	90	8487421
758	410	918	90	90	8487427
755	407	918	90	90	8487433
753	404	918	90	90	8487440
750	401	918	90	90	8487446
747	400	918	90	90	8487452
744	398	918	90	90	8487458
742	397	918	90	90	8487465
739	396	918	90	90	8487471
735	395	918	90	90	8487477
732	395	918	90	90	8487483
728	394	918	90	90	8487490
723	394	918	90	90	8487496
719	393	914	90	90	8487502
714	393	914	90	90	8487508
708	393	914	90	90	8487515
702	394	910	90	90	8487521
697	394	910	90	90	8487527
691	395	906	90	90	8487533
684	395	906	90	90	8487540
677	396	902	90	90	8487546
670	397	898	90	90	8487552
663	398	894	90	90	8487558
656	399	890	90	90	8487565
649	400	886	90	90	8487571
641	400	882	90	90	8487577
633	401	878	90	90	8487583
626	402	873	90	90	8487590
618	402	865	90	90	8487596
610	402	861	90	90	8487602
603	402	857	90	90	8487608
596	402	849	90	90	8487615
589	401	845	90	90	8487621
583	401	829	90	90	8487627
578	400	805	90	90	8487633
573	399	733	90	90	8487640
569	398	596	90	90	8487646
565	398	447	90	90	8487652
563	399	289	90	90	8487658
561	400	62	90	90	8487671
22
551	627	24	90	90	8488002
552	627	276	90	90	8488021
553	628	617	90	90	8488046
552	629	742	90	90	8488058
550	627	773	90	90	8488065
549	625	789	90	90	8488071
547	622	793	90	90	8488077
545	619	797	90	90	8488083
542	616	801	90	90	8488090
539	612	801	90	90	8488096
536	607	805	90	90	8488102
532	602	805	90	90	8488108
527	596	801	90	90	8488115
522	590	801	90	90	8488121
517	583	793	90	90	8488127
511	575	773	90	90	8488133
505	567	737	90	90	8488140
499	559	636	90	90	8488146
493	551	499	90	90	8488152
487	543	350	90	90	8488158
482	536	197	90	90	8488165
478	529	24	90	90	8488177
21
558	516	88	90	90	8488383
557	515	299	90	90	8488396
556	515	515	90	90	8488402
555	515	644	90	90	8488408
554	514	684	90	90	8488415
553	514	708	90	90	8488421
552	512	737	90	90	8488427
551	510	757	90	90	8488433
550	508	769	90	90	8488440
548	504	773	90	90	8488446
546	500	773	90	90	8488452
544	495	773	90	90	8488458
540	489	773	90	90	8488465
537	483	761	90	90	8488471
533	476	749	90	90	8488477
529	469	712	90	90	8488483
524	461	636	90	90	8488490
520	454	499	90	90	8488496
516	447	354	90	90	8488502
511	440	205	90	90	8488508
508	434	26	90	90	8488521
16
567	390	136	90	90	8488758
565	387	281	90	90	8488765
564	385	430	90	90	8488771
562	383	575	90	90	8488777
560	380	708	90	90	8488783
557	376	745	90	90	8488790
554	372	765	90	90	8488796
551	366	781	90	90	8488802
547	360	789	90	90	8488808
543	353	785	90	90	8488815
538	345	761	90	90	8488821
533	337	700	90	90	8488827
527	328	567	90	90	8488833
521	319	422	90	90	8488840
515	311	277	90	90	8488846
509	303	62	90	90	8488858
6
1
327	422	0	90	90	8583808
38
570	641	108	90	90	8585766
570	644	249	90	90	8585772
569	644	464	90	90	8585785
569	646	730	90	90	8585810
569	643	821	90	90	8585816
569	641	845	90	90	8585822
569	639	861	90	90	8585829
569	635	882	90	90	8585835
570	630	898	90	90	8585841
570	625	914	90	90	8585847
571	619	926	90	90	8585854
571	612	938	90	90	8585860
571	604	946	90	90	8585866
572	595	954	90	90	8585872
572	585	958	90	90	8585879
571	574	962	90	90	8585885
571	560	966	90	90	8585891
570	547	966	90	90	8585897
569	533	966	90	90	8585904
568	518	966	90	90	8585910
566	503	966	90	90	8585916
564	487	966	90	90	8585922
563	471	962	90	90	8585929
561	455	962	90	90	8585935
559	438	962	90	90	8585941
557	422	962	90	90	8585947
555	406	962	90	90	8585954
554	391	962	90	90	8585960
553	377	962	90	90	8585966
552	364	958	90	90	8585972
551	353	954	90	90	8585979
551	344	938	90	90	8585985
551	338	918	90	90	8585991
552	334	886	90	90	8585997
552	331	730	90	90	8586010
553	333	499	90	90	8586016
554	337	326	90	90	8586022
554	342	76	90	90	8586035
123
569	539	72	90	90	8586279
568	541	213	90	90	8586285
568	542	426	90	90	8586297
568	543	646	90	90	8586310
569	544	737	90	90	8586316
570	545	785	90	90	8586322
571	546	825	90	90	8586329
573	546	857	90	90	8586335
575	548	882	90	90	8586341
577	549	902	90	90	8586347
581	550	922	90	90	8586354
584	552	934	90	90	8586360
589	553	950	90	90	8586366
593	555	958	90	90	8586372
598	556	966	90	90	8586379
604	557	970	90	90	8586385
609	558	978	90	90	8586391
615	558	982	90	90	8586397
622	559	982	90	90	8586404
628	560	986	90	90	8586410
635	561	986	90	90	8586416
642	561	986	90	90	8586422
649	563	986	90	90	8586429
656	564	990	90	90	8586435
663	565	990	90	90	8586441
670	566	990	90	90	8586447
677	567	990	90	90	8586454
684	568	990	90	90	8586460
690	569	990	90	90	8586466
696	569	994	90	90	8586472
702	569	994	90	90	8586479
707	568	994	90	90	8586485
712	568	994	90	90	8586491
716	568	994	90	90	8586497
720	567	994	90	90	8586504
723	566	994	90	90	8586510
726	566	994	90	90	8586516
729	565	994	90	90	8586522
731	564	998	90	90	8586529
733	563	998	90	90	8586535
735	562	998	90	90	8586541
736	561	998	90	90	8586547
737	560	998	90	90	8586554
737	559	998	90	90	8586560
737	558	998	90	90	8586566
738	557	998	90	90	8586572
738	556	998	90	90	8586579
738	555	998	90	90	8586585
738	554	998	90	90	8586591
738	553	998	90	90	8586597
738	551	998	90	90	8586604
738	549	998	90	90	8586610
737	547	998	90	90	8586616
737	544	994	90	90	8586622
737	541	994	90	90	8586629
737	537	994	90	90	8586635
736	533	998	90	90	8586641
736	529	998	90	90	8586647
735	524	998	90	90	8586654
735	518	998	90	90	8586660
734	513	1002	90	90	8586666
733	507	1006	90	90	8586672
733	500	1006	90	90	8586679
732	493	1010	90	90	8586685
731	486	1010	90	90	8586691
729	479	1014	90	90	8586697
728	472	1014	90	90	8586704
726	465	1023	90	90	8586710
724	458	1023	90	90	8586716
722	452	1023	90	90	8586722
720	446	1023	90	90	8586729
718	441	1023	90	90	8586735
716	437	1023	90	90	8586741
715	433	1023	90	90	8586747
713	430	1023	90	90	8586754
712	428	1023	90	90	8586760
710	426	1023	90	90	8586766
709	425	1023	90	90	8586772
708	424	1023	90	90	8586779
706	423	1023	90	90	8586785
705	423	1014	90	90	8586791
703	423	1014	90	90	8586797
701	423	1014	90	90	8586804
699	423	1014	90	90	8586810
697	424	1010	90	90	8586816
694	424	1010	90	90	8586822
692	424	1010	90	90	8586829
689	425	1010	90	90	8586835
686	425	1010	90	90	8586841
683	426	1010	90	90	8586847
680	426	1006	90	90	8586854
676	426	1006	90	90	8586860
673	427	1006	90	90	8586866
669	427	1006	90	90	8586872
665	427	1006	90	90	8586879
661	428	1006	90	90	8586885
656	428	1006	90	90	8586891
651	428	1006	90	90	8586897
647	429	1002	90	90	8586904
641	429	1002	90	90	8586910
636	430	998	90	90	8586916
630	431	998	90	90	8586922
624	431	998	90	90	8586929
618	431	994	90	90	8586935
613	431	994	90	90	8586941
607	431	990	90	90	8586947
601	431	990	90	90	8586954
595	430	986	90	90	8586960
590	430	982	90	90	8586966
585	429	978	90	90	8586972
580	428	978	90	90	8586979
576	428	970	90	90	8586985
571	427	966	90	90	8586991
568	427	958	90	90	8586997
565	426	946	90	90	8587004
562	426	926	90	90	8587010
559	426	894	90	90	8587016
558	426	825	90	90	8587022
557	426	672	90	90	8587029
556	427	519	90	90	8587035
555	428	346	90	90	8587041
555	430	169	90	90	8587047
555	433	0	90	90	8587060
23
577	588	206	90	90	8587379
576	588	563	90	90	8587391
574	588	704	90	90	8587397
573	588	761	90	90	8587404
571	587	809	90	90	8587410
570	586	841	90	90	8587416
567	584	869	90	90	8587422
565	582	886	90	90	8587429
562	579	902	90	90	8587435
559	576	910	90	90	8587441
555	571	918	90	90	8587447
550	566	922	90	90	8587454
545	560	922	90	90	8587460
540	553	918	90	90	8587466
534	546	914	90	90	8587472
529	539	902	90	90	8587479
523	532	878	90	90	8587485
518	525	837	90	90	8587491
514	519	737	90	90	8587497
510	514	596	90	90	8587504
508	511	430	90	90	8587510
506	508	273	90	90	8587516
505	507	52	90	90	8587529
22
573	508	251	90	90	8587747
572	507	551	90	90	8587754
571	506	684	90	90	8587760
570	505	741	90	90	8587766
569	503	773	90	90	8587772
568	501	801	90	90	8587779
566	497	817	90	90	8587785
564	494	825	90	90	8587791
562	489	833	90	90	8587797
559	484	833	90	90	8587804
555	479	837	90	90	8587810
551	473	837	90	90	8587816
547	466	833	90	90	8587822
542	460	821	90	90	8587829
538	453	805	90	90	8587835
534	446	781	90	90	8587841
530	440	753	90	90	8587847
526	434	684	90	90	8587854
524	430	543	90	90	8587860
522	427	390	90	90	8587866
521	424	245	90	90	8587872
520	423	44	90	90	8587885
17
555	406	68	90	90	8588141
556	408	249	90	90	8588147
557	409	582	90	90	8588166
555	407	886	90	90	8588172
553	404	906	90	90	8588179
551	401	906	90	90	8588185
549	397	906	90	90	8588191
546	392	906	90	90	8588197
543	387	902	90	90	8588204
540	381	890	90	90	8588210
537	375	869	90	90	8588216
533	369	825	90	90	8588222
530	364	680	90	90	8588229
526	359	531	90	90	8588235
523	356	370	90	90	8588241
520	353	197	90	90	8588247
518	352	12	90	90	8588260
6
1
330	425	0	90	90	8698863
33
554	603	72	90	90	8699376
555	605	209	90	90	8699382
556	606	420	90	90	8699395
556	604	632	90	90	8699401
555	602	676	90	90	8699407
555	600	724	90	90	8699413
556	596	769	90	90	8699420
556	592	809	90	90	8699426
556	587	837	90	90	8699432
557	580	857	90	90	8699438
558	572	869	90	90	8699445
558	563	882	90	90	8699451
558	553	894	90	90	8699457
559	542	902	90	90	8699463
559	530	906	90	90	8699470
559	516	914	90	90	8699476
559	502	918	90	90	8699482
559	487	926	90	90	8699488
559	471	930	90	90	8699495
559	455	934	90	90	8699501
559	438	934	90	90	8699507
559	421	934	90	90	8699513
559	405	930	90	90	8699520
559	389	926	90	90	8699526
559	375	922	90	90	8699532
559	362	914	90	90	8699538
560	351	898	90	90	8699545
560	342	869	90	90	8699551
561	335	821	90	90	8699557
561	330	676	90	90	8699563
562	328	444	90	90	8699576
562	331	193	90	90	8699582
562	335	12	90	90	8699595
99
556	520	32	90	90	8699751
554	520	181	90	90	8699757
553	519	416	90	90	8699770
551	519	736	90	90	8699788
553	519	813	90	90	8699795
555	520	829	90	90	8699801
557	521	845	90	90	8699807
561	523	861	90	90	8699813
565	525	878	90	90	8699820
569	527	886	90	90	8699826
575	529	894	90	90	8699832
580	532	902	90	90	8699838
586	534	906	90	90	8699845
592	536	910	90	90	8699851
598	538	918	90	90	8699857
605	541	922	90	90	8699863
612	543	926	90	90	8699870
619	544	930	90	90	8699876
626	546	934	90	90	8699882
633	548	938	90	90	8699888
640	550	938	90	90	8699895
647	551	942	90	90	8699901
654	552	946	90	90	8699907
661	553	946	90	90	8699913
668	554	950	90	90	8699920
674	554	950	90	90	8699926
679	554	954	90	90	8699932
685	554	954	90	90	8699938
690	553	958	90	90	8699945
694	552	958	90	90	8699951
698	551	962	90	90	8699957
701	549	962	90	90	8699963
704	547	962	90	90	8699970
706	545	966	90	90	8699976
708	543	966	90	90	8699982
709	541	966	90	90	8699988
709	539	970	90	90	8699995
710	536	970	90	90	8700001
710	533	974	90	90	8700007
710	529	974	90	90	8700013
710	525	978	90	90	8700020
709	520	978	90	90	8700026
708	515	982	90	90	8700032
708	509	982	90	90	8700038
707	503	982	90	90	8700045
706	497	982	90	90	8700051
705	491	982	90	90	8700057
704	484	982	90	90	8700063
703	478	982	90	90	8700070
702	471	978	90	90	8700076
701	465	978	90	90	8700082
700	459	978	90	90	8700088
699	453	978	90	90	8700095
698	448	978	90	90	8700101
697	442	978	90	90	8700107
696	438	978	90	90	8700113
695	434	978	90	90	8700120
694	430	978	90	90	8700126
693	427	978	90	90	8700132
692	425	978	90	90	8700138
690	424	978	90	90	8700145
689	424	978	90	90	8700151
688	424	978	90	90	8700157
686	424	978	90	90	8700163
684	425	974	90	90	8700170
682	425	974	90	90	8700176
680	426	974	90	90	8700182
677	427	974	90	90	8700188
674	427	974	90	90	8700195
671	427	974	90	90	8700201
667	428	974	90	90	8700207
664	428	970	90	90	8700213
660	428	970	90	90	8700220
656	428	970	90	90	8700226
651	428	970	90	90	8700232
647	429	970	90	90	8700238
642	429	970	90	90	8700245
637	429	970	90	90	8700251
631	430	966	90	90	8700257
625	430	966	90	90	8700263
620	431	966	90	90	8700270
614	431	966	90	90	8700276
609	431	966	90	90	8700282
603	431	962	90	90	8700288
598	431	962	90	90	8700295
593	431	958	90	90	8700301
588	430	954	90	90	8700307
584	430	946	90	90	8700313
580	429	938	90	90	8700320
577	428	926	90	90	8700326
574	427	914	90	90	8700332
571	427	902	90	90	8700338
568	427	882	90	90	8700345
566	427	849	90	90	8700351
564	427	777	90	90	8700357
562	428	636	90	90	8700363
561	429	479	90	90	8700370
560	430	318	90	90	8700376
559	432	74	90	90	8700388
20
559	562	377	90	90	8700795
558	564	740	90	90	8700813
557	564	842	90	90	8700838
557	563	886	90	90	8700845
557	562	898	90	90	8700851
556	561	910	90	90	8700857
555	559	918	90	90	8700863
554	557	922	90	90	8700870
553	553	922	90	90	8700876
551	549	922	90	90	8700882
549	545	922	90	90	8700888
546	540	910	90	90	8700895
543	534	890	90	90	8700901
539	528	853	90	90	8700907
535	521	797	90	90	8700913
532	515	684	90	90	8700920
529	510	539	90	90	8700926
526	505	378	90	90	8700932
523	501	213	90	90	8700938
521	497	28	90	90	8700951
15
556	488	92	90	90	8701170
556	489	466	90	90	8701195
556	488	749	90	90	8701201
555	487	781	90	90	8701207
554	486	801	90	90	8701213
553	484	813	90	90	8701220
551	481	817	90	90	8701226
549	477	813	90	90	8701232
547	473	797	90	90	8701238
545	469	761	90	90	8701245
543	464	636	90	90	8701251
540	459	491	90	90	8701257
537	455	342	90	90	8701263
535	450	181	90	90	8701270
533	446	14	90	90	8701282
15
561	403	72	90	90	8701570
563	405	469	90	90	8701595
562	404	813	90	90	8701601
561	402	825	90	90	8701607
560	399	837	90	90	8701613
558	396	841	90	90	8701620
556	392	841	90	90	8701626
553	387	837	90	90	8701632
550	382	821	90	90	8701638
547	376	785	90	90	8701645
544	371	652	90	90	8701651
540	365	515	90	90	8701657
537	360	354	90	90	8701663
534	356	197	90	90	8701670
530	352	18	90	90	8701682
6
1
328	419	0	90	90	8795389
48
600	608	92	90	90	8796202
600	610	281	90	90	8796214
600	611	507	90	90	8796227
600	612	626	90	90	8796239
599	613	746	90	90	8796277
599	612	825	90	90	8796283
600	611	845	90	90	8796289
600	609	861	90	90	8796296
600	607	878	90	90	8796302
600	604	894	90	90	8796308
600	602	902	90	90	8796314
600	598	910	90	90	8796321
600	595	918	90	90	8796327
600	591	926	90	90	8796333
600	586	930	90	90	8796339
601	581	934	90	90	8796346
601	576	938	90	90	8796352
601	570	938	90	90	8796358
601	563	942	90	90	8796364
601	556	946	90	90	8796371
600	549	946	90	90	8796377
600	540	946	90	90	8796383
600	532	950	90	90	8796389
600	522	950	90	90	8796396
600	513	950	90	90	8796402
599	502	950	90	90	8796408
599	492	950	90	90	8796414
599	481	950	90	90	8796421
599	470	954	90	90	8796427
599	458	954	90	90	8796433
599	446	954	90	90	8796439
599	435	954	90	90	8796446
599	423	954	90	90	8796452
598	411	954	90	90	8796458
598	400	954	90	90	8796464
598	389	954	90	90	8796471
598	379	950	90	90	8796477
597	369	950	90	90	8796483
597	360	946	90	90	8796489
597	352	938	90	90	8796496
596	345	930	90	90	8796502
596	340	910	90	90	8796508
596	336	886	90	90	8796514
596	334	784	90	90	8796527
596	335	571	90	90	8796533
595	338	414	90	90	8796539
595	343	253	90	90	8796546
595	348	40	90	90	8796558
139
596	516	68	90	90	8796827
596	517	209	90	90	8796833
597	518	420	90	90	8796846
598	519	642	90	90	8796858
599	520	767	90	90	8796871
600	521	821	90	90	8796877
602	522	845	90	90	8796883
603	523	865	90	90	8796889
605	524	886	90	90	8796896
607	525	902	90	90	8796902
610	526	918	90	90	8796908
613	528	930	90	90	8796914
616	529	938	90	90	8796921
620	531	950	90	90	8796927
624	533	958	90	90	8796933
629	535	966	90	90	8796939
633	537	970	90	90	8796946
638	538	974	90	90	8796952
643	540	978	90	90	8796958
648	542	982	90	90	8796964
654	543	982	90	90	8796971
660	545	986	90	90	8796977
665	547	986	90	90	8796983
671	549	990	90	90	8796989
677	550	990	90	90	8796996
684	552	990	90	90	8797002
690	553	990	90	90	8797008
696	555	994	90	90	8797014
703	556	994	90	90	8797021
709	557	994	90	90	8797027
715	559	994	90	90	8797033
721	560	994	90	90	8797039
726	561	994	90	90	8797046
731	562	994	90	90	8797052
736	563	994	90	90	8797058
741	564	994	90	90	8797064
745	564	998	90	90	8797071
749	565	998	90	90	8797077
752	566	998	90	90	8797083
755	566	998	90	90	8797089
758	566	998	90	90	8797096
760	567	998	90	90	8797102
762	567	998	90	90	8797108
764	567	998	90	90	8797114
765	567	998	90	90	8797121
766	566	998	90	90	8797133
767	566	998	90	90	8797146
768	565	1002	90	90	8797158
768	563	1002	90	90	8797171
768	562	1002	90	90	8797177
769	560	1002	90	90	8797183
769	559	1002	90	90	8797189
769	558	1006	90	90	8797196
769	556	1006	90	90	8797202
769	554	1002	90	90	8797208
768	552	1002	90	90	8797214
768	549	1002	90	90	8797221
768	546	1002	90	90	8797227
768	543	1002	90	90	8797233
768	539	1002	90	90	8797239
768	536	1002	90	90	8797246
768	531	1002	90	90	8797252
767	527	1002	90	90	8797258
767	522	1002	90	90	8797264
767	517	1002	90	90	8797271
766	511	998	90	90	8797277
765	506	998	90	90	8797283
764	500	998	90	90	8797289
763	493	998	90	90	8797296
762	487	998	90	90	8797302
761	481	998	90	90	8797308
760	475	998	90	90	8797314
759	469	998	90	90	8797321
758	463	998	90	90	8797327
757	458	998	90	90	8797333
756	453	998	90	90	8797339
755	448	1002	90	90	8797346
753	444	1002	90	90	8797352
752	441	1002	90	90	8797358
751	438	1002	90	90	8797364
750	435	1002	90	90	8797371
748	432	1002	90	90	8797377
747	430	1002	90	90	8797383
746	428	1002	90	90	8797389
744	427	1002	90	90	8797396
743	426	1002	90	90	8797402
742	425	1006	90	90	8797408
741	424	1006	90	90	8797414
740	424	1006	90	90	8797421
739	424	1006	90	90	8797427
738	424	1006	90	90	8797433
736	424	1006	90	90	8797439
735	425	1006	90	90	8797446
733	425	1006	90	90	8797452
731	425	1006	90	90	8797458
729	426	1006	90	90	8797464
727	426	1006	90	90	8797471
724	426	1006	90	90	8797477
722	426	1006	90	90	8797483
719	427	1006	90	90	8797489
716	427	1006	90	90	8797496
713	427	1010	90	90	8797502
710	427	1010	90	90	8797508
707	427	1010	90	90	8797514
703	428	1010	90	90	8797521
700	428	1010	90	90	8797527
696	428	1010	90	90	8797533
692	429	1010	90	90	8797539
687	429	1010	90	90	8797546
683	429	1010	90	90	8797552
679	429	1010	90	90	8797558
674	429	1010	90	90	8797564
670	428	1010	90	90	8797571
665	428	1010	90	90	8797577
661	428	1010	90	90	8797583
656	428	1010	90	90	8797589
652	427	1010	90	90	8797596
647	427	1010	90	90	8797602
643	427	1010	90	90	8797608
639	427	1010	90	90	8797614
635	427	1010	90	90	8797621
631	427	1010	90	90	8797627
627	426	1010	90	90	8797633
623	426	1010	90	90	8797639
620	426	1010	90	90	8797646
618	426	1010	90	90	8797652
615	425	1010	90	90	8797658
612	425	1010	90	90	8797664
610	425	1010	90	90	8797671
609	425	1010	90	90	8797677
607	426	1010	90	90	8797683
606	426	1010	90	90	8797689
605	426	1010	90	90	8797696
604	426	1008	90	90	8797708
602	426	1000	90	90	8797727
601	426	905	90	90	8797752
602	427	537	90	90	8797764
603	429	277	90	90	8797771
603	430	46	90	90	8797783
33
604	558	12	90	90	8798096
604	559	258	90	90	8798127
604	560	486	90	90	8798152
604	561	642	90	90	8798183
603	561	752	90	90	8798208
602	561	815	90	90	8798227
601	560	861	90	90	8798239
600	559	892	90	90	8798252
598	558	914	90	90	8798258
597	557	922	90	90	8798264
596	556	934	90	90	8798271
594	554	942	90	90	8798277
593	552	950	90	90	8798283
590	549	954	90	90	8798289
588	546	958	90	90	8798296
585	542	958	90	90	8798302
581	537	958	90	90	8798308
576	531	958	90	90	8798314
571	525	958	90	90	8798321
566	518	954	90	90	8798327
561	511	954	90	90	8798333
556	504	950	90	90	8798339
550	498	946	90	90	8798346
545	492	938	90	90	8798352
541	487	926	90	90	8798358
538	483	910	90	90	8798364
535	480	886	90	90	8798371
533	478	849	90	90	8798377
532	477	714	90	90	8798389
533	478	491	90	90	8798396
535	479	334	90	90	8798402
537	480	169	90	90	8798408
539	482	6	90	90	8798421
26
600	476	12	90	90	8798714
601	477	144	90	90	8798721
602	478	337	90	90	8798733
602	479	565	90	90	8798746
602	480	721	90	90	8798764
602	481	833	90	90	8798783
600	480	886	90	90	8798789
600	479	906	90	90	8798796
599	478	922	90	90	8798802
597	475	934	90	90	8798808
595	472	942	90	90	8798814
593	468	946	90	90	8798821
590	464	954	90	90	8798827
586	458	954	90	90	8798833
583	451	958	90	90	8798839
579	444	958	90	90	8798846
574	436	954	90	90	8798852
570	428	954	90	90	8798858
566	421	946	90	90	8798864
562	415	938	90	90	8798871
558	409	926	90	90	8798877
556	404	898	90	90	8798883
554	401	853	90	90	8798889
553	399	553	90	90	8798908
554	400	229	90	90	8798914
555	401	28	90	90	8798927
26
599	397	28	90	90	8799252
600	398	178	90	90	8799264
601	399	360	90	90	8799277
601	400	550	90	90	8799296
601	401	784	90	90	8799339
600	400	894	90	90	8799346
600	399	910	90	90	8799352
599	397	922	90	90	8799358
598	396	934	90	90	8799364
597	393	942	90	90	8799371
595	389	946	90	90	8799377
592	385	954	90	90	8799383
589	380	954	90	90	8799389
586	374	954	90	90	8799396
582	368	958	90	90	8799402
578	360	958	90	90	8799408
574	353	958	90	90	8799414
569	346	958	90	90	8799421
565	339	954	90	90	8799427
561	334	950	90	90	8799433
558	329	934	90	90	8799439
556	326	910	90	90	8799446
555	324	710	90	90	8799464
554	326	390	90	90	8799471
555	329	213	90	90	8799477
556	332	18	90	90	8799489
6
1
346	452	0	90	90	8892392
42
604	609	28	90	90	8893279
604	611	257	90	90	8893292
604	612	638	90	90	8893310
603	612	833	90	90	8893317
603	611	865	90	90	8893323
603	609	894	90	90	8893329
603	607	914	90	90	8893335
603	604	930	90	90	8893342
603	600	938	90	90	8893348
603	596	950	90	90	8893354
603	591	958	90	90	8893360
603	584	962	90	90	8893367
603	578	970	90	90	8893373
603	570	974	90	90	8893379
602	562	978	90	90	8893385
601	553	982	90	90	8893392
600	543	986	90	90	8893398
599	532	990	90	90	8893404
597	521	990	90	90	8893410
595	510	994	90	90	8893417
593	497	994	90	90	8893423
591	485	998	90	90	8893429
589	472	998	90	90	8893435
587	460	998	90	90	8893442
586	447	998	90	90	8893448
584	435	998	90	90	8893454
583	424	998	90	90	8893460
581	412	994	90	90	8893467
580	401	994	90	90	8893473
579	391	994	90	90	8893479
579	382	994	90	90	8893485
578	374	990	90	90	8893492
577	366	986	90	90	8893498
576	359	982	90	90	8893504
576	354	970	90	90	8893510
576	350	958	90	90	8893517
575	346	934	90	90	8893523
575	344	902	90	90	8893529
575	343	720	90	90	8893542
574	346	479	90	90	8893548
573	349	306	90	90	8893554
573	353	70	90	90	8893567
135
600	527	114	90	90	8893904
599	527	495	90	90	8893923
598	527	813	90	90	8893954
598	528	890	90	90	8893967
600	529	902	90	90	8893973
601	530	910	90	90	8893979
603	531	918	90	90	8893985
605	531	926	90	90	8893992
608	532	934	90	90	8893998
611	533	938	90	90	8894004
614	534	946	90	90	8894010
618	535	946	90	90	8894017
622	537	950	90	90	8894023
627	538	954	90	90	8894029
632	539	954	90	90	8894035
637	541	958	90	90	8894042
642	542	958	90	90	8894048
648	543	962	90	90	8894054
654	545	962	90	90	8894060
660	546	962	90	90	8894067
666	547	966	90	90	8894073
673	548	966	90	90	8894079
680	549	970	90	90	8894085
686	550	970	90	90	8894092
692	551	974	90	90	8894098
699	552	974	90	90	8894104
705	552	978	90	90	8894110
711	553	978	90	90	8894117
716	553	978	90	90	8894123
721	554	982	90	90	8894129
726	554	982	90	90	8894135
730	554	982	90	90	8894142
734	555	982	90	90	8894148
738	555	982	90	90	8894154
741	555	982	90	90	8894160
743	555	982	90	90	8894167
746	555	982	90	90	8894173
748	555	982	90	90	8894179
750	555	982	90	90	8894185
752	555	982	90	90	8894192
753	555	986	90	90	8894198
755	555	986	90	90	8894204
756	555	986	90	90	8894210
757	555	986	90	90	8894217
758	555	986	90	90	8894223
759	554	986	90	90	8894235
761	554	987	90	90	8894273
762	553	990	90	90	8894292
762	552	994	90	90	8894304
762	550	994	90	90	8894310
762	549	994	90	90	8894317
762	547	998	90	90	8894323
762	545	998	90	90	8894329
762	543	998	90	90	8894335
762	540	998	90	90	8894342
762	537	1002	90	90	8894348
761	533	1002	90	90	8894354
761	529	1002	90	90	8894360
761	525	1002	90	90	8894367
760	520	1002	90	90	8894373
759	515	1002	90	90	8894379
759	509	1006	90	90	8894385
758	503	1006	90	90	8894392
757	497	1006	90	90	8894398
755	491	1006	90	90	8894404
754	484	1006	90	90	8894410
753	477	1006	90	90	8894417
752	470	1006	90	90	8894423
750	463	1006	90	90	8894429
749	457	1010	90	90	8894435
748	450	1010	90	90	8894442
747	444	1010	90	90	8894448
746	439	1010	90	90	8894454
745	434	1010	90	90	8894460
744	430	1010	90	90	8894467
744	427	1010	90	90	8894473
744	424	1010	90	90	8894479
743	422	1010	90	90	8894485
743	421	1010	90	90	8894498
743	420	1014	90	90	8894535
742	421	1014	90	90	8894548
741	422	1014	90	90	8894560
740	423	1014	90	90	8894573
739	425	1014	90	90	8894579
738	425	1010	90	90	8894585
737	426	1010	90	90	8894592
736	426	1010	90	90	8894598
734	427	1010	90	90	8894604
732	428	1010	90	90	8894610
730	428	1010	90	90	8894617
727	429	1010	90	90	8894623
724	429	1010	90	90	8894629
721	430	1010	90	90	8894635
717	430	1010	90	90	8894642
713	431	1010	90	90	8894648
709	432	1010	90	90	8894654
704	432	1010	90	90	8894660
700	433	1010	90	90	8894667
695	433	1010	90	90	8894673
690	434	1010	90	90	8894679
684	434	1010	90	90	8894685
679	435	1010	90	90	8894692
674	435	1010	90	90	8894698
669	435	1010	90	90	8894704
663	436	1014	90	90	8894710
658	436	1014	90	90	8894717
653	437	1014	90	90	8894723
647	437	1010	90	90	8894729
642	437	1014	90	90	8894735
637	438	1010	90	90	8894742
632	438	1010	90	90	8894748
627	438	1010	90	90	8894754
623	438	1010	90	90	8894760
619	438	1010	90	90	8894767
615	438	1010	90	90	8894773
611	438	1010	90	90	8894779
608	438	1006	90	90	8894785
605	438	1006	90	90	8894792
602	438	1006	90	90	8894798
599	438	1002	90	90	8894804
597	438	1002	90	90	8894810
594	438	998	90	90	8894817
592	438	998	90	90	8894823
590	438	994	90	90	8894829
588	439	990	90	90	8894835
586	439	986	90	90	8894842
585	438	978	90	90	8894848
583	438	966	90	90	8894854
582	437	946	90	90	8894860
580	436	918	90	90	8894867
580	435	857	90	90	8894873
579	435	627	90	90	8894885
577	435	378	90	90	8894892
577	437	197	90	90	8894898
577	439	12	90	90	8894910
29
600	562	8	90	90	8895242
601	563	108	90	90	8895248
601	564	267	90	90	8895260
601	565	440	90	90	8895273
601	566	585	90	90	8895285
601	567	732	90	90	8895310
601	568	865	90	90	8895335
599	567	918	90	90	8895348
598	565	934	90	90	8895354
597	564	942	90	90	8895360
595	562	946	90	90	8895367
593	559	950	90	90	8895373
591	556	954	90	90	8895379
588	552	958	90	90	8895385
584	548	958	90	90	8895392
579	543	958	90	90	8895398
574	537	958	90	90	8895404
569	531	958	90	90	8895410
564	525	954	90	90	8895417
558	518	950	90	90	8895423
552	512	938	90	90	8895429
547	506	930	90	90	8895435
542	501	914	90	90	8895442
538	496	894	90	90	8895448
536	493	853	90	90	8895454
534	491	753	90	90	8895460
533	491	527	90	90	8895473
534	492	285	90	90	8895479
536	493	60	90	90	8895492
26
589	485	4	90	90	8895729
590	486	210	90	90	8895742
591	488	490	90	90	8895754
591	489	682	90	90	8895767
592	490	771	90	90	8895779
592	491	868	90	90	8895817
591	489	934	90	90	8895823
590	488	946	90	90	8895829
589	486	954	90	90	8895835
588	484	962	90	90	8895842
586	481	966	90	90	8895848
584	478	970	90	90	8895854
581	474	974	90	90	8895860
578	469	974	90	90	8895867
575	464	974	90	90	8895873
571	458	974	90	90	8895879
567	452	970	90	90	8895885
563	446	962	90	90	8895892
559	440	946	90	90	8895898
556	435	926	90	90	8895904
553	430	898	90	90	8895910
552	426	833	90	90	8895917
551	424	680	90	90	8895923
550	422	444	90	90	8895935
552	423	189	90	90	8895942
553	424	12	90	90	8895954
22
578	402	208	90	90	8896273
579	402	628	90	90	8896298
579	404	879	90	90	8896348
578	403	962	90	90	8896354
577	401	974	90	90	8896360
576	399	986	90	90	8896367
575	397	990	90	90	8896373
574	394	994	90	90	8896379
571	390	998	90	90	8896385
569	386	998	90	90	8896392
566	381	998	90	90	8896398
563	376	998	90	90	8896404
559	370	994	90	90	8896410
556	364	986	90	90	8896417
552	359	974	90	90	8896423
548	354	954	90	90	8896429
545	349	926	90	90	8896435
543	346	821	90	90	8896442
541	343	664	90	90	8896448
539	342	503	90	90	8896454
538	343	326	90	90	8896460
538	344	74	90	90	8896473
6
1
593	572	0	90	90	8996421
45
563	607	104	90	90	8996764
563	608	601	90	90	8996796
563	607	813	90	90	8996802
563	606	837	90	90	8996808
564	604	857	90	90	8996814
564	602	873	90	90	8996821
565	599	886	90	90	8996827
566	596	898	90	90	8996833
567	592	906	90	90	8996839
567	587	914	90	90	8996846
568	582	926	90	90	8996852
569	576	934	90	90	8996858
569	570	942	90	90	8996864
570	562	954	90	90	8996871
570	554	962	90	90	8996877
570	545	966	90	90	8996883
570	535	974	90	90	8996889
570	525	978	90	90	8996896
569	514	982	90	90	8996902
569	501	982	90	90	8996908
568	489	982	90	90	8996914
567	475	986	90	90	8996921
567	462	986	90	90	8996927
566	448	986	90	90	8996933
565	432	986	90	90	8996939
564	418	986	90	90	8996946
564	403	986	90	90	8996952
563	389	990	90	90	8996958
563	375	990	90	90	8996964
562	361	994	90	90	8996971
562	347	994	90	90	8996977
561	334	998	90	90	8996983
561	323	998	90	90	8996989
561	311	998	90	90	8996996
560	299	998	90	90	8997002
560	289	994	90	90	8997008
560	280	990	90	90	8997014
560	273	978	90	90	8997021
560	267	962	90	90	8997027
560	264	938	90	90	8997033
560	261	819	90	90	8997046
560	263	588	90	90	8997052
559	266	418	90	90	8997058
559	270	249	90	90	8997064
559	275	34	90	90	8997077
123
573	514	12	90	90	8997352
573	516	247	90	90	8997364
573	517	706	90	90	8997396
575	518	861	90	90	8997402
576	519	878	90	90	8997408
578	519	894	90	90	8997414
580	520	906	90	90	8997421
583	521	918	90	90	8997427
586	522	926	90	90	8997433
590	523	934	90	90	8997439
594	524	942	90	90	8997446
599	525	950	90	90	8997452
604	526	954	90	90	8997458
610	527	958	90	90	8997464
616	528	962	90	90	8997471
622	529	962	90	90	8997477
628	530	966	90	90	8997483
634	531	966	90	90	8997489
641	532	970	90	90	8997496
648	533	970	90	90	8997502
655	535	970	90	90	8997508
663	536	974	90	90	8997514
670	538	974	90	90	8997521
677	539	974	90	90	8997527
685	540	974	90	90	8997533
692	542	974	90	90	8997539
699	543	978	90	90	8997546
706	544	978	90	90	8997552
713	545	978	90	90	8997558
719	546	978	90	90	8997564
726	547	978	90	90	8997571
731	547	978	90	90	8997577
737	548	982	90	90	8997583
742	548	982	90	90	8997589
747	548	982	90	90	8997596
751	548	982	90	90	8997602
754	548	982	90	90	8997608
757	548	982	90	90	8997614
760	548	982	90	90	8997621
762	547	982	90	90	8997627
763	546	982	90	90	8997633
765	546	982	90	90	8997639
766	545	986	90	90	8997646
766	543	986	90	90	8997652
767	542	986	90	90	8997658
767	540	990	90	90	8997664
767	537	990	90	90	8997671
767	535	990	90	90	8997677
767	532	994	90	90	8997683
767	528	994	90	90	8997689
766	524	994	90	90	8997696
766	520	994	90	90	8997702
765	516	994	90	90	8997708
764	511	998	90	90	8997714
763	507	998	90	90	8997721
763	501	998	90	90	8997727
762	496	998	90	90	8997733
761	490	998	90	90	8997739
761	484	998	90	90	8997746
760	477	998	90	90	8997752
759	470	1002	90	90	8997758
758	463	1002	90	90	8997764
757	456	1002	90	90	8997771
756	448	1002	90	90	8997777
755	441	1002	90	90	8997783
754	435	1002	90	90	8997789
753	429	1006	90	90	8997796
752	423	1006	90	90	8997802
750	418	1006	90	90	8997808
749	413	1006	90	90	8997814
747	409	1010	90	90	8997821
746	405	1010	90	90	8997827
744	402	1010	90	90	8997833
743	399	1010	90	90	8997839
741	396	1010	90	90	8997846
739	394	1010	90	90	8997852
737	392	1010	90	90	8997858
735	390	1010	90	90	8997864
733	389	1010	90	90	8997871
731	388	1010	90	90	8997877
728	387	1010	90	90	8997883
725	386	1010	90	90	8997889
722	386	1010	90	90	8997896
718	386	1014	90	90	8997902
715	386	1014	90	90	8997908
711	386	1014	90	90	8997914
706	387	1014	90	90	8997921
702	387	1014	90	90	8997927
697	388	1014	90	90	8997933
693	388	1014	90	90	8997939
687	389	1014	90	90	8997946
682	390	1010	90	90	8997952
677	390	1010	90	90	8997958
671	391	1010	90	90	8997964
665	392	1010	90	90	8997971
659	392	1010	90	90	8997977
653	392	1010	90	90	8997983
647	392	1010	90	90	8997989
642	392	1010	90	90	8997996
635	392	1010	90	90	8998002
629	392	1006	90	90	8998008
623	391	1006	90	90	8998014
618	391	1006	90	90	8998021
612	390	1002	90	90	8998027
606	389	1002	90	90	8998033
600	389	1002	90	90	8998039
595	388	998	90	90	8998046
590	387	998	90	90	8998052
585	386	994	90	90	8998058
580	386	994	90	90	8998064
575	385	990	90	90	8998071
570	384	990	90	90	8998077
566	383	986	90	90	8998083
563	383	978	90	90	8998089
559	382	970	90	90	8998096
557	381	954	90	90	8998102
555	381	926	90	90	8998108
553	381	857	90	90	8998114
552	381	700	90	90	8998121
551	382	547	90	90	8998127
551	384	370	90	90	8998133
551	386	193	90	90	8998139
551	389	6	90	90	8998152
27
571	555	68	90	90	8998464
570	555	265	90	90	8998477
569	555	509	90	90	8998489
568	555	656	90	90	8998502
567	556	745	90	90	8998508
566	556	789	90	90	8998514
565	556	825	90	90	8998521
564	555	857	90	90	8998527
562	555	886	90	90	8998533
561	554	906	90	90	8998539
559	552	922	90	90	8998546
556	549	934	90	90	8998552
552	545	938	90	90	8998558
549	541	942	90	90	8998564
544	535	942	90	90	8998571
539	529	938	90	90	8998577
534	522	930	90	90	8998583
527	514	922	90	90	8998589
521	506	906	90	90	8998596
515	498	886	90	90	8998602
509	490	857	90	90	8998608
504	483	821	90	90	8998614
500	477	749	90	90	8998621
496	472	604	90	90	8998627
493	469	447	90	90	8998633
491	467	289	90	90	8998639
490	466	68	90	90	8998652
21
562	459	112	90	90	8998921
563	460	333	90	90	8998933
563	461	627	90	90	8998946
563	462	825	90	90	8998983
563	461	898	90	90	8998989
562	459	910	90	90	8998996
561	457	922	90	90	8999002
560	454	926	90	90	8999008
558	450	930	90	90	8999014
555	446	930	90	90	8999021
552	440	930	90	90	8999027
549	434	926	90	90	8999033
545	426	918	90	90	8999039
541	419	906	90	90	8999046
537	411	882	90	90	8999052
533	403	833	90	90	8999058
529	396	688	90	90	8999064
526	389	539	90	90	8999071
523	384	378	90	90	8999077
521	380	209	90	90	8999083
519	376	18	90	90	8999096
22
561	343	192	90	90	8999427
562	343	654	90	90	8999464
561	343	819	90	90	8999477
560	341	849	90	90	8999483
559	340	869	90	90	8999489
558	338	886	90	90	8999496
557	336	902	90	90	8999502
556	333	914	90	90	8999508
554	330	926	90	90	8999514
552	327	934	90	90	8999521
549	323	938	90	90	8999527
546	318	938	90	90	8999533
543	312	938	90	90	8999539
540	307	934	90	90	8999546
536	301	930	90	90	8999552
533	295	918	90	90	8999558
529	289	894	90	90	8999564
526	284	845	90	90	8999571
524	280	700	90	90	8999577
522	278	551	90	90	8999583
521	277	299	90	90	8999596
519	278	18	90	90	8999608
6
1
554	556	0	90	90	9111758
52
610	615	8	90	90	9112464
610	616	153	90	90	9112471
609	617	366	90	90	9112483
609	618	635	90	90	9112496
608	618	745	90	90	9112502
607	617	781	90	90	9112508
607	615	813	90	90	9112514
607	613	837	90	90	9112521
607	611	857	90	90	9112527
607	608	878	90	90	9112533
607	604	898	90	90	9112539
607	599	914	90	90	9112546
607	594	930	90	90	9112552
608	589	942	90	90	9112558
608	582	954	90	90	9112564
608	575	966	90	90	9112571
608	567	974	90	90	9112577
607	559	982	90	90	9112583
607	550	990	90	90	9112589
606	540	994	90	90	9112596
606	530	998	90	90	9112602
605	520	1002	90	90	9112608
605	509	1002	90	90	9112614
604	499	1006	90	90	9112621
604	488	1006	90	90	9112627
603	477	1010	90	90	9112633
603	465	1010	90	90	9112639
603	454	1014	90	90	9112646
602	442	1014	90	90	9112652
602	430	1014	90	90	9112658
602	417	1023	90	90	9112664
601	405	1023	90	90	9112671
601	393	1023	90	90	9112677
601	381	1023	90	90	9112683
601	370	1023	90	90	9112689
601	359	1023	90	90	9112696
602	349	1023	90	90	9112702
602	339	1023	90	90	9112708
602	330	1023	90	90	9112714
603	322	1023	90	90	9112721
603	315	1023	90	90	9112727
604	308	1023	90	90	9112733
604	302	1023	90	90	9112739
605	298	1014	90	90	9112746
605	295	1002	90	90	9112752
606	293	962	90	90	9112764
606	294	894	90	90	9112771
607	297	753	90	90	9112777
607	302	596	90	90	9112783
607	308	426	90	90	9112789
606	315	253	90	90	9112796
606	322	36	90	90	9112808
139
603	528	80	90	90	9113114
602	528	233	90	90	9113121
601	528	458	90	90	9113133
599	529	706	90	90	9113146
598	529	825	90	90	9113164
599	530	878	90	90	9113171
600	531	898	90	90	9113177
601	531	910	90	90	9113183
603	532	926	90	90	9113189
606	533	938	90	90	9113196
610	534	946	90	90	9113202
613	535	954	90	90	9113208
617	536	962	90	90	9113214
622	537	966	90	90	9113221
627	538	970	90	90	9113227
632	539	974	90	90	9113233
638	540	974	90	90	9113239
643	541	978	90	90	9113246
649	542	982	90	90	9113252
655	543	986	90	90	9113258
661	544	986	90	90	9113264
668	545	990	90	90	9113271
675	546	994	90	90	9113277
682	547	994	90	90	9113283
690	548	998	90	90	9113289
698	549	998	90	90	9113296
705	550	1002	90	90	9113302
713	551	1002	90	90	9113308
720	552	1006	90	90	9113314
728	553	1006	90	90	9113321
735	554	1010	90	90	9113327
742	555	1010	90	90	9113333
749	556	1014	90	90	9113339
756	556	1014	90	90	9113346
762	557	1014	90	90	9113352
768	558	1023	90	90	9113358
773	559	1023	90	90	9113364
778	560	1023	90	90	9113371
783	560	1023	90	90	9113377
787	561	1023	90	90	9113383
790	561	1023	90	90	9113389
793	562	1023	90	90	9113396
795	562	1023	90	90	9113402
797	562	1023	90	90	9113408
798	561	1023	90	90	9113414
799	561	1023	90	90	9113427
800	560	1023	90	90	9113439
801	559	1023	90	90	9113452
801	558	1023	90	90	9113458
800	557	1023	90	90	9113464
800	556	1023	90	90	9113471
800	554	1023	90	90	9113477
800	553	1023	90	90	9113483
799	551	1023	90	90	9113489
798	549	1023	90	90	9113496
798	546	1023	90	90	9113502
797	543	1023	90	90	9113508
797	540	1023	90	90	9113514
796	536	1023	90	90	9113521
795	532	1023	90	90	9113527
795	527	1023	90	90	9113533
794	522	1023	90	90	9113539
793	517	1023	90	90	9113546
793	511	1023	90	90	9113552
792	506	1023	90	90	9113558
792	499	1023	90	90	9113564
791	493	1023	90	90	9113571
790	487	1023	90	90	9113577
790	481	1023	90	90	9113583
789	475	1023	90	90	9113589
789	469	1023	90	90	9113596
788	463	1023	90	90	9113602
788	458	1023	90	90	9113608
788	453	1023	90	90	9113614
788	448	1023	90	90	9113621
787	444	1023	90	90	9113627
787	440	1023	90	90	9113633
786	436	1023	90	90	9113639
786	433	1023	90	90	9113646
785	430	1023	90	90	9113652
784	428	1023	90	90	9113658
783	426	1023	90	90	9113664
782	425	1023	90	90	9113671
781	424	1023	90	90	9113677
780	424	1023	90	90	9113683
778	423	1023	90	90	9113689
776	423	1023	90	90	9113696
774	423	1023	90	90	9113702
772	424	1023	90	90	9113708
770	424	1023	90	90	9113714
768	424	1023	90	90	9113721
765	425	1023	90	90	9113727
763	425	1023	90	90	9113733
760	426	1023	90	90	9113739
756	426	1023	90	90	9113746
753	426	1023	90	90	9113752
749	427	1023	90	90	9113758
745	427	1023	90	90	9113764
740	427	1023	90	90	9113771
736	427	1023	90	90	9113777
731	427	1023	90	90	9113783
727	427	1023	90	90	9113789
722	427	1023	90	90	9113796
717	427	1023	90	90	9113802
712	427	1023	90	90	9113808
707	426	1023	90	90	9113814
702	426	1023	90	90	9113821
697	426	1023	90	90	9113827
692	425	1023	90	90	9113833
686	425	1023	90	90	9113839
681	425	1023	90	90	9113846
676	424	1023	90	90	9113852
671	424	1023	90	90	9113858
666	424	1023	90	90	9113864
662	423	1023	90	90	9113871
657	423	1023	90	90	9113877
652	422	1023	90	90	9113883
647	421	1023	90	90	9113889
643	421	1023	90	90	9113896
639	420	1023	90	90	9113902
635	419	1023	90	90	9113908
631	418	1023	90	90	9113914
627	418	1023	90	90	9113921
624	417	1023	90	90	9113927
620	417	1023	90	90	9113933
617	416	1023	90	90	9113939
615	416	1023	90	90	9113946
612	416	1023	90	90	9113952
610	415	1023	90	90	9113958
608	415	1023	90	90	9113964
607	415	1023	90	90	9113971
606	415	1023	90	90	9113977
605	415	1023	90	90	9113983
604	414	1018	90	90	9113996
602	414	992	90	90	9114008
601	414	803	90	90	9114027
600	416	479	90	90	9114033
600	417	302	90	90	9114039
600	419	60	90	90	9114052
29
602	571	4	90	90	9114346
603	572	96	90	90	9114352
603	573	237	90	90	9114364
603	574	414	90	90	9114377
603	575	593	90	90	9114396
603	576	806	90	90	9114439
602	576	906	90	90	9114452
601	574	926	90	90	9114458
601	572	938	90	90	9114464
600	570	950	90	90	9114471
598	567	958	90	90	9114477
596	563	966	90	90	9114483
594	558	974	90	90	9114489
591	553	982	90	90	9114496
587	546	986	90	90	9114502
583	539	986	90	90	9114508
578	531	986	90	90	9114514
573	522	986	90	90	9114521
567	513	982	90	90	9114527
561	504	974	90	90	9114533
556	496	962	90	90	9114539
550	487	946	90	90	9114546
545	480	922	90	90	9114552
541	474	898	90	90	9114558
538	469	853	90	90	9114564
535	466	757	90	90	9114571
533	464	604	90	90	9114577
532	463	360	90	90	9114589
534	466	56	90	90	9114602
25
600	486	112	90	90	9114852
601	487	257	90	90	9114858
601	488	470	90	90	9114871
601	489	722	90	90	9114896
601	490	840	90	90	9114921
602	490	888	90	90	9114933
602	488	906	90	90	9114939
602	486	918	90	90	9114946
601	484	926	90	90	9114952
600	482	938	90	90	9114958
599	479	946	90	90	9114964
596	475	954	90	90	9114971
594	470	958	90	90	9114977
590	465	958	90	90	9114983
587	459	962	90	90	9114989
583	452	962	90	90	9114996
578	445	958	90	90	9115002
573	437	950	90	90	9115008
568	429	942	90	90	9115014
564	422	926	90	90	9115021
560	415	906	90	90	9115027
558	410	837	90	90	9115033
555	406	688	90	90	9115039
554	403	360	90	90	9115058
555	405	4	90	90	9115071
23
602	394	4	90	90	9115364
603	393	290	90	90	9115383
603	392	700	90	90	9115408
602	391	815	90	90	9115421
602	390	857	90	90	9115427
601	388	882	90	90	9115433
600	387	902	90	90	9115439
600	384	918	90	90	9115446
598	382	934	90	90	9115452
596	378	942	90	90	9115458
594	374	950	90	90	9115464
591	369	954	90	90	9115471
588	363	958	90	90	9115477
584	356	958	90	90	9115483
580	348	954	90	90	9115489
576	341	950	90	90	9115496
571	333	934	90	90	9115502
567	325	906	90	90	9115508
563	319	757	90	90	9115514
560	314	604	90	90	9115521
558	310	430	90	90	9115527
555	309	253	90	90	9115533
554	309	34	90	90	9115546
6
1
347	422	0	90	90	9214249
36
595	640	40	90	90	9214724
595	641	263	90	90	9214736
593	639	471	90	90	9214743
592	638	620	90	90	9214749
592	637	741	90	90	9214755
591	634	765	90	90	9214761
590	631	793	90	90	9214768
590	626	821	90	90	9214774
590	621	841	90	90	9214780
590	615	861	90	90	9214786
590	608	882	90	90	9214793
591	599	894	90	90	9214799
591	590	906	90	90	9214805
591	579	918	90	90	9214811
591	568	926	90	90	9214818
591	556	934	90	90	9214824
591	543	942	90	90	9214830
591	530	946	90	90	9214836
590	514	950	90	90	9214843
589	499	954	90	90	9214849
588	483	954	90	90	9214855
587	466	958	90	90	9214861
586	449	958	90	90	9214868
584	433	958	90	90	9214874
583	416	958	90	90	9214880
582	400	958	90	90	9214886
580	387	958	90	90	9214893
579	373	954	90	90	9214899
578	362	950	90	90	9214905
578	354	938	90	90	9214911
577	346	910	90	90	9214918
577	342	869	90	90	9214924
577	340	645	90	90	9214936
578	343	398	90	90	9214943
578	348	229	90	90	9214949
578	355	26	90	90	9214961
119
593	541	52	90	90	9215111
590	544	209	90	90	9215118
589	545	370	90	90	9215124
588	545	597	90	90	9215136
587	547	813	90	90	9215149
588	548	833	90	90	9215155
590	549	849	90	90	9215161
592	550	857	90	90	9215168
595	551	865	90	90	9215174
597	552	873	90	90	9215180
601	553	878	90	90	9215186
605	553	886	90	90	9215193
609	554	894	90	90	9215199
613	554	902	90	90	9215205
618	554	910	90	90	9215211
624	555	918	90	90	9215218
630	555	926	90	90	9215224
636	555	934	90	90	9215230
643	556	942	90	90	9215236
650	556	946	90	90	9215243
657	557	954	90	90	9215249
664	558	958	90	90	9215255
671	559	962	90	90	9215261
678	560	962	90	90	9215268
685	561	962	90	90	9215274
693	562	966	90	90	9215280
700	563	966	90	90	9215286
706	564	966	90	90	9215293
713	564	970	90	90	9215299
719	565	970	90	90	9215305
725	566	970	90	90	9215311
731	566	974	90	90	9215318
737	567	974	90	90	9215324
742	567	974	90	90	9215330
746	568	974	90	90	9215336
750	568	978	90	90	9215343
754	568	978	90	90	9215349
757	567	978	90	90	9215355
760	567	978	90	90	9215361
762	566	978	90	90	9215368
763	565	978	90	90	9215374
765	564	982	90	90	9215380
766	562	982	90	90	9215386
766	560	982	90	90	9215393
767	558	986	90	90	9215399
767	556	986	90	90	9215405
767	553	986	90	90	9215411
767	550	990	90	90	9215418
767	546	990	90	90	9215424
767	542	990	90	90	9215430
766	537	994	90	90	9215436
766	532	994	90	90	9215443
765	526	998	90	90	9215449
765	520	998	90	90	9215455
764	513	998	90	90	9215461
763	506	1002	90	90	9215468
762	499	1002	90	90	9215474
761	491	1006	90	90	9215480
759	484	1006	90	90	9215486
758	477	1006	90	90	9215493
757	471	1006	90	90	9215499
757	464	1006	90	90	9215505
756	459	1010	90	90	9215511
755	453	1010	90	90	9215518
754	448	1010	90	90	9215524
753	444	1010	90	90	9215530
753	440	1010	90	90	9215536
751	436	1014	90	90	9215543
750	433	1014	90	90	9215549
749	431	1014	90	90	9215555
748	429	1014	90	90	9215561
746	427	1014	90	90	9215568
745	427	1014	90	90	9215574
743	426	1014	90	90	9215580
742	426	1014	90	90	9215586
740	426	1014	90	90	9215593
738	426	1014	90	90	9215599
736	426	1014	90	90	9215605
734	426	1014	90	90	9215611
731	427	1014	90	90	9215618
728	427	1014	90	90	9215624
724	428	1014	90	90	9215630
720	428	1014	90	90	9215636
716	429	1014	90	90	9215643
712	429	1014	90	90	9215649
707	430	1014	90	90	9215655
703	430	1014	90	90	9215661
698	431	1014	90	90	9215668
693	431	1010	90	90	9215674
688	431	1010	90	90	9215680
682	432	1010	90	90	9215686
677	432	1010	90	90	9215693
671	432	1010	90	90	9215699
666	432	1010	90	90	9215705
660	432	1006	90	90	9215711
654	432	1006	90	90	9215718
648	431	1006	90	90	9215724
643	431	1006	90	90	9215730
637	431	1006	90	90	9215736
631	430	1006	90	90	9215743
626	430	1006	90	90	9215749
621	429	1006	90	90	9215755
616	429	1002	90	90	9215761
611	428	1002	90	90	9215768
607	428	1002	90	90	9215774
603	427	1002	90	90	9215780
599	426	1002	90	90	9215786
596	426	998	90	90	9215793
593	425	998	90	90	9215799
590	424	994	90	90	9215805
588	424	986	90	90	9215811
586	423	982	90	90	9215818
585	423	970	90	90	9215824
584	423	936	90	90	9215836
583	423	811	90	90	9215849
583	424	592	90	90	9215855
583	425	422	90	90	9215861
583	426	253	90	90	9215868
583	428	36	90	90	9215880
26
589	583	52	90	90	9216168
590	584	157	90	90	9216174
591	585	313	90	90	9216186
592	586	519	90	90	9216205
592	587	696	90	90	9216224
591	587	801	90	90	9216236
589	586	849	90	90	9216243
588	585	873	90	90	9216249
587	584	894	90	90	9216255
586	583	906	90	90	9216261
584	581	918	90	90	9216268
581	578	926	90	90	9216274
579	575	930	90	90	9216280
575	571	930	90	90	9216286
571	566	930	90	90	9216293
566	561	926	90	90	9216299
561	554	922	90	90	9216305
556	548	914	90	90	9216311
551	541	902	90	90	9216318
545	535	878	90	90	9216324
540	528	841	90	90	9216330
535	522	757	90	90	9216336
531	517	612	90	90	9216343
528	512	455	90	90	9216349
526	509	298	90	90	9216355
524	506	70	90	90	9216368
22
594	503	140	90	90	9216593
595	505	515	90	90	9216611
594	505	767	90	90	9216624
593	505	841	90	90	9216636
591	504	878	90	90	9216643
590	502	890	90	90	9216649
588	500	898	90	90	9216655
586	497	906	90	90	9216661
584	493	910	90	90	9216668
581	488	914	90	90	9216674
577	483	914	90	90	9216680
573	477	914	90	90	9216686
569	471	910	90	90	9216693
565	463	902	90	90	9216699
560	456	886	90	90	9216705
556	449	853	90	90	9216711
552	442	805	90	90	9216718
549	436	720	90	90	9216724
546	430	571	90	90	9216730
544	426	406	90	90	9216736
544	423	249	90	90	9216743
543	421	40	90	90	9216755
25
576	400	16	90	90	9217011
578	402	144	90	90	9217018
579	402	341	90	90	9217030
580	403	631	90	90	9217055
581	404	795	90	90	9217074
580	404	873	90	90	9217086
579	403	906	90	90	9217093
578	402	922	90	90	9217099
578	401	934	90	90	9217105
577	399	938	90	90	9217111
575	397	946	90	90	9217118
573	394	946	90	90	9217124
571	390	946	90	90	9217130
568	385	950	90	90	9217136
564	381	950	90	90	9217143
561	375	946	90	90	9217149
556	369	938	90	90	9217155
552	362	930	90	90	9217161
548	356	914	90	90	9217168
544	351	886	90	90	9217174
541	347	745	90	90	9217180
539	345	592	90	90	9217186
537	344	422	90	90	9217193
536	345	253	90	90	9217199
535	347	36	90	90	9217211
