4
1
327	306	0	90	90	8077000
44
558	557	52	90	90	8078067
557	556	205	90	90	8078073
556	556	438	90	90	8078086
554	555	798	90	90	8078123
555	555	878	90	90	8078130
557	555	886	90	90	8078136
558	555	894	90	90	8078142
560	556	902	90	90	8078148
563	556	910	90	90	8078155
565	557	918	90	90	8078161
568	557	930	90	90	8078167
572	558	938	90	90	8078173
575	558	942	90	90	8078180
579	559	950	90	90	8078186
583	559	958	90	90	8078192
588	560	962	90	90	8078198
593	560	966	90	90	8078205
598	561	966	90	90	8078211
604	561	970	90	90	8078217
610	561	970	90	90	8078223
616	562	974	90	90	8078230
623	563	978	90	90	8078236
630	563	978	90	90	8078242
637	563	982	90	90	8078248
644	564	986	90	90	8078255
652	564	986	90	90	8078261
660	564	990	90	90	8078267
669	563	994	90	90	8078273
678	563	994	90	90	8078280
686	563	998	90	90	8078286
696	563	998	90	90	8078292
705	563	998	90	90	8078298
714	563	1002	90	90	8078305
723	563	1002	90	90	8078311
732	563	1002	90	90	8078317
740	563	1002	90	90	8078323
747	562	1002	90	90	8078330
754	562	994	90	90	8078336
761	562	978	90	90	8078342
767	561	938	90	90	8078348
771	561	785	90	90	8078355
775	561	624	90	90	8078361
778	561	451	90	90	8078367
779	561	117	90	90	8078386
37
635	555	132	90	90	8078755
635	556	265	90	90	8078761
635	557	398	90	90	8078767
635	558	543	90	90	8078773
634	560	620	90	90	8078780
634	561	676	90	90	8078786
634	562	728	90	90	8078792
634	563	761	90	90	8078798
634	564	801	90	90	8078811
634	565	851	90	90	8078830
633	563	882	90	90	8078836
633	562	898	90	90	8078842
632	561	910	90	90	8078848
632	559	918	90	90	8078855
632	556	926	90	90	8078861
631	553	934	90	90	8078867
631	548	938	90	90	8078873
631	542	942	90	90	8078880
630	535	946	90	90	8078886
630	527	950	90	90	8078892
629	517	950	90	90	8078898
629	507	954	90	90	8078905
629	496	954	90	90	8078911
629	485	958	90	90	8078917
629	474	958	90	90	8078923
629	463	958	90	90	8078930
629	453	954	90	90	8078936
629	444	950	90	90	8078942
629	436	938	90	90	8078948
630	429	926	90	90	8078955
630	424	906	90	90	8078961
631	420	873	90	90	8078967
631	417	805	90	90	8078973
632	415	579	90	90	8078986
633	417	338	90	90	8078992
633	419	169	90	90	8078998
634	423	0	90	90	8079011
29
708	556	36	90	90	8079305
708	558	173	90	90	8079311
708	559	318	90	90	8079317
708	560	529	90	90	8079330
708	561	752	90	90	8079361
709	560	853	90	90	8079367
709	559	878	90	90	8079373
709	558	902	90	90	8079380
709	555	922	90	90	8079386
709	552	938	90	90	8079392
709	549	954	90	90	8079398
709	544	966	90	90	8079405
708	538	978	90	90	8079411
708	531	986	90	90	8079417
707	524	990	90	90	8079423
706	515	994	90	90	8079430
705	506	998	90	90	8079436
704	496	998	90	90	8079442
703	486	998	90	90	8079448
702	475	998	90	90	8079455
700	465	994	90	90	8079461
699	455	990	90	90	8079467
698	445	982	90	90	8079473
696	437	970	90	90	8079480
696	431	942	90	90	8079486
695	426	873	90	90	8079492
695	422	712	90	90	8079498
695	420	380	90	90	8079517
695	422	12	90	90	8079530
4
1
328	380	0	90	90	8178980
46
545	568	56	90	90	8179480
542	568	217	90	90	8179486
541	568	448	90	90	8179499
541	569	656	90	90	8179505
542	570	785	90	90	8179511
543	570	781	90	90	8179518
546	571	777	90	90	8179524
549	571	777	90	90	8179530
552	571	781	90	90	8179536
556	571	785	90	90	8179543
560	570	793	90	90	8179549
565	570	797	90	90	8179555
569	570	805	90	90	8179561
575	569	813	90	90	8179568
580	569	825	90	90	8179574
586	569	833	90	90	8179580
593	569	845	90	90	8179586
600	569	857	90	90	8179593
607	569	869	90	90	8179599
615	569	878	90	90	8179605
623	568	890	90	90	8179611
632	567	898	90	90	8179618
640	566	902	90	90	8179624
649	564	910	90	90	8179630
658	563	914	90	90	8179636
668	561	914	90	90	8179643
677	560	914	90	90	8179649
687	559	918	90	90	8179655
696	558	918	90	90	8179661
706	557	922	90	90	8179668
716	556	922	90	90	8179674
726	556	926	90	90	8179680
735	556	926	90	90	8179686
745	556	930	90	90	8179693
754	556	934	90	90	8179699
763	556	934	90	90	8179705
772	556	938	90	90	8179711
780	556	942	90	90	8179718
787	556	942	90	90	8179724
794	556	938	90	90	8179730
800	557	930	90	90	8179736
805	557	898	90	90	8179743
809	557	809	90	90	8179749
812	558	660	90	90	8179755
815	558	503	90	90	8179761
816	558	163	90	90	8179780
38
646	562	104	90	90	8180093
645	562	229	90	90	8180099
644	562	416	90	90	8180111
642	563	598	90	90	8180130
641	563	702	90	90	8180149
641	562	757	90	90	8180161
641	560	781	90	90	8180168
641	559	793	90	90	8180174
642	558	809	90	90	8180180
642	556	821	90	90	8180186
642	554	829	90	90	8180193
643	551	841	90	90	8180199
643	547	849	90	90	8180205
644	543	857	90	90	8180211
644	538	861	90	90	8180218
645	531	869	90	90	8180224
645	524	869	90	90	8180230
645	517	873	90	90	8180236
645	508	873	90	90	8180243
644	500	873	90	90	8180249
644	490	873	90	90	8180255
643	480	873	90	90	8180261
642	469	873	90	90	8180268
641	458	869	90	90	8180274
640	446	869	90	90	8180280
638	434	869	90	90	8180286
637	422	869	90	90	8180293
635	410	869	90	90	8180299
634	399	865	90	90	8180305
633	388	861	90	90	8180311
632	379	849	90	90	8180318
632	371	833	90	90	8180324
632	364	797	90	90	8180330
632	360	708	90	90	8180336
633	358	571	90	90	8180343
634	358	418	90	90	8180349
636	359	261	90	90	8180355
637	362	52	90	90	8180368
34
738	552	160	90	90	8180543
737	552	452	90	90	8180555
735	552	660	90	90	8180561
734	552	700	90	90	8180568
733	551	751	90	90	8180580
732	549	793	90	90	8180586
732	548	813	90	90	8180593
731	545	833	90	90	8180599
731	542	845	90	90	8180605
731	538	857	90	90	8180611
730	533	869	90	90	8180618
729	526	882	90	90	8180624
728	520	890	90	90	8180630
727	512	894	90	90	8180636
725	503	894	90	90	8180643
723	494	894	90	90	8180649
720	484	894	90	90	8180655
718	473	894	90	90	8180661
714	462	894	90	90	8180668
710	449	894	90	90	8180674
706	436	894	90	90	8180680
702	422	890	90	90	8180686
698	409	890	90	90	8180693
694	396	886	90	90	8180699
690	384	882	90	90	8180705
686	373	878	90	90	8180711
682	363	865	90	90	8180718
679	355	845	90	90	8180724
676	349	801	90	90	8180730
673	344	676	90	90	8180736
669	341	531	90	90	8180743
666	340	374	90	90	8180749
662	339	209	90	90	8180755
658	340	20	90	90	8180768
4
1
331	395	0	90	90	8509877
38
534	565	16	90	90	8516402
536	566	161	90	90	8516408
537	566	306	90	90	8516415
540	566	447	90	90	8516421
542	567	588	90	90	8516427
545	568	708	90	90	8516433
549	568	728	90	90	8516440
554	569	737	90	90	8516446
558	569	749	90	90	8516452
564	570	765	90	90	8516458
569	570	781	90	90	8516465
575	571	797	90	90	8516471
581	572	813	90	90	8516477
588	573	833	90	90	8516483
596	574	849	90	90	8516490
603	575	869	90	90	8516496
611	576	886	90	90	8516502
620	577	902	90	90	8516508
629	578	914	90	90	8516515
637	579	922	90	90	8516521
647	579	930	90	90	8516527
656	580	938	90	90	8516533
665	580	942	90	90	8516540
675	581	946	90	90	8516546
684	581	946	90	90	8516552
693	582	950	90	90	8516558
703	582	950	90	90	8516565
712	583	954	90	90	8516571
721	583	954	90	90	8516577
730	584	954	90	90	8516583
738	584	950	90	90	8516590
746	584	930	90	90	8516596
753	583	886	90	90	8516602
759	583	737	90	90	8516608
764	583	575	90	90	8516615
768	582	406	90	90	8516621
771	582	233	90	90	8516627
773	581	26	90	90	8516640
28
627	570	16	90	90	8516921
628	571	157	90	90	8516927
629	572	443	90	90	8516946
629	573	709	90	90	8516965
629	572	797	90	90	8516971
628	570	821	90	90	8516977
628	569	837	90	90	8516983
628	566	853	90	90	8516990
628	563	869	90	90	8516996
628	559	882	90	90	8517002
628	554	894	90	90	8517008
628	547	906	90	90	8517015
628	539	918	90	90	8517021
628	531	926	90	90	8517027
628	521	934	90	90	8517033
628	510	938	90	90	8517040
627	499	938	90	90	8517046
627	488	942	90	90	8517052
626	477	938	90	90	8517058
626	467	934	90	90	8517065
625	459	922	90	90	8517071
625	451	902	90	90	8517077
625	445	869	90	90	8517083
626	440	809	90	90	8517090
626	437	585	90	90	8517102
628	437	342	90	90	8517108
629	439	173	90	90	8517115
630	443	4	90	90	8517127
27
726	589	40	90	90	8517308
725	588	197	90	90	8517315
724	587	362	90	90	8517321
724	585	527	90	90	8517327
723	584	672	90	90	8517333
722	582	821	90	90	8517340
722	580	849	90	90	8517346
721	577	873	90	90	8517352
721	573	898	90	90	8517358
721	569	918	90	90	8517365
720	563	930	90	90	8517371
720	556	938	90	90	8517377
719	548	942	90	90	8517383
719	539	950	90	90	8517390
718	529	950	90	90	8517396
716	518	950	90	90	8517402
715	508	950	90	90	8517408
713	497	946	90	90	8517415
712	487	942	90	90	8517421
710	478	938	90	90	8517427
709	469	926	90	90	8517433
708	462	898	90	90	8517440
708	455	841	90	90	8517446
708	450	688	90	90	8517452
708	447	535	90	90	8517458
708	445	366	90	90	8517465
708	444	67	90	90	8517483
4
1
349	436	0	90	90	8620789
45
514	584	48	90	90	8621221
512	581	189	90	90	8621227
512	580	334	90	90	8621233
512	579	467	90	90	8621239
512	578	608	90	90	8621246
513	577	741	90	90	8621252
514	577	757	90	90	8621258
516	576	773	90	90	8621264
519	575	793	90	90	8621271
523	575	813	90	90	8621277
527	575	837	90	90	8621283
531	575	857	90	90	8621289
536	575	878	90	90	8621296
542	575	894	90	90	8621302
548	575	910	90	90	8621308
554	576	926	90	90	8621314
560	576	938	90	90	8621321
567	577	946	90	90	8621327
574	578	958	90	90	8621333
582	579	966	90	90	8621339
590	580	974	90	90	8621346
598	581	982	90	90	8621352
607	582	986	90	90	8621358
616	583	994	90	90	8621364
626	584	998	90	90	8621371
635	585	1002	90	90	8621377
645	586	1006	90	90	8621383
655	587	1010	90	90	8621389
665	588	1014	90	90	8621396
675	589	1014	90	90	8621402
686	590	1023	90	90	8621408
696	591	1023	90	90	8621414
705	592	1023	90	90	8621421
715	592	1023	90	90	8621427
724	593	1023	90	90	8621433
733	593	1023	90	90	8621439
741	593	1023	90	90	8621446
749	593	1010	90	90	8621452
756	593	1002	90	90	8621458
762	592	978	90	90	8621464
767	591	942	90	90	8621471
771	590	849	90	90	8621477
775	590	688	90	90	8621483
777	589	531	90	90	8621489
779	589	130	90	90	8621514
31
604	574	154	90	90	8621827
603	575	630	90	90	8621871
602	576	794	90	90	8621908
602	575	825	90	90	8621914
602	574	833	90	90	8621921
603	572	845	90	90	8621927
603	570	857	90	90	8621933
603	567	869	90	90	8621939
604	564	882	90	90	8621946
604	560	894	90	90	8621952
605	555	906	90	90	8621958
605	549	914	90	90	8621964
605	543	922	90	90	8621971
605	535	930	90	90	8621977
605	527	934	90	90	8621983
605	517	938	90	90	8621989
604	504	946	90	90	8621996
603	493	950	90	90	8622002
602	480	954	90	90	8622008
601	467	954	90	90	8622014
601	454	958	90	90	8622021
600	441	958	90	90	8622027
599	429	958	90	90	8622033
599	418	950	90	90	8622039
599	409	938	90	90	8622046
599	400	918	90	90	8622052
600	393	878	90	90	8622058
600	387	769	90	90	8622064
601	383	616	90	90	8622071
602	381	368	90	90	8622083
603	383	54	90	90	8622096
36
705	601	36	90	90	8622327
704	599	227	90	90	8622339
703	598	488	90	90	8622352
703	596	628	90	90	8622364
703	594	692	90	90	8622371
703	593	737	90	90	8622377
704	591	773	90	90	8622383
704	589	805	90	90	8622389
704	586	833	90	90	8622396
705	583	861	90	90	8622402
705	579	886	90	90	8622408
705	574	910	90	90	8622414
705	569	926	90	90	8622421
705	563	942	90	90	8622427
704	557	958	90	90	8622433
704	549	966	90	90	8622439
703	541	974	90	90	8622446
701	533	982	90	90	8622452
700	523	986	90	90	8622458
698	513	990	90	90	8622464
696	502	990	90	90	8622471
694	491	994	90	90	8622477
692	480	994	90	90	8622483
690	469	994	90	90	8622489
687	458	994	90	90	8622496
685	447	990	90	90	8622502
683	437	986	90	90	8622508
682	428	978	90	90	8622514
680	419	970	90	90	8622521
679	412	954	90	90	8622527
678	407	926	90	90	8622533
677	403	882	90	90	8622539
677	400	781	90	90	8622546
677	399	545	90	90	8622558
677	401	294	90	90	8622564
677	404	62	90	90	8622577
4
1
331	416	0	90	90	8726385
38
530	512	40	90	90	8726810
527	512	197	90	90	8726816
525	511	426	90	90	8726829
524	511	734	90	90	8726847
526	511	793	90	90	8726854
528	511	801	90	90	8726860
530	512	813	90	90	8726866
533	512	829	90	90	8726872
537	513	841	90	90	8726879
541	513	857	90	90	8726885
547	514	869	90	90	8726891
553	515	882	90	90	8726897
559	515	898	90	90	8726904
567	516	910	90	90	8726910
575	517	918	90	90	8726916
583	518	930	90	90	8726922
592	519	938	90	90	8726929
602	520	946	90	90	8726935
612	521	954	90	90	8726941
622	522	958	90	90	8726947
633	522	962	90	90	8726954
643	523	970	90	90	8726960
654	523	974	90	90	8726966
665	523	978	90	90	8726972
676	523	978	90	90	8726979
687	523	982	90	90	8726985
698	523	986	90	90	8726991
708	523	986	90	90	8726997
719	523	986	90	90	8727004
729	524	986	90	90	8727010
738	524	982	90	90	8727016
747	524	970	90	90	8727022
755	524	938	90	90	8727029
762	525	841	90	90	8727035
768	525	684	90	90	8727041
773	525	523	90	90	8727047
776	526	342	90	90	8727054
779	526	78	90	90	8727066
28
606	525	36	90	90	8727354
607	526	319	90	90	8727372
606	524	608	90	90	8727379
606	523	664	90	90	8727385
605	522	712	90	90	8727391
605	519	761	90	90	8727397
605	516	793	90	90	8727404
605	512	821	90	90	8727410
605	506	837	90	90	8727416
605	499	853	90	90	8727422
605	491	865	90	90	8727429
605	482	878	90	90	8727435
605	471	886	90	90	8727441
604	459	894	90	90	8727447
604	446	898	90	90	8727454
603	433	906	90	90	8727460
603	419	910	90	90	8727466
602	405	910	90	90	8727472
602	391	906	90	90	8727479
602	378	902	90	90	8727485
603	367	890	90	90	8727491
603	357	869	90	90	8727497
604	349	829	90	90	8727504
605	343	737	90	90	8727510
606	339	592	90	90	8727516
607	337	430	90	90	8727522
609	338	277	90	90	8727529
610	341	54	90	90	8727541
29
714	525	4	90	90	8727697
715	526	298	90	90	8727716
714	527	638	90	90	8727729
712	528	736	90	90	8727741
711	529	817	90	90	8727779
712	527	878	90	90	8727785
712	524	894	90	90	8727791
712	521	906	90	90	8727797
713	517	922	90	90	8727804
713	512	934	90	90	8727810
712	506	942	90	90	8727816
711	498	946	90	90	8727822
710	489	954	90	90	8727829
709	478	958	90	90	8727835
707	467	966	90	90	8727841
704	454	970	90	90	8727847
702	440	970	90	90	8727854
699	426	974	90	90	8727860
697	413	974	90	90	8727866
694	400	974	90	90	8727872
692	388	970	90	90	8727879
691	378	958	90	90	8727885
689	370	938	90	90	8727891
688	365	902	90	90	8727897
688	360	845	90	90	8727904
687	358	627	90	90	8727916
685	359	378	90	90	8727922
684	361	209	90	90	8727929
682	364	18	90	90	8727941
4
1
319	371	0	90	90	8824357
45
618	547	8	90	90	8826073
611	545	157	90	90	8826080
608	545	306	90	90	8826086
605	544	459	90	90	8826092
603	544	612	90	90	8826098
601	544	749	90	90	8826105
599	544	777	90	90	8826111
598	544	842	90	90	8826136
600	546	886	90	90	8826142
602	546	894	90	90	8826148
605	547	902	90	90	8826155
609	548	914	90	90	8826161
613	548	922	90	90	8826167
617	549	926	90	90	8826173
623	550	934	90	90	8826180
628	551	938	90	90	8826186
634	551	942	90	90	8826192
641	551	950	90	90	8826198
647	552	958	90	90	8826205
654	552	962	90	90	8826211
661	552	970	90	90	8826217
668	552	978	90	90	8826223
675	552	986	90	90	8826230
683	552	994	90	90	8826236
691	551	1002	90	90	8826242
699	551	1010	90	90	8826248
707	552	1023	90	90	8826255
715	552	1023	90	90	8826261
723	552	1023	90	90	8826267
731	553	1023	90	90	8826273
738	553	1023	90	90	8826280
745	553	1023	90	90	8826286
752	554	1023	90	90	8826292
758	554	1023	90	90	8826298
764	555	1023	90	90	8826305
769	555	1023	90	90	8826311
773	555	1023	90	90	8826317
777	556	1023	90	90	8826323
780	556	1014	90	90	8826330
782	557	998	90	90	8826336
784	557	974	90	90	8826342
786	558	855	90	90	8826355
786	559	539	90	90	8826367
785	560	277	90	90	8826373
783	561	48	90	90	8826386
24
681	550	370	90	90	8826648
680	551	785	90	90	8826667
679	549	853	90	90	8826673
678	547	873	90	90	8826680
678	544	886	90	90	8826686
678	540	894	90	90	8826692
677	534	902	90	90	8826698
676	527	914	90	90	8826705
675	520	922	90	90	8826711
674	511	926	90	90	8826717
673	502	934	90	90	8826723
671	492	938	90	90	8826730
669	483	942	90	90	8826736
668	474	942	90	90	8826742
667	466	942	90	90	8826748
666	459	934	90	90	8826755
666	453	918	90	90	8826761
667	449	886	90	90	8826767
668	446	805	90	90	8826773
669	445	656	90	90	8826780
671	445	503	90	90	8826786
673	447	334	90	90	8826792
675	451	161	90	90	8826798
677	456	0	90	90	8826811
26
736	553	108	90	90	8826923
738	555	551	90	90	8826955
739	554	817	90	90	8826961
739	553	857	90	90	8826967
738	551	890	90	90	8826973
738	548	914	90	90	8826980
738	545	934	90	90	8826986
738	541	954	90	90	8826992
737	536	966	90	90	8826998
737	530	978	90	90	8827005
736	524	986	90	90	8827011
735	517	994	90	90	8827017
734	510	998	90	90	8827023
733	502	1002	90	90	8827030
731	494	1002	90	90	8827036
729	486	1002	90	90	8827042
727	478	998	90	90	8827048
725	471	998	90	90	8827055
723	465	990	90	90	8827061
721	460	970	90	90	8827067
720	456	938	90	90	8827073
720	453	784	90	90	8827086
721	454	547	90	90	8827092
722	457	370	90	90	8827098
723	461	181	90	90	8827105
724	465	0	90	90	8827117
4
1
349	424	0	90	90	8929051
34
606	541	32	90	90	8930491
604	541	273	90	90	8930503
602	540	593	90	90	8930516
601	539	842	90	90	8930535
603	539	878	90	90	8930541
606	539	894	90	90	8930547
609	541	906	90	90	8930553
613	542	918	90	90	8930560
619	543	922	90	90	8930566
625	544	930	90	90	8930572
631	545	938	90	90	8930578
638	546	942	90	90	8930585
646	547	950	90	90	8930591
654	547	954	90	90	8930597
662	547	962	90	90	8930603
672	548	970	90	90	8930610
681	548	978	90	90	8930616
691	548	986	90	90	8930622
701	548	990	90	90	8930628
712	548	998	90	90	8930635
722	548	1002	90	90	8930641
732	548	1006	90	90	8930647
742	549	1010	90	90	8930653
752	549	1010	90	90	8930660
760	549	1006	90	90	8930666
768	550	998	90	90	8930672
774	550	990	90	90	8930678
780	551	974	90	90	8930685
785	551	950	90	90	8930691
789	552	878	90	90	8930697
792	552	720	90	90	8930703
793	553	466	90	90	8930716
794	554	197	90	90	8930722
792	554	6	90	90	8930735
29
679	548	56	90	90	8930985
677	548	193	90	90	8930991
675	548	338	90	90	8930997
674	549	475	90	90	8931003
673	549	620	90	90	8931010
671	549	680	90	90	8931016
670	549	724	90	90	8931022
669	549	769	90	90	8931028
668	548	801	90	90	8931035
667	547	825	90	90	8931041
667	544	849	90	90	8931047
667	540	865	90	90	8931053
667	534	882	90	90	8931060
667	527	894	90	90	8931066
667	519	906	90	90	8931072
667	510	914	90	90	8931078
667	500	918	90	90	8931085
667	490	922	90	90	8931091
667	480	926	90	90	8931097
667	471	926	90	90	8931103
667	462	922	90	90	8931110
667	455	914	90	90	8931116
667	449	898	90	90	8931122
668	444	857	90	90	8931128
669	441	720	90	90	8931135
671	440	567	90	90	8931141
672	441	402	90	90	8931147
674	443	233	90	90	8931153
677	448	30	90	90	8931166
24
744	555	52	90	90	8931291
745	554	217	90	90	8931297
745	552	382	90	90	8931303
744	550	543	90	90	8931310
744	548	692	90	90	8931316
743	544	845	90	90	8931322
742	540	869	90	90	8931328
742	536	890	90	90	8931335
741	530	914	90	90	8931341
741	524	930	90	90	8931347
740	517	942	90	90	8931353
740	510	950	90	90	8931360
739	502	954	90	90	8931366
738	494	958	90	90	8931372
738	487	958	90	90	8931378
737	479	958	90	90	8931385
737	472	950	90	90	8931391
737	466	942	90	90	8931397
736	461	922	90	90	8931403
736	457	886	90	90	8931410
737	454	753	90	90	8931416
737	453	511	90	90	8931428
737	454	253	90	90	8931435
737	457	36	90	90	8931447
4
1
335	443	0	90	90	9032639
52
553	557	36	90	90	9033685
553	556	255	90	90	9033697
554	555	555	90	90	9033710
555	555	769	90	90	9033716
556	555	789	90	90	9033722
558	554	813	90	90	9033729
560	554	837	90	90	9033735
563	554	857	90	90	9033741
566	554	873	90	90	9033747
569	554	886	90	90	9033754
573	555	894	90	90	9033760
577	555	902	90	90	9033766
581	556	906	90	90	9033772
585	557	910	90	90	9033779
590	557	914	90	90	9033785
594	558	922	90	90	9033791
599	559	926	90	90	9033797
604	559	930	90	90	9033804
610	560	938	90	90	9033810
615	560	942	90	90	9033816
621	561	946	90	90	9033822
627	561	950	90	90	9033829
633	562	958	90	90	9033835
640	562	962	90	90	9033841
646	563	962	90	90	9033847
652	563	966	90	90	9033854
659	564	970	90	90	9033860
666	564	970	90	90	9033866
672	565	974	90	90	9033872
679	565	974	90	90	9033879
685	565	978	90	90	9033885
692	565	978	90	90	9033891
698	565	982	90	90	9033897
705	566	982	90	90	9033904
711	566	982	90	90	9033910
718	566	986	90	90	9033916
724	567	986	90	90	9033922
730	567	986	90	90	9033929
736	568	986	90	90	9033935
742	568	990	90	90	9033941
748	569	990	90	90	9033947
753	569	990	90	90	9033954
758	569	990	90	90	9033960
763	569	990	90	90	9033966
767	569	986	90	90	9033972
770	569	982	90	90	9033979
773	569	974	90	90	9033985
775	568	954	90	90	9033991
777	568	922	90	90	9033997
778	568	674	90	90	9034016
776	568	338	90	90	9034022
774	568	80	90	90	9034035
41
631	554	32	90	90	9034347
631	555	161	90	90	9034354
631	556	298	90	90	9034360
631	557	505	90	90	9034372
630	559	652	90	90	9034385
630	560	730	90	90	9034397
630	561	795	90	90	9034416
630	562	851	90	90	9034435
630	561	882	90	90	9034441
630	560	894	90	90	9034447
631	559	906	90	90	9034454
631	558	914	90	90	9034460
631	556	918	90	90	9034466
631	553	922	90	90	9034472
632	550	926	90	90	9034479
632	546	930	90	90	9034485
633	541	934	90	90	9034491
634	536	938	90	90	9034497
634	529	938	90	90	9034504
635	522	942	90	90	9034510
635	514	946	90	90	9034516
636	505	950	90	90	9034522
636	497	954	90	90	9034529
637	488	958	90	90	9034535
637	480	958	90	90	9034541
638	472	962	90	90	9034547
638	463	962	90	90	9034554
638	455	962	90	90	9034560
639	448	958	90	90	9034566
639	440	954	90	90	9034572
640	433	950	90	90	9034579
640	427	946	90	90	9034585
640	421	938	90	90	9034591
641	415	926	90	90	9034597
641	411	910	90	90	9034604
642	407	882	90	90	9034610
642	404	821	90	90	9034616
643	402	672	90	90	9034622
643	401	438	90	90	9034635
643	403	181	90	90	9034641
643	406	4	90	90	9034654
44
714	561	96	90	90	9034960
714	562	315	90	90	9034972
714	563	665	90	90	9034997
714	562	785	90	90	9035004
714	561	813	90	90	9035010
714	560	837	90	90	9035016
714	558	857	90	90	9035022
714	555	873	90	90	9035029
715	552	890	90	90	9035035
715	548	902	90	90	9035041
716	544	914	90	90	9035047
716	539	922	90	90	9035054
717	534	930	90	90	9035060
717	528	938	90	90	9035066
718	522	946	90	90	9035072
718	517	950	90	90	9035079
718	511	954	90	90	9035085
718	505	958	90	90	9035091
718	498	962	90	90	9035097
718	492	966	90	90	9035104
718	485	966	90	90	9035110
718	478	970	90	90	9035116
718	471	974	90	90	9035122
718	464	974	90	90	9035129
718	457	978	90	90	9035135
718	450	978	90	90	9035141
718	443	982	90	90	9035147
718	437	986	90	90	9035154
718	431	986	90	90	9035160
718	426	986	90	90	9035166
719	421	990	90	90	9035172
719	417	990	90	90	9035179
719	414	990	90	90	9035185
719	411	990	90	90	9035191
718	409	990	90	90	9035197
718	407	990	90	90	9035204
718	406	988	90	90	9035216
718	405	966	90	90	9035229
717	406	926	90	90	9035235
717	407	821	90	90	9035241
717	408	664	90	90	9035247
717	410	499	90	90	9035254
716	413	318	90	90	9035260
716	416	70	90	90	9035272
4
1
353	388	0	90	90	9144603
60
579	543	132	90	90	9145003
577	542	277	90	90	9145009
576	541	422	90	90	9145015
575	540	673	90	90	9145034
573	539	810	90	90	9145059
575	539	857	90	90	9145065
576	539	869	90	90	9145071
578	539	882	90	90	9145078
580	539	894	90	90	9145084
583	540	906	90	90	9145090
586	540	914	90	90	9145096
589	540	922	90	90	9145103
592	540	930	90	90	9145109
596	540	938	90	90	9145115
600	540	946	90	90	9145121
604	540	954	90	90	9145128
608	540	962	90	90	9145134
613	541	970	90	90	9145140
618	541	974	90	90	9145146
622	542	978	90	90	9145153
628	542	982	90	90	9145159
633	543	986	90	90	9145165
638	543	990	90	90	9145171
644	543	994	90	90	9145178
649	543	994	90	90	9145184
654	543	998	90	90	9145190
659	543	998	90	90	9145196
664	543	1002	90	90	9145203
669	542	1006	90	90	9145209
674	542	1006	90	90	9145215
679	542	1006	90	90	9145221
684	542	1010	90	90	9145228
689	542	1010	90	90	9145234
694	542	1014	90	90	9145240
699	542	1014	90	90	9145246
704	542	1014	90	90	9145253
710	543	1023	90	90	9145259
715	543	1023	90	90	9145265
720	543	1023	90	90	9145271
725	543	1023	90	90	9145278
730	543	1023	90	90	9145284
735	543	1023	90	90	9145290
740	543	1023	90	90	9145296
745	543	1023	90	90	9145303
750	544	1023	90	90	9145309
755	544	1023	90	90	9145315
760	544	1023	90	90	9145321
765	544	1023	90	90	9145328
769	544	1023	90	90	9145334
773	544	1023	90	90	9145340
777	544	1023	90	90	9145346
781	543	1023	90	90	9145353
784	543	1023	90	90	9145359
786	543	1023	90	90	9145365
788	543	1023	90	90	9145371
790	543	1002	90	90	9145378
791	543	827	90	90	9145403
789	543	451	90	90	9145409
788	543	273	90	90	9145415
785	543	44	90	90	9145428
59
647	529	25	90	90	9145703
647	531	52	90	90	9145715
646	531	134	90	90	9145728
646	532	279	90	90	9145740
645	534	440	90	90	9145753
645	535	583	90	90	9145765
644	536	664	90	90	9145778
643	538	712	90	90	9145790
643	539	741	90	90	9145796
643	540	753	90	90	9145803
643	541	777	90	90	9145815
642	543	811	90	90	9145828
642	544	889	90	90	9145890
642	543	930	90	90	9145896
642	542	934	90	90	9145903
642	540	938	90	90	9145909
642	538	942	90	90	9145915
642	536	946	90	90	9145921
642	534	950	90	90	9145928
642	532	954	90	90	9145934
643	529	954	90	90	9145940
643	526	958	90	90	9145946
643	523	962	90	90	9145953
643	520	962	90	90	9145959
643	515	966	90	90	9145965
643	511	966	90	90	9145971
643	506	970	90	90	9145978
642	500	970	90	90	9145984
642	494	974	90	90	9145990
642	488	978	90	90	9145996
641	481	978	90	90	9146003
641	474	982	90	90	9146009
641	467	982	90	90	9146015
640	460	986	90	90	9146021
640	452	986	90	90	9146028
639	445	990	90	90	9146034
639	438	990	90	90	9146040
639	431	990	90	90	9146046
638	423	994	90	90	9146053
638	416	990	90	90	9146059
638	408	994	90	90	9146065
638	401	994	90	90	9146071
637	393	994	90	90	9146078
637	386	994	90	90	9146084
637	378	994	90	90	9146090
637	371	994	90	90	9146096
636	364	994	90	90	9146103
636	357	998	90	90	9146109
636	351	998	90	90	9146115
635	345	998	90	90	9146121
635	340	994	90	90	9146128
635	336	990	90	90	9146134
635	332	982	90	90	9146140
635	329	966	90	90	9146146
635	327	879	90	90	9146165
635	330	636	90	90	9146171
635	333	471	90	90	9146178
634	339	298	90	90	9146184
634	345	66	90	90	9146196
53
726	536	32	90	90	9146521
727	537	138	90	90	9146534
728	537	356	90	90	9146571
729	538	650	90	90	9146603
728	539	836	90	90	9146678
728	538	890	90	90	9146690
728	536	902	90	90	9146696
728	535	910	90	90	9146703
728	533	918	90	90	9146709
728	531	930	90	90	9146715
728	528	938	90	90	9146721
728	525	946	90	90	9146728
728	521	954	90	90	9146734
728	517	962	90	90	9146740
729	513	966	90	90	9146746
729	507	970	90	90	9146753
729	502	978	90	90	9146759
729	495	982	90	90	9146765
729	489	986	90	90	9146771
729	481	990	90	90	9146778
729	474	994	90	90	9146784
729	467	994	90	90	9146790
729	459	998	90	90	9146796
729	452	998	90	90	9146803
729	445	1002	90	90	9146809
729	438	1006	90	90	9146815
729	432	1006	90	90	9146821
729	426	1010	90	90	9146828
729	419	1014	90	90	9146834
729	413	1023	90	90	9146840
729	408	1023	90	90	9146846
729	402	1023	90	90	9146853
729	397	1023	90	90	9146859
729	391	1023	90	90	9146865
729	387	1023	90	90	9146871
729	383	1023	90	90	9146878
730	379	1023	90	90	9146884
730	375	1023	90	90	9146890
730	372	1023	90	90	9146896
731	370	1023	90	90	9146903
731	367	1023	90	90	9146909
731	365	1023	90	90	9146915
731	364	1023	90	90	9146921
732	362	1023	90	90	9146928
732	361	1023	90	90	9146934
732	360	1023	90	90	9146946
732	359	1021	90	90	9147034
731	359	960	90	90	9147053
730	360	825	90	90	9147059
730	361	668	90	90	9147065
729	362	503	90	90	9147071
729	364	326	90	90	9147078
728	366	74	90	90	9147090
4
1
327	379	0	90	90	9241190
53
554	540	28	90	90	9241721
548	540	173	90	90	9241728
545	539	334	90	90	9241734
542	539	479	90	90	9241740
540	539	628	90	90	9241746
538	539	769	90	90	9241753
537	539	824	90	90	9241778
539	539	869	90	90	9241784
542	539	882	90	90	9241790
545	540	894	90	90	9241796
549	542	902	90	90	9241803
553	543	910	90	90	9241809
558	545	918	90	90	9241815
563	547	930	90	90	9241821
569	549	934	90	90	9241828
575	550	942	90	90	9241834
580	552	950	90	90	9241840
587	553	958	90	90	9241846
593	554	962	90	90	9241853
600	555	970	90	90	9241859
606	556	974	90	90	9241865
613	556	978	90	90	9241871
620	557	986	90	90	9241878
628	557	990	90	90	9241884
635	558	994	90	90	9241890
643	558	994	90	90	9241896
650	559	998	90	90	9241903
658	559	1002	90	90	9241909
666	560	1002	90	90	9241915
673	560	1006	90	90	9241921
681	561	1006	90	90	9241928
688	561	1010	90	90	9241934
696	561	1014	90	90	9241940
704	561	1014	90	90	9241946
711	561	1023	90	90	9241953
718	562	1023	90	90	9241959
726	562	1023	90	90	9241965
734	562	1023	90	90	9241971
741	563	1023	90	90	9241978
748	564	1023	90	90	9241984
754	565	1023	90	90	9241990
761	565	1023	90	90	9241996
766	566	1023	90	90	9242003
772	567	1023	90	90	9242009
776	568	1023	90	90	9242015
780	568	1014	90	90	9242021
782	569	998	90	90	9242028
785	569	978	90	90	9242034
786	569	942	90	90	9242040
787	568	723	90	90	9242059
786	567	390	90	90	9242065
785	567	217	90	90	9242071
783	567	24	90	90	9242084
34
645	551	104	90	90	9242359
646	552	309	90	90	9242371
646	553	559	90	90	9242384
645	554	709	90	90	9242403
644	555	810	90	90	9242428
644	553	849	90	90	9242434
644	552	865	90	90	9242440
644	550	878	90	90	9242446
644	548	890	90	90	9242453
644	544	902	90	90	9242459
644	540	910	90	90	9242465
644	535	918	90	90	9242471
644	530	926	90	90	9242478
644	523	934	90	90	9242484
644	516	938	90	90	9242490
643	508	942	90	90	9242496
643	499	950	90	90	9242503
642	489	954	90	90	9242509
642	479	958	90	90	9242515
641	469	962	90	90	9242521
640	459	966	90	90	9242528
639	448	966	90	90	9242534
638	438	970	90	90	9242540
637	427	966	90	90	9242546
637	418	966	90	90	9242553
636	408	958	90	90	9242559
636	400	950	90	90	9242565
636	393	938	90	90	9242571
636	386	914	90	90	9242578
637	381	865	90	90	9242584
637	377	720	90	90	9242590
638	375	482	90	90	9242603
640	376	225	90	90	9242609
640	379	24	90	90	9242621
37
718	555	72	90	90	9242840
717	556	197	90	90	9242846
716	556	388	90	90	9242859
715	557	631	90	90	9242890
714	555	745	90	90	9242896
714	554	777	90	90	9242903
715	551	805	90	90	9242909
715	549	833	90	90	9242915
715	545	857	90	90	9242921
715	541	882	90	90	9242928
715	536	898	90	90	9242934
715	530	914	90	90	9242940
714	524	930	90	90	9242946
714	517	938	90	90	9242953
714	510	950	90	90	9242959
713	503	958	90	90	9242965
712	495	966	90	90	9242971
712	487	970	90	90	9242978
711	478	974	90	90	9242984
710	469	982	90	90	9242990
709	460	986	90	90	9242996
708	452	986	90	90	9243003
707	443	990	90	90	9243009
706	434	990	90	90	9243015
705	426	994	90	90	9243021
704	419	994	90	90	9243028
704	412	994	90	90	9243034
703	406	994	90	90	9243040
703	400	990	90	90	9243046
703	396	986	90	90	9243053
703	392	978	90	90	9243059
703	388	962	90	90	9243065
703	386	938	90	90	9243071
703	384	736	90	90	9243090
703	385	402	90	90	9243096
703	387	233	90	90	9243103
703	390	26	90	90	9243115
