5
1
714	559	0	90	90	8102067
154
737	565	124	90	90	8102248
736	567	277	90	90	8102255
736	568	426	90	90	8102261
735	569	575	90	90	8102267
734	570	720	90	90	8102273
732	572	773	90	90	8102280
731	573	797	90	90	8102286
730	574	825	90	90	8102292
728	575	845	90	90	8102298
727	576	861	90	90	8102305
725	577	869	90	90	8102311
723	578	878	90	90	8102317
721	579	882	90	90	8102323
719	580	886	90	90	8102330
717	581	890	90	90	8102336
715	581	894	90	90	8102342
713	582	898	90	90	8102348
711	582	902	90	90	8102355
708	582	906	90	90	8102361
705	582	910	90	90	8102367
702	582	914	90	90	8102373
699	582	918	90	90	8102380
696	581	922	90	90	8102386
692	581	922	90	90	8102392
689	580	922	90	90	8102398
685	579	922	90	90	8102405
681	577	922	90	90	8102411
677	576	922	90	90	8102417
673	574	922	90	90	8102423
669	572	922	90	90	8102430
665	570	922	90	90	8102436
662	568	922	90	90	8102442
658	565	922	90	90	8102448
654	563	922	90	90	8102455
651	561	922	90	90	8102461
648	558	918	90	90	8102467
645	555	918	90	90	8102473
642	553	918	90	90	8102480
639	550	918	90	90	8102486
636	547	918	90	90	8102492
634	543	918	90	90	8102498
631	540	914	90	90	8102505
629	536	914	90	90	8102511
627	533	914	90	90	8102517
625	528	914	90	90	8102523
623	524	914	90	90	8102530
621	520	914	90	90	8102536
620	515	914	90	90	8102542
618	511	910	90	90	8102548
617	507	910	90	90	8102555
616	502	910	90	90	8102561
615	497	906	90	90	8102567
615	493	906	90	90	8102573
615	489	906	90	90	8102580
615	484	906	90	90	8102586
616	480	906	90	90	8102592
616	476	902	90	90	8102598
617	472	902	90	90	8102605
619	467	902	90	90	8102611
621	463	902	90	90	8102617
623	460	906	90	90	8102623
625	456	906	90	90	8102630
627	452	906	90	90	8102636
630	448	906	90	90	8102642
633	445	906	90	90	8102648
636	441	906	90	90	8102655
640	438	906	90	90	8102661
643	434	906	90	90	8102667
647	431	906	90	90	8102673
651	428	910	90	90	8102680
655	426	910	90	90	8102686
660	423	910	90	90	8102692
664	421	910	90	90	8102698
668	420	914	90	90	8102705
673	418	914	90	90	8102711
677	417	918	90	90	8102717
682	416	918	90	90	8102723
687	416	918	90	90	8102730
691	416	918	90	90	8102736
696	416	922	90	90	8102742
700	416	922	90	90	8102748
705	417	922	90	90	8102755
709	418	926	90	90	8102761
713	419	926	90	90	8102767
717	420	926	90	90	8102773
721	422	926	90	90	8102780
724	424	926	90	90	8102786
727	426	926	90	90	8102792
730	428	930	90	90	8102798
733	431	930	90	90	8102805
735	434	930	90	90	8102811
737	437	930	90	90	8102817
739	440	930	90	90	8102823
740	443	930	90	90	8102830
742	446	930	90	90	8102836
743	450	930	90	90	8102842
744	453	930	90	90	8102848
745	457	930	90	90	8102855
746	460	930	90	90	8102861
746	464	930	90	90	8102867
747	467	930	90	90	8102873
747	471	930	90	90	8102880
747	474	930	90	90	8102886
747	477	930	90	90	8102892
747	480	930	90	90	8102898
747	482	934	90	90	8102905
747	485	934	90	90	8102911
746	488	934	90	90	8102917
746	491	938	90	90	8102923
746	494	938	90	90	8102930
746	497	938	90	90	8102936
746	499	938	90	90	8102942
745	502	938	90	90	8102948
745	505	942	90	90	8102955
745	508	942	90	90	8102961
744	510	942	90	90	8102967
744	513	942	90	90	8102973
744	515	942	90	90	8102980
744	518	942	90	90	8102986
743	521	946	90	90	8102992
743	523	946	90	90	8102998
743	526	946	90	90	8103005
743	528	946	90	90	8103011
743	530	946	90	90	8103017
743	533	946	90	90	8103023
743	535	950	90	90	8103030
743	538	950	90	90	8103036
742	540	950	90	90	8103042
742	542	950	90	90	8103048
742	544	954	90	90	8103055
742	546	954	90	90	8103061
742	548	958	90	90	8103067
741	550	958	90	90	8103073
741	552	958	90	90	8103080
740	553	958	90	90	8103086
740	555	958	90	90	8103092
739	556	958	90	90	8103098
739	558	958	90	90	8103105
738	559	958	90	90	8103111
738	560	958	90	90	8103117
737	562	962	90	90	8103123
737	563	962	90	90	8103130
736	564	962	90	90	8103136
735	565	962	90	90	8103142
735	566	962	90	90	8103148
734	567	962	90	90	8103155
733	568	962	90	90	8103167
732	569	958	90	90	8103180
731	570	956	90	90	8103192
730	571	942	90	90	8103205
729	571	877	90	90	8103223
728	570	595	90	90	8103236
727	569	263	90	90	8103248
726	568	6	90	90	8103261
38
609	492	28	90	90	8103748
610	491	131	90	90	8103767
611	492	284	90	90	8103786
612	493	440	90	90	8103798
612	494	579	90	90	8103811
612	495	664	90	90	8103817
612	497	708	90	90	8103823
612	498	749	90	90	8103830
612	500	777	90	90	8103836
612	502	801	90	90	8103842
612	504	821	90	90	8103848
612	507	833	90	90	8103855
612	510	849	90	90	8103861
612	514	861	90	90	8103867
612	518	869	90	90	8103873
612	524	882	90	90	8103880
612	530	890	90	90	8103886
612	536	902	90	90	8103892
612	544	910	90	90	8103898
612	552	918	90	90	8103905
612	561	926	90	90	8103911
613	570	930	90	90	8103917
613	579	938	90	90	8103923
614	588	942	90	90	8103930
615	597	946	90	90	8103936
616	605	950	90	90	8103942
617	613	954	90	90	8103948
618	621	954	90	90	8103955
619	628	954	90	90	8103961
619	635	950	90	90	8103967
620	641	942	90	90	8103973
620	646	922	90	90	8103980
621	651	894	90	90	8103986
621	654	813	90	90	8103992
622	658	668	90	90	8103998
622	660	523	90	90	8104005
622	662	354	90	90	8104011
622	663	71	90	90	8104030
39
747	482	92	90	90	8104548
746	481	419	90	90	8104592
746	483	583	90	90	8104598
747	484	608	90	90	8104605
747	485	636	90	90	8104611
747	486	660	90	90	8104617
748	488	684	90	90	8104623
748	489	704	90	90	8104630
748	491	728	90	90	8104636
748	493	741	90	90	8104642
748	495	757	90	90	8104648
749	498	769	90	90	8104655
749	500	781	90	90	8104661
749	503	793	90	90	8104667
749	507	801	90	90	8104673
748	511	813	90	90	8104680
748	515	825	90	90	8104686
748	520	833	90	90	8104692
748	525	845	90	90	8104698
747	531	849	90	90	8104705
747	537	857	90	90	8104711
746	544	865	90	90	8104717
746	552	869	90	90	8104723
745	560	873	90	90	8104730
745	569	878	90	90	8104736
744	579	882	90	90	8104742
744	589	886	90	90	8104748
744	599	890	90	90	8104755
745	609	894	90	90	8104761
746	619	894	90	90	8104767
747	629	898	90	90	8104773
748	637	890	90	90	8104780
749	645	878	90	90	8104786
750	653	825	90	90	8104792
751	659	684	90	90	8104798
753	665	543	90	90	8104805
754	670	382	90	90	8104811
754	674	217	90	90	8104817
755	677	24	90	90	8104830
34
686	501	124	90	90	8105198
685	505	273	90	90	8105205
684	507	422	90	90	8105211
684	508	681	90	90	8105230
684	506	797	90	90	8105236
684	503	829	90	90	8105242
685	499	853	90	90	8105248
685	494	878	90	90	8105255
686	489	894	90	90	8105261
686	482	906	90	90	8105267
687	475	914	90	90	8105273
687	467	922	90	90	8105280
687	458	934	90	90	8105286
687	448	942	90	90	8105292
688	438	950	90	90	8105298
687	427	954	90	90	8105305
687	415	958	90	90	8105311
687	402	962	90	90	8105317
687	389	966	90	90	8105323
686	376	970	90	90	8105330
685	362	970	90	90	8105336
685	349	970	90	90	8105342
685	336	966	90	90	8105348
685	324	966	90	90	8105355
685	312	958	90	90	8105361
685	301	950	90	90	8105367
686	291	934	90	90	8105373
686	282	906	90	90	8105380
687	273	845	90	90	8105386
688	266	692	90	90	8105392
689	261	543	90	90	8105398
690	256	378	90	90	8105405
691	253	209	90	90	8105411
691	250	18	90	90	8105423
5
1
330	403	0	90	90	8200136
138
725	561	140	90	90	8200686
724	564	285	90	90	8200692
724	566	439	90	90	8200698
723	568	588	90	90	8200705
722	570	724	90	90	8200711
721	572	765	90	90	8200717
719	574	789	90	90	8200723
718	576	809	90	90	8200730
716	577	825	90	90	8200736
715	579	837	90	90	8200742
713	580	845	90	90	8200748
711	581	849	90	90	8200755
708	582	853	90	90	8200761
705	582	857	90	90	8200767
702	583	865	90	90	8200773
699	584	869	90	90	8200780
695	584	878	90	90	8200786
691	585	882	90	90	8200792
687	585	890	90	90	8200798
683	585	894	90	90	8200805
678	584	898	90	90	8200811
674	584	902	90	90	8200817
669	583	906	90	90	8200823
664	582	906	90	90	8200830
658	581	906	90	90	8200836
652	579	910	90	90	8200842
647	577	910	90	90	8200848
641	575	910	90	90	8200855
635	572	910	90	90	8200861
629	569	914	90	90	8200867
623	566	914	90	90	8200873
617	561	914	90	90	8200880
611	556	914	90	90	8200886
605	551	914	90	90	8200892
599	544	914	90	90	8200898
593	538	914	90	90	8200905
588	530	914	90	90	8200911
583	523	914	90	90	8200917
578	515	914	90	90	8200923
574	507	914	90	90	8200930
570	499	914	90	90	8200936
567	490	914	90	90	8200942
564	481	910	90	90	8200948
562	472	910	90	90	8200955
560	462	910	90	90	8200961
559	452	910	90	90	8200967
558	443	906	90	90	8200973
558	433	906	90	90	8200980
559	424	906	90	90	8200986
560	415	906	90	90	8200992
562	407	902	90	90	8200998
565	399	902	90	90	8201005
568	393	902	90	90	8201011
572	387	902	90	90	8201017
576	383	902	90	90	8201023
582	379	902	90	90	8201030
587	376	902	90	90	8201036
593	374	906	90	90	8201042
598	373	906	90	90	8201048
605	372	906	90	90	8201055
611	372	906	90	90	8201061
617	373	906	90	90	8201067
624	375	906	90	90	8201073
630	377	906	90	90	8201080
637	379	906	90	90	8201086
643	382	906	90	90	8201092
649	385	910	90	90	8201098
655	388	910	90	90	8201105
661	392	910	90	90	8201111
667	395	910	90	90	8201117
672	399	914	90	90	8201123
678	404	914	90	90	8201130
683	408	914	90	90	8201136
687	413	914	90	90	8201142
692	418	914	90	90	8201148
696	424	918	90	90	8201155
699	429	918	90	90	8201161
702	434	918	90	90	8201167
705	439	918	90	90	8201173
707	444	918	90	90	8201180
708	449	918	90	90	8201186
710	454	918	90	90	8201192
711	459	918	90	90	8201198
712	464	918	90	90	8201205
713	469	918	90	90	8201211
713	474	922	90	90	8201217
714	479	922	90	90	8201223
715	484	922	90	90	8201230
715	488	926	90	90	8201236
716	492	926	90	90	8201242
716	496	926	90	90	8201248
716	500	930	90	90	8201255
716	503	930	90	90	8201261
716	506	930	90	90	8201267
716	509	930	90	90	8201273
717	512	930	90	90	8201280
717	515	930	90	90	8201286
717	518	934	90	90	8201292
717	521	934	90	90	8201298
717	524	934	90	90	8201305
716	526	934	90	90	8201311
716	528	934	90	90	8201317
716	530	938	90	90	8201323
716	532	938	90	90	8201330
716	534	938	90	90	8201336
715	535	942	90	90	8201342
715	537	942	90	90	8201348
715	539	946	90	90	8201355
715	541	946	90	90	8201361
714	543	950	90	90	8201367
714	545	950	90	90	8201373
714	547	954	90	90	8201380
714	549	954	90	90	8201386
714	551	954	90	90	8201392
714	553	954	90	90	8201398
714	555	954	90	90	8201405
714	557	958	90	90	8201411
714	558	958	90	90	8201417
714	560	958	90	90	8201423
713	562	958	90	90	8201430
713	563	958	90	90	8201436
713	565	958	90	90	8201442
713	567	958	90	90	8201448
713	568	958	90	90	8201455
713	570	958	90	90	8201461
713	571	958	90	90	8201467
713	572	958	90	90	8201473
713	573	958	90	90	8201486
712	574	958	90	90	8201505
711	575	958	90	90	8201523
710	576	958	90	90	8201542
709	577	952	90	90	8201555
708	578	932	90	90	8201567
707	578	809	90	90	8201580
705	578	583	90	90	8201586
704	577	406	90	90	8201592
703	577	241	90	90	8201598
702	577	30	90	90	8201611
36
560	471	282	90	90	8202030
560	472	543	90	90	8202036
560	474	588	90	90	8202042
559	475	632	90	90	8202048
559	478	668	90	90	8202055
559	480	704	90	90	8202061
559	483	741	90	90	8202067
559	486	769	90	90	8202073
559	490	793	90	90	8202080
559	494	813	90	90	8202086
559	499	833	90	90	8202092
559	504	849	90	90	8202098
558	511	865	90	90	8202105
558	518	878	90	90	8202111
558	526	890	90	90	8202117
558	534	906	90	90	8202123
558	544	914	90	90	8202130
558	554	922	90	90	8202136
559	564	930	90	90	8202142
559	574	938	90	90	8202148
560	584	946	90	90	8202155
561	594	950	90	90	8202161
562	604	954	90	90	8202167
563	614	958	90	90	8202173
564	623	962	90	90	8202180
565	632	962	90	90	8202186
566	642	966	90	90	8202192
567	651	966	90	90	8202198
569	659	966	90	90	8202205
570	667	962	90	90	8202211
571	674	950	90	90	8202217
572	680	934	90	90	8202223
573	685	886	90	90	8202230
574	689	741	90	90	8202236
575	692	592	90	90	8202242
575	694	187	90	90	8202267
42
718	480	32	90	90	8202717
716	479	161	90	90	8202723
715	479	294	90	90	8202730
714	479	422	90	90	8202736
713	479	551	90	90	8202742
712	479	624	90	90	8202755
711	480	660	90	90	8202761
711	482	688	90	90	8202767
711	484	712	90	90	8202773
711	486	741	90	90	8202780
711	489	761	90	90	8202786
711	492	781	90	90	8202792
712	495	801	90	90	8202798
713	499	817	90	90	8202805
714	504	833	90	90	8202811
714	508	845	90	90	8202817
715	513	857	90	90	8202823
716	519	865	90	90	8202830
716	525	878	90	90	8202836
717	531	886	90	90	8202842
717	539	898	90	90	8202848
718	547	906	90	90	8202855
718	555	914	90	90	8202861
719	564	922	90	90	8202867
720	574	930	90	90	8202873
720	583	934	90	90	8202880
721	592	942	90	90	8202886
721	602	946	90	90	8202892
722	610	950	90	90	8202898
722	618	954	90	90	8202905
722	626	954	90	90	8202911
723	634	958	90	90	8202917
723	641	958	90	90	8202923
723	647	958	90	90	8202930
723	654	954	90	90	8202936
723	659	946	90	90	8202942
723	664	918	90	90	8202948
723	667	825	90	90	8202955
723	670	676	90	90	8202961
722	672	527	90	90	8202967
722	673	265	90	90	8202980
720	671	4	90	90	8202992
33
629	473	80	90	90	8203230
631	479	245	90	90	8203236
632	482	398	90	90	8203242
632	483	729	90	90	8203267
632	480	890	90	90	8203273
632	476	918	90	90	8203280
631	470	938	90	90	8203286
631	463	954	90	90	8203292
630	455	966	90	90	8203298
628	446	974	90	90	8203305
627	436	978	90	90	8203311
625	425	982	90	90	8203317
623	414	986	90	90	8203323
621	400	990	90	90	8203330
619	388	990	90	90	8203336
617	375	990	90	90	8203342
615	361	994	90	90	8203348
612	347	994	90	90	8203355
610	333	994	90	90	8203361
609	319	994	90	90	8203367
607	306	994	90	90	8203373
606	294	994	90	90	8203380
605	282	990	90	90	8203386
604	270	982	90	90	8203392
603	260	970	90	90	8203398
602	252	954	90	90	8203405
602	245	934	90	90	8203411
601	240	910	90	90	8203417
601	236	873	90	90	8203423
601	233	805	90	90	8203430
600	232	489	90	90	8203448
601	233	161	90	90	8203455
601	234	0	90	90	8203467
5
1
331	405	0	90	90	8527752
131
702	586	124	90	90	8528315
701	587	265	90	90	8528321
700	588	406	90	90	8528327
699	589	551	90	90	8528333
697	590	676	90	90	8528340
696	591	733	90	90	8528346
694	593	741	90	90	8528352
692	594	753	90	90	8528358
690	595	765	90	90	8528365
688	597	777	90	90	8528371
686	598	789	90	90	8528377
684	600	801	90	90	8528383
681	601	813	90	90	8528390
679	602	825	90	90	8528396
675	602	833	90	90	8528402
672	603	845	90	90	8528408
668	603	849	90	90	8528415
664	603	853	90	90	8528421
659	602	857	90	90	8528427
654	602	857	90	90	8528433
649	600	857	90	90	8528440
644	599	857	90	90	8528446
638	597	857	90	90	8528452
633	594	861	90	90	8528458
628	592	861	90	90	8528465
622	589	861	90	90	8528471
617	586	861	90	90	8528477
611	582	857	90	90	8528483
606	578	857	90	90	8528490
601	574	857	90	90	8528496
596	570	857	90	90	8528502
591	565	853	90	90	8528508
586	560	853	90	90	8528515
582	554	849	90	90	8528521
577	548	849	90	90	8528527
573	542	849	90	90	8528533
569	535	845	90	90	8528540
565	528	845	90	90	8528546
562	521	845	90	90	8528552
559	512	845	90	90	8528558
556	504	841	90	90	8528565
554	495	841	90	90	8528571
553	487	841	90	90	8528577
551	478	841	90	90	8528583
551	469	841	90	90	8528590
550	461	837	90	90	8528596
551	453	837	90	90	8528602
551	446	837	90	90	8528608
553	439	837	90	90	8528615
554	433	837	90	90	8528621
557	427	837	90	90	8528627
560	422	837	90	90	8528633
563	418	837	90	90	8528640
567	414	837	90	90	8528646
571	411	837	90	90	8528652
575	408	837	90	90	8528658
580	406	841	90	90	8528665
585	404	841	90	90	8528671
590	403	845	90	90	8528677
596	402	845	90	90	8528683
601	402	849	90	90	8528690
607	403	849	90	90	8528696
613	404	853	90	90	8528702
618	405	857	90	90	8528708
624	406	857	90	90	8528715
630	408	861	90	90	8528721
636	411	865	90	90	8528727
641	413	865	90	90	8528733
646	416	869	90	90	8528740
652	419	869	90	90	8528746
657	423	873	90	90	8528752
662	427	873	90	90	8528758
667	431	878	90	90	8528765
671	435	878	90	90	8528771
675	439	882	90	90	8528777
679	444	882	90	90	8528783
682	448	882	90	90	8528790
685	452	882	90	90	8528796
688	456	886	90	90	8528802
691	460	886	90	90	8528808
693	464	886	90	90	8528815
695	468	886	90	90	8528821
697	472	886	90	90	8528827
699	477	890	90	90	8528833
700	481	890	90	90	8528840
702	485	890	90	90	8528846
703	489	890	90	90	8528852
704	493	894	90	90	8528858
705	497	894	90	90	8528865
706	500	894	90	90	8528871
707	504	894	90	90	8528877
707	507	894	90	90	8528883
707	510	898	90	90	8528890
708	514	898	90	90	8528896
708	517	902	90	90	8528902
708	520	902	90	90	8528908
708	523	906	90	90	8528915
708	526	906	90	90	8528921
709	529	910	90	90	8528927
709	532	910	90	90	8528933
709	535	914	90	90	8528940
709	538	914	90	90	8528946
709	541	914	90	90	8528952
709	544	914	90	90	8528958
708	546	914	90	90	8528965
708	549	918	90	90	8528971
708	552	918	90	90	8528977
707	554	918	90	90	8528983
707	557	918	90	90	8528990
706	560	918	90	90	8528996
706	562	918	90	90	8529002
705	565	918	90	90	8529008
705	567	918	90	90	8529015
704	569	918	90	90	8529021
703	571	922	90	90	8529027
703	573	922	90	90	8529033
702	575	922	90	90	8529040
701	577	922	90	90	8529046
700	579	922	90	90	8529052
699	580	922	90	90	8529058
698	581	922	90	90	8529065
696	583	918	90	90	8529071
695	583	918	90	90	8529077
694	584	918	90	90	8529083
693	584	914	90	90	8529090
692	585	906	90	90	8529096
691	585	886	90	90	8529102
690	585	817	90	90	8529115
688	584	557	90	90	8529127
687	585	241	90	90	8529140
686	586	0	90	90	8529152
37
549	482	72	90	90	8529590
550	483	291	90	90	8529602
550	484	511	90	90	8529608
550	485	640	90	90	8529615
550	486	692	90	90	8529621
550	488	737	90	90	8529627
550	490	769	90	90	8529633
550	492	789	90	90	8529640
550	494	805	90	90	8529646
550	496	817	90	90	8529652
550	499	825	90	90	8529658
550	503	837	90	90	8529665
550	507	849	90	90	8529671
550	511	857	90	90	8529677
550	516	869	90	90	8529683
550	521	878	90	90	8529690
550	527	890	90	90	8529696
549	534	898	90	90	8529702
549	541	906	90	90	8529708
549	549	914	90	90	8529715
549	557	922	90	90	8529721
549	566	926	90	90	8529727
548	576	934	90	90	8529733
548	586	938	90	90	8529740
548	597	938	90	90	8529746
548	607	942	90	90	8529752
549	618	946	90	90	8529758
549	628	946	90	90	8529765
549	637	946	90	90	8529771
549	647	938	90	90	8529777
550	656	926	90	90	8529783
550	664	894	90	90	8529790
551	671	797	90	90	8529796
552	677	648	90	90	8529802
552	682	491	90	90	8529808
553	687	326	90	90	8529815
553	690	78	90	90	8529827
37
710	498	235	90	90	8530327
709	499	491	90	90	8530333
709	500	559	90	90	8530340
708	501	616	90	90	8530346
708	503	664	90	90	8530352
708	504	700	90	90	8530358
708	506	728	90	90	8530365
708	509	753	90	90	8530371
708	512	773	90	90	8530377
708	515	793	90	90	8530383
708	519	813	90	90	8530390
708	523	829	90	90	8530396
709	527	841	90	90	8530402
709	532	853	90	90	8530408
709	538	865	90	90	8530415
709	543	873	90	90	8530421
709	550	886	90	90	8530427
709	557	894	90	90	8530433
709	565	906	90	90	8530440
710	573	914	90	90	8530446
710	581	926	90	90	8530452
711	590	938	90	90	8530458
712	600	946	90	90	8530465
713	610	954	90	90	8530471
714	620	962	90	90	8530477
715	629	970	90	90	8530483
717	639	974	90	90	8530490
718	648	974	90	90	8530496
720	657	978	90	90	8530502
721	665	974	90	90	8530508
723	672	962	90	90	8530515
724	677	938	90	90	8530521
724	682	878	90	90	8530527
725	685	733	90	90	8530533
725	688	571	90	90	8530540
724	689	317	90	90	8530552
723	688	28	90	90	8530565
30
623	500	134	90	90	8530852
623	499	390	90	90	8530858
623	498	559	90	90	8530865
623	496	720	90	90	8530871
622	494	869	90	90	8530877
622	491	902	90	90	8530883
621	488	918	90	90	8530890
621	483	934	90	90	8530896
620	477	946	90	90	8530902
620	470	954	90	90	8530908
620	462	958	90	90	8530915
619	453	962	90	90	8530921
619	443	966	90	90	8530927
618	432	970	90	90	8530933
618	420	974	90	90	8530940
617	407	978	90	90	8530946
616	394	978	90	90	8530952
616	380	978	90	90	8530958
615	366	978	90	90	8530965
614	352	974	90	90	8530971
613	339	970	90	90	8530977
611	326	962	90	90	8530983
610	315	954	90	90	8530990
609	304	938	90	90	8530996
607	295	902	90	90	8531002
606	287	805	90	90	8531008
605	282	652	90	90	8531015
604	278	491	90	90	8531021
603	276	322	90	90	8531027
602	276	74	90	90	8531040
5
1
575	511	0	90	90	8651485
82
688	535	52	90	90	8651635
690	539	189	90	90	8651641
691	541	338	90	90	8651647
692	543	479	90	90	8651653
692	545	628	90	90	8651660
692	548	688	90	90	8651666
691	550	741	90	90	8651672
691	553	789	90	90	8651678
690	555	821	90	90	8651685
689	558	845	90	90	8651691
687	561	865	90	90	8651697
686	564	878	90	90	8651703
684	567	886	90	90	8651710
682	570	894	90	90	8651716
680	573	898	90	90	8651722
677	575	906	90	90	8651728
674	577	906	90	90	8651735
671	578	910	90	90	8651741
667	578	914	90	90	8651747
663	577	918	90	90	8651753
658	576	922	90	90	8651760
653	574	922	90	90	8651766
648	571	922	90	90	8651772
643	568	922	90	90	8651778
638	564	926	90	90	8651785
634	560	922	90	90	8651791
629	555	922	90	90	8651797
626	549	922	90	90	8651803
622	543	922	90	90	8651810
620	537	922	90	90	8651816
618	530	918	90	90	8651822
617	522	918	90	90	8651828
616	515	914	90	90	8651835
617	508	914	90	90	8651841
619	501	914	90	90	8651847
621	495	910	90	90	8651853
624	490	910	90	90	8651860
629	485	914	90	90	8651866
634	481	914	90	90	8651872
640	478	914	90	90	8651878
646	475	914	90	90	8651885
652	473	914	90	90	8651891
659	472	914	90	90	8651897
665	472	918	90	90	8651903
671	472	918	90	90	8651910
676	473	914	90	90	8651916
681	475	914	90	90	8651922
685	478	914	90	90	8651928
689	481	914	90	90	8651935
692	484	914	90	90	8651941
695	487	914	90	90	8651947
697	491	914	90	90	8651953
699	494	914	90	90	8651960
700	498	914	90	90	8651966
701	501	914	90	90	8651972
701	505	914	90	90	8651978
701	509	918	90	90	8651985
701	513	918	90	90	8651991
701	516	918	90	90	8651997
700	520	918	90	90	8652003
699	524	918	90	90	8652010
699	528	918	90	90	8652016
698	531	922	90	90	8652022
697	534	922	90	90	8652028
696	537	922	90	90	8652035
695	540	922	90	90	8652041
694	543	922	90	90	8652047
693	545	922	90	90	8652053
692	548	922	90	90	8652060
691	550	922	90	90	8652066
690	552	922	90	90	8652072
688	555	922	90	90	8652078
687	557	922	90	90	8652085
686	559	922	90	90	8652091
685	561	922	90	90	8652097
684	563	918	90	90	8652103
683	564	918	90	90	8652110
682	565	910	90	90	8652116
681	566	877	90	90	8652128
680	566	773	90	90	8652135
679	566	547	90	90	8652147
677	567	148	90	90	8652166
50
623	602	4	90	90	8652447
623	606	76	90	90	8652453
623	607	161	90	90	8652460
623	609	249	90	90	8652466
623	611	285	90	90	8652472
622	612	306	90	90	8652478
622	614	346	90	90	8652485
622	616	386	90	90	8652491
621	618	439	90	90	8652497
621	619	487	90	90	8652503
620	620	539	90	90	8652510
620	621	608	90	90	8652522
620	622	686	90	90	8652541
619	621	728	90	90	8652547
618	620	737	90	90	8652553
618	618	741	90	90	8652560
618	616	749	90	90	8652566
617	613	761	90	90	8652572
617	610	769	90	90	8652578
616	606	777	90	90	8652585
615	601	789	90	90	8652591
615	596	797	90	90	8652597
614	591	809	90	90	8652603
614	585	821	90	90	8652610
613	579	825	90	90	8652616
613	573	833	90	90	8652622
613	568	837	90	90	8652628
612	562	841	90	90	8652635
612	557	845	90	90	8652641
613	552	849	90	90	8652647
613	547	853	90	90	8652653
614	542	853	90	90	8652660
614	537	853	90	90	8652666
615	533	853	90	90	8652672
616	528	853	90	90	8652678
616	523	853	90	90	8652685
617	519	853	90	90	8652691
617	515	853	90	90	8652697
617	511	853	90	90	8652703
617	507	853	90	90	8652710
617	504	849	90	90	8652716
617	502	849	90	90	8652722
617	499	849	90	90	8652728
617	497	841	90	90	8652735
617	495	837	90	90	8652741
618	494	821	90	90	8652747
618	493	694	90	90	8652772
618	495	378	90	90	8652778
618	498	225	90	90	8652785
618	501	32	90	90	8652797
24
693	623	202	90	90	8653097
692	622	406	90	90	8653103
692	621	551	90	90	8653110
692	618	664	90	90	8653116
692	615	708	90	90	8653122
692	611	749	90	90	8653128
692	606	781	90	90	8653135
692	600	801	90	90	8653141
693	593	817	90	90	8653147
694	586	829	90	90	8653153
695	578	837	90	90	8653160
696	570	841	90	90	8653166
697	561	849	90	90	8653172
697	553	853	90	90	8653178
698	544	853	90	90	8653185
698	535	857	90	90	8653191
699	527	857	90	90	8653197
699	519	853	90	90	8653203
699	512	845	90	90	8653210
700	506	833	90	90	8653216
700	500	801	90	90	8653222
700	496	724	90	90	8653228
701	493	583	90	90	8653235
701	491	200	90	90	8653260
24
654	520	76	90	90	8653491
654	526	209	90	90	8653497
654	527	346	90	90	8653503
654	529	593	90	90	8653528
654	527	765	90	90	8653535
654	524	805	90	90	8653541
655	520	833	90	90	8653547
655	515	861	90	90	8653553
656	508	882	90	90	8653560
656	501	898	90	90	8653566
657	492	910	90	90	8653572
657	482	918	90	90	8653578
657	472	922	90	90	8653585
657	461	926	90	90	8653591
657	451	922	90	90	8653597
657	441	918	90	90	8653603
657	432	902	90	90	8653610
658	423	878	90	90	8653616
658	415	833	90	90	8653622
658	408	696	90	90	8653628
658	402	551	90	90	8653635
658	397	386	90	90	8653641
658	393	217	90	90	8653647
658	389	26	90	90	8653660
5
1
329	441	0	90	90	8740427
121
713	540	80	90	90	8741479
714	543	217	90	90	8741485
714	544	354	90	90	8741491
713	546	487	90	90	8741497
713	547	620	90	90	8741504
711	548	648	90	90	8741510
710	550	668	90	90	8741516
709	551	692	90	90	8741522
707	553	724	90	90	8741529
706	555	745	90	90	8741535
704	557	765	90	90	8741541
701	559	785	90	90	8741547
699	561	801	90	90	8741554
697	562	817	90	90	8741560
694	564	829	90	90	8741566
691	565	837	90	90	8741572
688	566	841	90	90	8741579
684	566	845	90	90	8741585
680	566	849	90	90	8741591
676	566	853	90	90	8741597
671	565	857	90	90	8741604
667	564	857	90	90	8741610
662	562	861	90	90	8741616
656	560	861	90	90	8741622
651	558	865	90	90	8741629
646	555	865	90	90	8741635
641	551	865	90	90	8741641
635	548	865	90	90	8741647
630	543	865	90	90	8741654
625	539	865	90	90	8741660
620	534	865	90	90	8741666
615	529	865	90	90	8741672
611	523	861	90	90	8741679
607	518	861	90	90	8741685
604	512	861	90	90	8741691
601	506	857	90	90	8741697
599	499	857	90	90	8741704
597	492	853	90	90	8741710
595	485	853	90	90	8741716
594	478	853	90	90	8741722
593	470	849	90	90	8741729
593	463	849	90	90	8741735
594	455	849	90	90	8741741
594	448	849	90	90	8741747
596	441	849	90	90	8741754
597	434	849	90	90	8741760
600	428	849	90	90	8741766
602	422	849	90	90	8741772
606	417	845	90	90	8741779
609	412	845	90	90	8741785
614	408	845	90	90	8741791
618	404	849	90	90	8741797
623	402	849	90	90	8741804
628	399	849	90	90	8741810
633	398	849	90	90	8741816
639	397	853	90	90	8741822
644	397	853	90	90	8741829
649	398	853	90	90	8741835
654	399	853	90	90	8741841
659	400	853	90	90	8741847
665	402	857	90	90	8741854
669	404	857	90	90	8741860
674	407	857	90	90	8741866
678	410	861	90	90	8741872
683	413	861	90	90	8741879
687	417	865	90	90	8741885
691	421	865	90	90	8741891
695	426	865	90	90	8741897
698	431	869	90	90	8741904
701	436	869	90	90	8741910
705	440	869	90	90	8741916
707	446	869	90	90	8741922
710	451	869	90	90	8741929
712	456	873	90	90	8741935
714	461	873	90	90	8741941
715	466	873	90	90	8741947
716	471	873	90	90	8741954
717	476	873	90	90	8741960
718	480	878	90	90	8741966
719	485	878	90	90	8741972
719	489	878	90	90	8741979
720	494	878	90	90	8741985
720	498	878	90	90	8741991
721	502	882	90	90	8741997
721	505	882	90	90	8742004
721	509	882	90	90	8742010
721	512	882	90	90	8742016
720	515	882	90	90	8742022
720	518	882	90	90	8742029
720	521	882	90	90	8742035
719	523	886	90	90	8742041
719	526	886	90	90	8742047
718	528	886	90	90	8742054
717	531	886	90	90	8742060
717	533	886	90	90	8742066
716	535	886	90	90	8742072
716	537	886	90	90	8742079
715	539	886	90	90	8742085
715	541	886	90	90	8742091
714	542	886	90	90	8742097
714	544	890	90	90	8742104
713	545	890	90	90	8742110
713	546	890	90	90	8742116
712	547	890	90	90	8742122
711	548	890	90	90	8742129
711	549	890	90	90	8742135
710	550	890	90	90	8742141
709	551	890	90	90	8742147
708	552	890	90	90	8742154
707	553	890	90	90	8742160
706	553	890	90	90	8742166
705	554	890	90	90	8742172
705	555	886	90	90	8742179
704	555	886	90	90	8742185
703	555	882	90	90	8742197
701	556	873	90	90	8742210
700	556	855	90	90	8742222
699	556	827	90	90	8742235
698	555	743	90	90	8742254
697	555	427	90	90	8742272
696	556	48	90	90	8742291
58
582	620	64	90	90	8742960
583	623	189	90	90	8742966
583	625	318	90	90	8742972
583	626	447	90	90	8742979
583	627	589	90	90	8742991
582	628	697	90	90	8743022
582	627	769	90	90	8743029
582	625	785	90	90	8743035
583	622	801	90	90	8743041
583	619	821	90	90	8743047
583	616	837	90	90	8743054
583	612	849	90	90	8743060
583	608	857	90	90	8743066
583	603	869	90	90	8743072
583	597	873	90	90	8743079
583	592	882	90	90	8743085
583	586	886	90	90	8743091
584	579	890	90	90	8743097
584	572	890	90	90	8743104
584	565	890	90	90	8743110
585	557	890	90	90	8743116
585	549	890	90	90	8743122
585	541	890	90	90	8743129
586	534	890	90	90	8743135
586	526	890	90	90	8743141
586	519	886	90	90	8743147
586	513	886	90	90	8743154
586	507	886	90	90	8743160
585	501	886	90	90	8743166
585	496	882	90	90	8743172
585	491	882	90	90	8743179
585	487	882	90	90	8743185
585	482	882	90	90	8743191
585	478	882	90	90	8743197
585	475	882	90	90	8743204
585	471	882	90	90	8743210
585	468	882	90	90	8743216
586	465	882	90	90	8743222
586	462	878	90	90	8743229
586	460	878	90	90	8743235
586	458	878	90	90	8743241
587	456	878	90	90	8743247
587	455	878	90	90	8743254
587	453	878	90	90	8743260
588	452	878	90	90	8743266
588	450	878	90	90	8743272
589	448	878	90	90	8743279
589	447	878	90	90	8743285
590	445	878	90	90	8743291
590	443	878	90	90	8743297
591	442	873	90	90	8743304
591	440	869	90	90	8743310
592	439	865	90	90	8743316
592	438	843	90	90	8743329
592	437	661	90	90	8743347
592	439	366	90	90	8743354
592	440	197	90	90	8743360
591	442	16	90	90	8743372
45
710	606	40	90	90	8743729
710	607	120	90	90	8743735
710	608	153	90	90	8743741
710	609	215	90	90	8743754
710	611	317	90	90	8743766
710	612	495	90	90	8743791
710	610	632	90	90	8743797
711	609	676	90	90	8743804
711	606	720	90	90	8743810
711	603	753	90	90	8743816
711	599	781	90	90	8743822
712	595	805	90	90	8743829
712	589	821	90	90	8743835
712	584	837	90	90	8743841
712	577	849	90	90	8743847
713	571	857	90	90	8743854
713	564	865	90	90	8743860
713	558	873	90	90	8743866
714	551	878	90	90	8743872
714	545	882	90	90	8743879
715	538	886	90	90	8743885
715	533	886	90	90	8743891
716	527	890	90	90	8743897
716	522	890	90	90	8743904
717	517	890	90	90	8743910
717	512	894	90	90	8743916
717	508	894	90	90	8743922
718	503	894	90	90	8743929
718	499	894	90	90	8743935
718	495	894	90	90	8743941
718	491	894	90	90	8743947
718	487	898	90	90	8743954
719	483	898	90	90	8743960
719	479	894	90	90	8743966
719	475	894	90	90	8743972
719	472	894	90	90	8743979
719	468	894	90	90	8743985
718	465	890	90	90	8743991
718	462	882	90	90	8743997
718	459	869	90	90	8744004
718	456	841	90	90	8744010
718	453	749	90	90	8744016
717	451	608	90	90	8744022
717	450	447	90	90	8744029
717	449	135	90	90	8744047
28
640	476	112	90	90	8744279
641	479	333	90	90	8744291
642	480	555	90	90	8744297
642	478	652	90	90	8744304
642	476	708	90	90	8744310
643	472	765	90	90	8744316
644	468	809	90	90	8744322
644	462	841	90	90	8744329
645	456	861	90	90	8744335
645	448	882	90	90	8744341
646	440	894	90	90	8744347
646	431	906	90	90	8744354
646	421	914	90	90	8744360
645	410	926	90	90	8744366
645	399	930	90	90	8744372
644	388	934	90	90	8744379
644	376	938	90	90	8744385
643	364	938	90	90	8744391
642	353	938	90	90	8744397
642	342	934	90	90	8744404
641	332	922	90	90	8744410
641	323	906	90	90	8744416
641	316	886	90	90	8744422
641	309	841	90	90	8744429
641	305	733	90	90	8744435
641	302	588	90	90	8744441
641	300	341	90	90	8744454
641	301	46	90	90	8744466
5
1
611	612	0	90	90	8843961
108
711	559	56	90	90	8844198
711	561	205	90	90	8844204
711	562	354	90	90	8844211
711	563	503	90	90	8844217
711	565	644	90	90	8844223
710	567	708	90	90	8844229
709	569	761	90	90	8844236
708	570	797	90	90	8844242
707	572	825	90	90	8844248
707	574	841	90	90	8844254
705	576	853	90	90	8844261
704	578	861	90	90	8844267
702	580	865	90	90	8844273
701	581	873	90	90	8844279
698	583	878	90	90	8844286
696	584	886	90	90	8844292
693	585	890	90	90	8844298
690	586	894	90	90	8844304
686	586	902	90	90	8844311
681	585	906	90	90	8844317
677	585	910	90	90	8844323
672	584	914	90	90	8844329
667	582	918	90	90	8844336
662	581	922	90	90	8844342
657	579	922	90	90	8844348
652	576	922	90	90	8844354
647	574	922	90	90	8844361
643	570	922	90	90	8844367
638	567	922	90	90	8844373
634	563	922	90	90	8844379
630	559	922	90	90	8844386
626	554	922	90	90	8844392
623	550	918	90	90	8844398
621	544	918	90	90	8844404
619	539	918	90	90	8844411
617	533	914	90	90	8844417
617	527	914	90	90	8844423
617	521	914	90	90	8844429
618	515	914	90	90	8844436
620	510	910	90	90	8844442
622	505	910	90	90	8844448
625	500	910	90	90	8844454
629	495	910	90	90	8844461
633	492	910	90	90	8844467
638	489	910	90	90	8844473
643	486	910	90	90	8844479
649	485	910	90	90	8844486
655	483	910	90	90	8844492
661	483	910	90	90	8844498
667	483	910	90	90	8844504
673	483	914	90	90	8844511
679	484	914	90	90	8844517
684	486	914	90	90	8844523
689	487	918	90	90	8844529
694	489	922	90	90	8844536
699	492	922	90	90	8844542
703	494	926	90	90	8844548
706	496	930	90	90	8844554
710	499	930	90	90	8844561
713	502	934	90	90	8844567
716	504	938	90	90	8844573
718	507	938	90	90	8844579
720	510	942	90	90	8844586
722	513	942	90	90	8844592
724	516	942	90	90	8844598
725	519	946	90	90	8844604
726	522	946	90	90	8844611
726	525	946	90	90	8844617
726	528	950	90	90	8844623
726	531	950	90	90	8844629
726	534	950	90	90	8844636
726	536	954	90	90	8844642
726	539	954	90	90	8844648
726	542	954	90	90	8844654
725	544	958	90	90	8844661
725	546	958	90	90	8844667
724	549	958	90	90	8844673
723	550	958	90	90	8844679
722	552	962	90	90	8844686
722	554	962	90	90	8844692
721	555	962	90	90	8844698
720	556	962	90	90	8844704
720	557	962	90	90	8844711
719	559	966	90	90	8844717
718	560	966	90	90	8844723
717	561	966	90	90	8844729
716	562	966	90	90	8844736
716	564	966	90	90	8844742
715	565	966	90	90	8844748
714	567	966	90	90	8844754
714	569	966	90	90	8844761
713	570	966	90	90	8844767
712	572	966	90	90	8844773
712	573	966	90	90	8844779
711	574	970	90	90	8844786
711	575	970	90	90	8844798
710	576	970	90	90	8844817
709	577	966	90	90	8844829
708	578	960	90	90	8844842
707	578	948	90	90	8844854
706	579	934	90	90	8844867
705	579	912	90	90	8844879
703	579	879	90	90	8844892
702	579	827	90	90	8844904
701	579	712	90	90	8844917
700	579	452	90	90	8844929
699	580	229	90	90	8844936
698	580	38	90	90	8844948
58
618	637	76	90	90	8845223
620	642	205	90	90	8845229
621	644	338	90	90	8845236
621	647	463	90	90	8845242
621	649	547	90	90	8845248
621	652	608	90	90	8845254
622	654	664	90	90	8845261
622	656	704	90	90	8845267
622	658	741	90	90	8845273
622	659	765	90	90	8845279
622	661	781	90	90	8845286
621	662	810	90	90	8845304
621	663	845	90	90	8845323
620	662	869	90	90	8845329
620	660	878	90	90	8845336
620	658	890	90	90	8845342
620	656	898	90	90	8845348
619	653	906	90	90	8845354
619	649	914	90	90	8845361
619	645	918	90	90	8845367
619	640	918	90	90	8845373
618	635	922	90	90	8845379
618	630	922	90	90	8845386
618	624	926	90	90	8845392
617	617	926	90	90	8845398
617	610	930	90	90	8845404
616	603	930	90	90	8845411
616	596	930	90	90	8845417
615	589	934	90	90	8845423
615	581	934	90	90	8845429
615	574	934	90	90	8845436
615	568	934	90	90	8845442
615	561	934	90	90	8845448
615	555	934	90	90	8845454
616	550	934	90	90	8845461
616	545	930	90	90	8845467
617	541	930	90	90	8845473
618	537	930	90	90	8845479
619	533	930	90	90	8845486
620	529	930	90	90	8845492
621	526	930	90	90	8845498
622	523	930	90	90	8845504
622	520	930	90	90	8845511
623	517	930	90	90	8845517
624	515	930	90	90	8845523
624	513	930	90	90	8845529
625	511	930	90	90	8845536
625	509	930	90	90	8845542
625	507	930	90	90	8845548
626	505	930	90	90	8845554
626	504	930	90	90	8845561
626	503	926	90	90	8845567
626	502	906	90	90	8845579
626	501	783	90	90	8845598
626	502	519	90	90	8845604
626	503	354	90	90	8845611
626	505	181	90	90	8845617
626	508	8	90	90	8845629
37
740	656	104	90	90	8845929
738	658	241	90	90	8845936
737	658	378	90	90	8845942
736	658	573	90	90	8845954
734	658	692	90	90	8845967
733	657	753	90	90	8845973
733	656	781	90	90	8845979
733	654	805	90	90	8845986
732	651	825	90	90	8845992
732	646	841	90	90	8845998
732	641	857	90	90	8846004
731	635	869	90	90	8846011
731	628	882	90	90	8846017
730	620	886	90	90	8846023
729	612	894	90	90	8846029
728	604	898	90	90	8846036
728	596	902	90	90	8846042
727	587	902	90	90	8846048
726	579	906	90	90	8846054
725	571	906	90	90	8846061
724	563	910	90	90	8846067
723	555	910	90	90	8846073
722	548	910	90	90	8846079
722	540	910	90	90	8846086
721	534	910	90	90	8846092
721	527	910	90	90	8846098
720	521	906	90	90	8846104
720	516	906	90	90	8846111
720	511	906	90	90	8846117
721	507	902	90	90	8846123
721	504	894	90	90	8846129
722	501	882	90	90	8846136
723	499	857	90	90	8846142
724	498	793	90	90	8846148
725	496	652	90	90	8846154
726	496	418	90	90	8846167
727	496	57	90	90	8846186
35
679	558	112	90	90	8846448
679	559	345	90	90	8846461
679	557	567	90	90	8846467
679	554	708	90	90	8846473
678	551	773	90	90	8846479
678	547	821	90	90	8846486
678	543	857	90	90	8846492
678	537	882	90	90	8846498
678	531	898	90	90	8846504
678	525	914	90	90	8846511
678	517	922	90	90	8846517
677	509	934	90	90	8846523
677	501	942	90	90	8846529
676	492	950	90	90	8846536
676	483	954	90	90	8846542
675	474	962	90	90	8846548
674	465	966	90	90	8846554
673	455	966	90	90	8846561
673	446	970	90	90	8846567
672	437	970	90	90	8846573
671	428	970	90	90	8846579
670	420	970	90	90	8846586
669	411	966	90	90	8846592
668	403	962	90	90	8846598
667	396	954	90	90	8846604
666	389	946	90	90	8846611
665	382	930	90	90	8846617
664	376	910	90	90	8846623
663	370	873	90	90	8846629
663	364	801	90	90	8846636
662	359	656	90	90	8846642
662	355	503	90	90	8846648
662	352	342	90	90	8846654
661	349	169	90	90	8846661
661	347	4	90	90	8846673
5
1
335	402	0	90	90	8944162
104
718	547	92	90	90	8944712
720	548	267	90	90	8944725
721	550	447	90	90	8944731
721	551	499	90	90	8944737
721	552	523	90	90	8944743
720	553	547	90	90	8944750
720	554	571	90	90	8944756
719	555	596	90	90	8944762
718	557	616	90	90	8944768
717	558	632	90	90	8944775
716	559	644	90	90	8944781
714	560	660	90	90	8944787
712	562	676	90	90	8944793
710	563	688	90	90	8944800
708	565	704	90	90	8944806
705	566	720	90	90	8944812
702	567	737	90	90	8944818
699	568	749	90	90	8944825
696	569	761	90	90	8944831
693	570	769	90	90	8944837
689	571	773	90	90	8944843
686	572	781	90	90	8944850
682	572	785	90	90	8944856
679	572	785	90	90	8944862
675	571	789	90	90	8944868
671	570	789	90	90	8944875
668	569	789	90	90	8944881
664	568	789	90	90	8944887
660	566	793	90	90	8944893
656	564	793	90	90	8944900
653	561	793	90	90	8944906
649	558	793	90	90	8944912
646	555	793	90	90	8944918
643	552	793	90	90	8944925
640	548	793	90	90	8944931
638	544	793	90	90	8944937
636	539	793	90	90	8944943
634	534	793	90	90	8944950
632	529	793	90	90	8944956
632	524	793	90	90	8944962
631	518	797	90	90	8944968
631	513	797	90	90	8944975
631	509	797	90	90	8944981
632	504	797	90	90	8944987
633	500	797	90	90	8944993
635	496	797	90	90	8945000
638	493	801	90	90	8945006
641	489	801	90	90	8945012
644	487	805	90	90	8945018
648	484	805	90	90	8945025
652	482	809	90	90	8945031
656	480	813	90	90	8945037
660	479	817	90	90	8945043
665	478	821	90	90	8945050
669	478	825	90	90	8945056
673	478	825	90	90	8945062
677	478	829	90	90	8945068
681	479	829	90	90	8945075
685	480	833	90	90	8945081
689	482	833	90	90	8945087
693	484	837	90	90	8945093
697	486	837	90	90	8945100
700	488	837	90	90	8945106
704	490	841	90	90	8945112
707	493	841	90	90	8945118
709	495	841	90	90	8945125
712	497	841	90	90	8945131
714	500	841	90	90	8945137
715	502	841	90	90	8945143
716	504	841	90	90	8945150
718	506	837	90	90	8945156
718	509	837	90	90	8945162
719	511	837	90	90	8945168
720	514	837	90	90	8945175
720	517	841	90	90	8945181
721	519	841	90	90	8945187
721	522	841	90	90	8945193
721	524	841	90	90	8945200
721	526	841	90	90	8945206
721	528	841	90	90	8945212
721	530	845	90	90	8945218
721	531	845	90	90	8945225
721	533	845	90	90	8945231
720	534	845	90	90	8945237
720	535	845	90	90	8945243
720	536	845	90	90	8945250
719	538	845	90	90	8945256
719	539	845	90	90	8945262
719	540	845	90	90	8945268
718	542	845	90	90	8945275
718	543	845	90	90	8945281
718	545	841	90	90	8945287
718	546	841	90	90	8945293
718	548	841	90	90	8945300
718	549	841	90	90	8945306
717	550	841	90	90	8945312
717	551	837	90	90	8945325
717	552	837	90	90	8945337
716	554	836	90	90	8945362
715	555	833	90	90	8945375
714	556	830	90	90	8945393
714	557	766	90	90	8945425
713	557	338	90	90	8945443
712	558	16	90	90	8945456
39
629	523	304	90	90	8945962
628	522	544	90	90	8945981
629	521	707	90	90	8946037
628	521	811	90	90	8946050
628	523	829	90	90	8946062
628	525	837	90	90	8946068
628	526	845	90	90	8946075
628	527	853	90	90	8946081
628	530	857	90	90	8946087
628	532	865	90	90	8946093
628	535	873	90	90	8946100
628	538	882	90	90	8946106
629	542	890	90	90	8946112
629	546	898	90	90	8946118
629	551	906	90	90	8946125
629	556	914	90	90	8946131
629	562	918	90	90	8946137
629	568	922	90	90	8946143
629	574	930	90	90	8946150
629	581	930	90	90	8946156
629	589	934	90	90	8946162
629	596	938	90	90	8946168
629	603	938	90	90	8946175
629	610	942	90	90	8946181
629	618	946	90	90	8946187
629	624	950	90	90	8946193
630	631	950	90	90	8946200
630	637	954	90	90	8946206
630	643	958	90	90	8946212
630	649	958	90	90	8946218
631	655	954	90	90	8946225
631	660	950	90	90	8946231
632	665	942	90	90	8946237
632	669	930	90	90	8946243
633	672	902	90	90	8946250
633	674	841	90	90	8946256
633	676	692	90	90	8946262
633	677	380	90	90	8946281
633	676	24	90	90	8946293
43
725	515	40	90	90	8946737
724	514	219	90	90	8946762
723	514	473	90	90	8946781
722	516	620	90	90	8946793
722	517	680	90	90	8946800
721	518	712	90	90	8946806
721	519	745	90	90	8946812
721	520	765	90	90	8946818
720	521	781	90	90	8946825
720	523	797	90	90	8946831
719	524	809	90	90	8946837
719	526	825	90	90	8946843
719	528	837	90	90	8946850
718	530	849	90	90	8946856
718	533	861	90	90	8946862
718	535	869	90	90	8946868
717	538	882	90	90	8946875
717	541	894	90	90	8946881
716	545	902	90	90	8946887
716	548	910	90	90	8946893
716	553	918	90	90	8946900
716	557	922	90	90	8946906
715	563	930	90	90	8946912
715	568	934	90	90	8946918
715	574	938	90	90	8946925
715	580	942	90	90	8946931
715	587	942	90	90	8946937
714	593	946	90	90	8946943
714	600	946	90	90	8946950
714	607	950	90	90	8946956
714	613	950	90	90	8946962
713	619	950	90	90	8946968
713	625	942	90	90	8946975
713	631	934	90	90	8946981
713	636	918	90	90	8946987
712	641	902	90	90	8946993
712	645	873	90	90	8947000
712	649	833	90	90	8947006
712	652	700	90	90	8947012
712	655	555	90	90	8947018
712	658	398	90	90	8947025
712	659	241	90	90	8947031
712	660	36	90	90	8947043
39
675	514	12	90	90	8947350
674	519	161	90	90	8947356
674	521	310	90	90	8947362
673	522	467	90	90	8947368
673	524	620	90	90	8947375
672	525	752	90	90	8947387
672	526	833	90	90	8947400
672	525	873	90	90	8947406
672	524	890	90	90	8947412
672	522	902	90	90	8947418
673	520	910	90	90	8947425
673	518	918	90	90	8947431
674	515	926	90	90	8947437
674	512	934	90	90	8947443
675	508	942	90	90	8947450
675	504	950	90	90	8947456
675	499	958	90	90	8947462
675	494	966	90	90	8947468
675	488	970	90	90	8947475
675	481	978	90	90	8947481
674	473	982	90	90	8947487
673	465	986	90	90	8947493
673	456	986	90	90	8947500
672	448	990	90	90	8947506
671	439	990	90	90	8947512
670	430	990	90	90	8947518
669	422	986	90	90	8947525
669	415	986	90	90	8947531
668	408	978	90	90	8947537
667	403	970	90	90	8947543
667	397	962	90	90	8947550
667	393	946	90	90	8947556
667	389	922	90	90	8947562
666	387	886	90	90	8947568
666	385	809	90	90	8947575
666	384	581	90	90	8947587
665	385	334	90	90	8947593
664	386	161	90	90	8947600
662	389	0	90	90	8947612
5
1
669	526	0	90	90	9054546
111
730	534	108	90	90	9054765
731	537	253	90	90	9054771
731	538	394	90	90	9054777
731	539	539	90	90	9054784
731	540	624	90	90	9054790
731	542	680	90	90	9054796
730	543	733	90	90	9054802
730	545	769	90	90	9054809
729	546	793	90	90	9054815
728	547	813	90	90	9054821
727	548	829	90	90	9054827
726	550	849	90	90	9054834
724	550	865	90	90	9054840
722	551	882	90	90	9054846
720	552	894	90	90	9054852
718	553	906	90	90	9054859
716	553	918	90	90	9054865
713	553	922	90	90	9054871
710	553	930	90	90	9054877
708	553	934	90	90	9054884
705	553	934	90	90	9054890
701	552	938	90	90	9054896
698	551	938	90	90	9054902
694	549	938	90	90	9054909
690	547	938	90	90	9054915
686	545	938	90	90	9054921
682	543	938	90	90	9054927
679	541	938	90	90	9054934
675	538	934	90	90	9054940
671	536	934	90	90	9054946
668	533	934	90	90	9054952
665	530	934	90	90	9054959
662	527	934	90	90	9054965
659	523	934	90	90	9054971
656	519	934	90	90	9054977
654	515	934	90	90	9054984
652	510	934	90	90	9054990
651	505	934	90	90	9054996
650	499	934	90	90	9055002
649	494	934	90	90	9055009
649	488	934	90	90	9055015
649	483	934	90	90	9055021
650	477	934	90	90	9055027
652	472	934	90	90	9055034
654	467	934	90	90	9055040
656	463	934	90	90	9055046
660	460	938	90	90	9055052
664	456	938	90	90	9055059
668	454	938	90	90	9055065
672	451	942	90	90	9055071
677	450	942	90	90	9055077
681	449	946	90	90	9055084
686	448	946	90	90	9055090
691	449	950	90	90	9055096
695	449	954	90	90	9055102
699	450	954	90	90	9055109
703	452	954	90	90	9055115
706	454	958	90	90	9055121
709	457	958	90	90	9055127
712	459	958	90	90	9055134
715	462	962	90	90	9055140
718	465	962	90	90	9055146
720	468	966	90	90	9055152
723	471	966	90	90	9055159
725	473	970	90	90	9055165
727	476	970	90	90	9055171
729	479	974	90	90	9055177
730	481	974	90	90	9055184
731	484	974	90	90	9055190
732	487	978	90	90	9055196
733	490	978	90	90	9055202
734	493	978	90	90	9055209
734	496	978	90	90	9055215
735	498	978	90	90	9055221
735	501	978	90	90	9055227
735	503	978	90	90	9055234
736	505	978	90	90	9055240
736	507	978	90	90	9055246
736	509	978	90	90	9055252
736	511	978	90	90	9055259
736	513	978	90	90	9055265
736	515	978	90	90	9055271
735	516	978	90	90	9055277
735	518	978	90	90	9055284
735	520	978	90	90	9055290
735	521	982	90	90	9055296
735	523	982	90	90	9055302
735	524	982	90	90	9055309
735	526	982	90	90	9055315
734	527	982	90	90	9055321
734	528	982	90	90	9055327
734	529	982	90	90	9055334
734	530	982	90	90	9055340
734	532	982	90	90	9055346
733	532	982	90	90	9055352
733	534	982	90	90	9055359
733	535	982	90	90	9055365
733	536	982	90	90	9055371
732	537	982	90	90	9055377
732	538	982	90	90	9055390
732	539	982	90	90	9055402
731	541	982	90	90	9055415
731	542	982	90	90	9055427
730	543	982	90	90	9055440
730	544	982	90	90	9055452
729	546	980	90	90	9055465
728	547	976	90	90	9055477
728	548	908	90	90	9055496
727	547	589	90	90	9055509
725	547	326	90	90	9055515
724	547	72	90	90	9055527
58
655	606	96	90	90	9055827
654	609	213	90	90	9055834
654	610	338	90	90	9055840
654	611	472	90	90	9055852
653	613	653	90	90	9055890
652	611	737	90	90	9055896
652	610	753	90	90	9055902
652	608	769	90	90	9055909
652	606	785	90	90	9055915
651	603	801	90	90	9055921
651	599	817	90	90	9055927
650	596	829	90	90	9055934
650	592	845	90	90	9055940
649	587	857	90	90	9055946
648	582	869	90	90	9055952
648	577	878	90	90	9055959
647	572	890	90	90	9055965
647	567	898	90	90	9055971
647	562	902	90	90	9055977
647	557	906	90	90	9055984
647	553	910	90	90	9055990
647	548	910	90	90	9055996
647	544	910	90	90	9056002
648	541	910	90	90	9056009
648	537	914	90	90	9056015
649	534	914	90	90	9056021
649	531	914	90	90	9056027
650	528	918	90	90	9056034
650	525	918	90	90	9056040
651	523	918	90	90	9056046
651	521	922	90	90	9056052
651	519	922	90	90	9056059
652	516	926	90	90	9056065
652	514	926	90	90	9056071
652	512	930	90	90	9056077
652	510	930	90	90	9056084
652	509	930	90	90	9056090
652	507	934	90	90	9056096
652	506	934	90	90	9056102
652	504	934	90	90	9056109
652	503	938	90	90	9056115
652	502	938	90	90	9056121
652	501	938	90	90	9056127
652	500	938	90	90	9056134
652	499	938	90	90	9056140
652	498	938	90	90	9056146
651	497	938	90	90	9056159
651	495	938	90	90	9056165
651	494	938	90	90	9056171
651	493	938	90	90	9056177
650	493	938	90	90	9056184
650	492	936	90	90	9056196
650	491	892	90	90	9056227
651	491	737	90	90	9056234
651	493	588	90	90	9056240
651	494	430	90	90	9056246
651	496	273	90	90	9056252
651	499	52	90	90	9056265
51
736	607	324	90	90	9056571
736	606	680	90	90	9056577
736	605	737	90	90	9056584
735	604	781	90	90	9056590
735	602	821	90	90	9056596
735	600	845	90	90	9056602
735	596	865	90	90	9056609
735	593	882	90	90	9056615
735	589	894	90	90	9056621
735	584	902	90	90	9056627
734	579	910	90	90	9056634
734	574	914	90	90	9056640
734	569	914	90	90	9056646
734	565	918	90	90	9056652
734	560	918	90	90	9056659
733	556	918	90	90	9056665
733	551	918	90	90	9056671
733	547	918	90	90	9056677
733	543	918	90	90	9056684
732	540	918	90	90	9056690
732	536	918	90	90	9056696
732	532	922	90	90	9056702
732	528	922	90	90	9056709
731	524	922	90	90	9056715
731	521	926	90	90	9056721
731	518	926	90	90	9056727
731	514	930	90	90	9056734
731	511	930	90	90	9056740
731	509	934	90	90	9056746
731	506	934	90	90	9056752
731	504	938	90	90	9056759
731	502	942	90	90	9056765
731	500	942	90	90	9056771
731	497	946	90	90	9056777
732	495	946	90	90	9056784
732	493	950	90	90	9056790
732	491	950	90	90	9056796
732	489	950	90	90	9056802
732	487	950	90	90	9056809
731	485	950	90	90	9056815
731	483	950	90	90	9056821
731	481	954	90	90	9056827
731	480	954	90	90	9056834
730	479	954	90	90	9056840
730	478	954	90	90	9056852
730	477	939	90	90	9056871
729	476	810	90	90	9056890
729	477	539	90	90	9056896
729	478	370	90	90	9056902
729	479	197	90	90	9056909
729	480	14	90	90	9056921
58
687	507	153	90	90	9057146
687	510	378	90	90	9057159
687	511	719	90	90	9057177
686	510	837	90	90	9057184
686	509	861	90	90	9057190
686	507	882	90	90	9057196
686	506	898	90	90	9057202
686	504	910	90	90	9057209
686	502	922	90	90	9057215
686	500	934	90	90	9057221
686	498	946	90	90	9057227
687	495	954	90	90	9057234
687	491	962	90	90	9057240
687	487	970	90	90	9057246
687	483	974	90	90	9057252
687	478	978	90	90	9057259
687	473	982	90	90	9057265
687	468	986	90	90	9057271
686	462	990	90	90	9057277
686	456	994	90	90	9057284
686	451	994	90	90	9057290
685	444	998	90	90	9057296
684	438	1002	90	90	9057302
684	432	1006	90	90	9057309
683	425	1006	90	90	9057315
683	419	1010	90	90	9057321
682	413	1010	90	90	9057327
682	406	1010	90	90	9057334
681	399	1014	90	90	9057340
680	393	1014	90	90	9057346
680	387	1014	90	90	9057352
680	380	1014	90	90	9057359
679	374	1014	90	90	9057365
679	368	1014	90	90	9057371
679	363	1014	90	90	9057377
679	357	1014	90	90	9057384
679	352	1014	90	90	9057390
679	346	1014	90	90	9057396
679	341	1014	90	90	9057402
679	335	1014	90	90	9057409
679	330	1014	90	90	9057415
679	325	1023	90	90	9057421
679	320	1014	90	90	9057427
679	315	1014	90	90	9057434
679	311	1014	90	90	9057440
679	306	1014	90	90	9057446
679	302	1010	90	90	9057452
679	298	1006	90	90	9057459
679	294	998	90	90	9057465
678	290	986	90	90	9057471
678	287	970	90	90	9057477
678	284	946	90	90	9057484
678	280	910	90	90	9057490
677	278	849	90	90	9057496
677	275	696	90	90	9057502
677	274	543	90	90	9057509
677	273	291	90	90	9057521
676	274	16	90	90	9057534
5
1
619	517	0	90	90	9166235
131
724	554	88	90	90	9166497
724	556	317	90	90	9166510
723	557	543	90	90	9166516
722	558	676	90	90	9166522
721	560	733	90	90	9166528
720	561	769	90	90	9166535
719	563	801	90	90	9166541
718	565	821	90	90	9166547
716	567	833	90	90	9166553
715	569	845	90	90	9166560
714	571	853	90	90	9166566
712	572	861	90	90	9166572
710	574	869	90	90	9166578
708	575	873	90	90	9166585
706	575	878	90	90	9166591
703	576	882	90	90	9166597
699	576	886	90	90	9166603
696	576	886	90	90	9166610
692	576	890	90	90	9166616
689	576	894	90	90	9166622
684	576	898	90	90	9166628
680	575	902	90	90	9166635
675	573	902	90	90	9166641
671	572	906	90	90	9166647
666	570	906	90	90	9166653
661	567	906	90	90	9166660
656	565	906	90	90	9166666
652	562	906	90	90	9166672
647	559	906	90	90	9166678
643	555	906	90	90	9166685
639	552	906	90	90	9166691
635	548	906	90	90	9166697
631	544	906	90	90	9166703
628	539	902	90	90	9166710
625	534	902	90	90	9166716
622	529	902	90	90	9166722
620	523	902	90	90	9166728
617	517	898	90	90	9166735
615	511	898	90	90	9166741
613	505	898	90	90	9166747
612	499	898	90	90	9166753
612	493	898	90	90	9166760
612	487	898	90	90	9166766
612	482	902	90	90	9166772
613	476	902	90	90	9166778
615	471	902	90	90	9166785
618	465	906	90	90	9166791
620	461	910	90	90	9166797
624	456	910	90	90	9166803
628	452	914	90	90	9166810
632	448	914	90	90	9166816
636	444	918	90	90	9166822
641	441	918	90	90	9166828
646	439	922	90	90	9166835
651	437	926	90	90	9166841
657	435	926	90	90	9166847
662	434	930	90	90	9166853
668	433	934	90	90	9166860
672	432	934	90	90	9166866
677	432	938	90	90	9166872
682	432	942	90	90	9166878
686	432	942	90	90	9166885
690	433	946	90	90	9166891
694	435	946	90	90	9166897
697	436	950	90	90	9166903
701	439	950	90	90	9166910
704	441	954	90	90	9166916
707	444	954	90	90	9166922
710	448	958	90	90	9166928
712	451	958	90	90	9166935
715	454	962	90	90	9166941
717	457	962	90	90	9166947
719	460	962	90	90	9166953
721	463	966	90	90	9166960
723	466	966	90	90	9166966
725	469	970	90	90	9166972
726	472	970	90	90	9166978
728	476	970	90	90	9166985
729	479	974	90	90	9166991
730	483	974	90	90	9166997
731	487	978	90	90	9167003
731	490	978	90	90	9167010
732	494	978	90	90	9167016
732	497	978	90	90	9167022
733	500	978	90	90	9167028
733	502	978	90	90	9167035
733	505	982	90	90	9167041
733	507	982	90	90	9167047
733	509	982	90	90	9167053
733	512	982	90	90	9167060
733	514	982	90	90	9167066
733	516	982	90	90	9167072
733	518	986	90	90	9167078
733	520	986	90	90	9167085
733	522	986	90	90	9167091
733	524	986	90	90	9167097
733	526	990	90	90	9167103
732	527	990	90	90	9167110
732	528	990	90	90	9167116
732	529	990	90	90	9167122
732	530	990	90	90	9167128
732	531	990	90	90	9167135
732	532	990	90	90	9167141
731	533	990	90	90	9167147
731	534	990	90	90	9167153
731	536	990	90	90	9167160
731	537	990	90	90	9167166
731	538	990	90	90	9167172
731	539	990	90	90	9167178
731	540	990	90	90	9167185
730	541	990	90	90	9167191
730	542	990	90	90	9167197
730	543	990	90	90	9167203
730	544	992	90	90	9167216
729	545	994	90	90	9167228
728	547	994	90	90	9167241
727	548	994	90	90	9167253
727	550	994	90	90	9167266
726	551	994	90	90	9167278
726	552	994	90	90	9167291
725	553	994	90	90	9167303
724	555	994	90	90	9167316
723	556	994	90	90	9167328
721	557	994	90	90	9167341
720	558	994	90	90	9167353
720	559	994	90	90	9167366
719	560	994	90	90	9167378
718	560	990	90	90	9167397
717	561	981	90	90	9167422
716	561	729	90	90	9167460
715	562	88	90	90	9167478
86
619	630	36	90	90	9167803
618	635	161	90	90	9167810
617	638	289	90	90	9167816
617	641	422	90	90	9167822
616	644	555	90	90	9167828
615	646	620	90	90	9167835
615	649	664	90	90	9167841
614	651	708	90	90	9167847
614	652	745	90	90	9167853
614	653	789	90	90	9167866
613	654	837	90	90	9167885
612	654	871	90	90	9167897
611	652	886	90	90	9167903
611	651	894	90	90	9167910
610	649	902	90	90	9167916
610	646	910	90	90	9167922
609	643	918	90	90	9167928
609	640	922	90	90	9167935
608	636	930	90	90	9167941
608	632	934	90	90	9167947
607	627	938	90	90	9167953
606	622	942	90	90	9167960
606	617	946	90	90	9167966
605	612	950	90	90	9167972
605	607	954	90	90	9167978
604	602	954	90	90	9167985
604	597	958	90	90	9167991
605	593	958	90	90	9167997
605	589	962	90	90	9168003
606	584	962	90	90	9168010
606	580	962	90	90	9168016
607	576	962	90	90	9168022
607	573	962	90	90	9168028
608	569	966	90	90	9168035
608	565	966	90	90	9168041
608	562	966	90	90	9168047
608	559	970	90	90	9168053
609	556	970	90	90	9168060
609	553	970	90	90	9168066
609	550	974	90	90	9168072
609	548	974	90	90	9168078
610	546	974	90	90	9168085
610	543	974	90	90	9168091
610	541	978	90	90	9168097
611	539	978	90	90	9168103
611	537	978	90	90	9168110
611	535	978	90	90	9168116
611	533	978	90	90	9168122
611	531	978	90	90	9168128
611	529	978	90	90	9168135
611	527	982	90	90	9168141
611	526	982	90	90	9168147
611	524	982	90	90	9168153
611	523	982	90	90	9168160
611	521	982	90	90	9168166
612	520	986	90	90	9168172
612	519	986	90	90	9168178
612	517	986	90	90	9168185
612	516	986	90	90	9168191
612	515	986	90	90	9168197
612	513	986	90	90	9168203
612	512	986	90	90	9168210
612	510	986	90	90	9168216
612	508	986	90	90	9168222
612	507	986	90	90	9168228
612	505	986	90	90	9168235
612	504	986	90	90	9168241
612	503	986	90	90	9168247
612	501	986	90	90	9168253
612	500	986	90	90	9168260
612	499	986	90	90	9168266
612	498	986	90	90	9168272
612	497	986	90	90	9168278
612	495	986	90	90	9168285
612	494	986	90	90	9168291
611	493	986	90	90	9168297
611	491	986	90	90	9168303
611	489	986	90	90	9168310
611	488	986	90	90	9168316
611	486	986	90	90	9168322
610	485	986	90	90	9168328
610	483	967	90	90	9168347
610	481	785	90	90	9168366
610	483	475	90	90	9168372
610	485	302	90	90	9168378
610	487	62	90	90	9168391
73
732	641	108	90	90	9168716
732	644	253	90	90	9168722
732	645	390	90	90	9168728
732	646	595	90	90	9168741
732	647	736	90	90	9168753
732	646	785	90	90	9168760
732	645	809	90	90	9168766
732	644	825	90	90	9168772
732	642	845	90	90	9168778
732	640	861	90	90	9168785
732	637	873	90	90	9168791
732	634	886	90	90	9168797
732	631	898	90	90	9168803
732	628	910	90	90	9168810
732	624	918	90	90	9168816
731	620	930	90	90	9168822
731	615	938	90	90	9168828
731	610	942	90	90	9168835
730	605	950	90	90	9168841
730	600	954	90	90	9168847
730	595	958	90	90	9168853
729	590	958	90	90	9168860
729	585	962	90	90	9168866
729	581	962	90	90	9168872
729	578	962	90	90	9168878
729	574	962	90	90	9168885
729	571	962	90	90	9168891
729	568	966	90	90	9168897
729	565	966	90	90	9168903
730	563	970	90	90	9168910
730	560	974	90	90	9168916
730	557	978	90	90	9168922
730	555	982	90	90	9168928
730	552	986	90	90	9168935
730	550	986	90	90	9168941
730	548	990	90	90	9168947
730	547	990	90	90	9168953
730	545	990	90	90	9168960
730	543	994	90	90	9168966
731	542	994	90	90	9168972
731	541	994	90	90	9168978
732	540	994	90	90	9168985
732	539	994	90	90	9168991
732	538	994	90	90	9168997
732	536	994	90	90	9169003
732	535	994	90	90	9169010
732	534	994	90	90	9169016
732	533	998	90	90	9169022
732	532	998	90	90	9169028
732	530	998	90	90	9169035
732	529	998	90	90	9169041
732	528	998	90	90	9169047
732	526	1002	90	90	9169053
732	525	1002	90	90	9169060
732	523	1002	90	90	9169066
732	521	1002	90	90	9169072
732	519	1002	90	90	9169078
732	517	1002	90	90	9169085
732	515	1002	90	90	9169091
732	513	1002	90	90	9169097
732	511	1002	90	90	9169103
732	509	1002	90	90	9169110
732	507	1002	90	90	9169116
732	505	1002	90	90	9169122
732	503	1002	90	90	9169128
732	501	998	90	90	9169135
731	499	990	90	90	9169141
731	497	978	90	90	9169147
731	496	962	90	90	9169153
732	495	803	90	90	9169178
733	496	443	90	90	9169185
733	497	273	90	90	9169191
733	499	46	90	90	9169203
46
673	507	28	90	90	9169497
672	508	253	90	90	9169510
671	508	621	90	90	9169528
670	507	801	90	90	9169535
670	506	829	90	90	9169541
671	504	857	90	90	9169547
671	502	878	90	90	9169553
672	500	894	90	90	9169560
672	497	910	90	90	9169566
673	493	922	90	90	9169572
673	489	934	90	90	9169578
674	485	946	90	90	9169585
674	480	950	90	90	9169591
674	475	954	90	90	9169597
675	470	962	90	90	9169603
675	464	966	90	90	9169610
675	458	966	90	90	9169616
675	451	970	90	90	9169622
675	445	970	90	90	9169628
675	438	970	90	90	9169635
675	430	970	90	90	9169641
674	423	970	90	90	9169647
674	415	970	90	90	9169653
673	407	974	90	90	9169660
672	399	974	90	90	9169666
671	391	974	90	90	9169672
670	382	974	90	90	9169678
668	373	978	90	90	9169685
667	364	982	90	90	9169691
666	356	982	90	90	9169697
665	347	982	90	90	9169703
664	339	986	90	90	9169710
663	331	986	90	90	9169716
662	323	986	90	90	9169722
661	316	986	90	90	9169728
660	309	986	90	90	9169735
660	303	982	90	90	9169741
659	298	978	90	90	9169747
658	293	970	90	90	9169753
658	289	958	90	90	9169760
657	286	934	90	90	9169766
657	284	898	90	90	9169772
656	283	669	90	90	9169791
655	285	346	90	90	9169797
654	287	173	90	90	9169803
653	291	2	90	90	9169816
5
1
566	495	0	90	90	9260470
115
717	541	8	90	90	9260820
718	543	144	90	90	9260826
718	544	281	90	90	9260832
718	545	414	90	90	9260838
717	547	547	90	90	9260845
717	548	604	90	90	9260851
716	549	648	90	90	9260857
715	551	684	90	90	9260863
715	552	708	90	90	9260870
714	554	728	90	90	9260876
713	555	741	90	90	9260882
712	557	753	90	90	9260888
710	559	765	90	90	9260895
708	560	777	90	90	9260901
706	562	785	90	90	9260907
703	563	797	90	90	9260913
700	563	809	90	90	9260920
697	563	817	90	90	9260926
693	563	829	90	90	9260932
690	563	833	90	90	9260938
686	562	841	90	90	9260945
683	561	845	90	90	9260951
679	561	849	90	90	9260957
675	560	853	90	90	9260963
672	559	853	90	90	9260970
668	558	853	90	90	9260976
664	556	857	90	90	9260982
660	554	857	90	90	9260988
656	552	857	90	90	9260995
652	550	857	90	90	9261001
649	547	857	90	90	9261007
645	544	857	90	90	9261013
642	540	857	90	90	9261020
639	536	857	90	90	9261026
636	532	857	90	90	9261032
634	527	857	90	90	9261038
632	521	857	90	90	9261045
630	516	857	90	90	9261051
629	509	857	90	90	9261057
628	503	853	90	90	9261063
627	496	853	90	90	9261070
627	489	853	90	90	9261076
627	482	853	90	90	9261082
628	475	853	90	90	9261088
630	468	857	90	90	9261095
632	462	861	90	90	9261101
634	457	865	90	90	9261107
638	452	865	90	90	9261113
642	448	869	90	90	9261120
646	444	873	90	90	9261126
651	442	878	90	90	9261132
656	440	882	90	90	9261138
661	438	882	90	90	9261145
667	437	886	90	90	9261151
672	437	886	90	90	9261157
677	437	890	90	90	9261163
682	437	894	90	90	9261170
686	438	894	90	90	9261176
691	440	898	90	90	9261182
694	442	902	90	90	9261188
698	444	902	90	90	9261195
701	447	906	90	90	9261201
704	450	906	90	90	9261207
707	453	906	90	90	9261213
709	457	910	90	90	9261220
711	460	910	90	90	9261226
713	463	914	90	90	9261232
714	467	914	90	90	9261238
716	470	918	90	90	9261245
717	473	918	90	90	9261251
718	476	922	90	90	9261257
719	479	922	90	90	9261263
720	483	926	90	90	9261270
721	486	926	90	90	9261276
722	489	930	90	90	9261282
722	492	930	90	90	9261288
723	495	930	90	90	9261295
723	498	930	90	90	9261301
724	500	930	90	90	9261307
724	503	934	90	90	9261313
724	505	934	90	90	9261320
724	507	934	90	90	9261326
724	509	934	90	90	9261332
724	511	934	90	90	9261338
724	513	938	90	90	9261345
724	515	938	90	90	9261351
724	517	938	90	90	9261357
724	519	938	90	90	9261363
724	521	942	90	90	9261370
724	522	942	90	90	9261376
724	524	942	90	90	9261382
723	525	942	90	90	9261388
723	526	942	90	90	9261395
723	527	942	90	90	9261401
722	528	942	90	90	9261407
722	529	942	90	90	9261413
721	530	942	90	90	9261420
721	531	942	90	90	9261432
720	532	942	90	90	9261445
720	534	942	90	90	9261457
719	535	942	90	90	9261470
718	536	942	90	90	9261482
717	538	942	90	90	9261495
716	539	942	90	90	9261501
716	540	942	90	90	9261513
715	542	942	90	90	9261526
715	543	942	90	90	9261538
714	544	942	90	90	9261551
713	545	942	90	90	9261563
712	546	942	90	90	9261576
711	548	942	90	90	9261588
711	549	942	90	90	9261601
710	551	942	90	90	9261613
710	552	942	90	90	9261632
709	553	614	90	90	9261707
56
628	499	34	90	90	9262120
627	498	274	90	90	9262157
626	498	584	90	90	9262220
625	498	782	90	90	9262257
624	499	845	90	90	9262282
624	500	865	90	90	9262295
624	501	877	90	90	9262307
624	502	886	90	90	9262313
624	503	894	90	90	9262320
624	505	898	90	90	9262326
624	506	906	90	90	9262332
625	508	910	90	90	9262338
625	510	914	90	90	9262345
625	513	918	90	90	9262351
625	516	922	90	90	9262357
625	519	926	90	90	9262363
625	523	930	90	90	9262370
625	527	934	90	90	9262376
625	532	938	90	90	9262382
625	537	942	90	90	9262388
625	543	946	90	90	9262395
625	549	954	90	90	9262401
625	556	958	90	90	9262407
625	563	962	90	90	9262413
625	570	970	90	90	9262420
625	577	974	90	90	9262426
625	584	978	90	90	9262432
625	591	982	90	90	9262438
625	597	986	90	90	9262445
625	603	986	90	90	9262451
625	610	990	90	90	9262457
625	616	990	90	90	9262463
625	622	990	90	90	9262470
625	627	990	90	90	9262476
625	632	994	90	90	9262482
624	637	994	90	90	9262488
624	642	994	90	90	9262495
623	646	998	90	90	9262501
623	649	998	90	90	9262507
623	653	998	90	90	9262513
622	656	1002	90	90	9262520
622	658	1002	90	90	9262526
622	661	1002	90	90	9262532
622	663	1002	90	90	9262538
622	666	998	90	90	9262545
623	668	998	90	90	9262551
623	670	998	90	90	9262557
623	672	998	90	90	9262563
623	673	994	90	90	9262570
623	675	984	90	90	9262582
624	675	930	90	90	9262595
624	674	757	90	90	9262601
624	673	604	90	90	9262607
625	672	439	90	90	9262613
625	671	261	90	90	9262620
625	670	40	90	90	9262632
58
726	503	168	90	90	9263138
725	503	464	90	90	9263157
724	503	539	90	90	9263176
723	503	602	90	90	9263195
722	503	658	90	90	9263220
721	503	717	90	90	9263251
720	504	778	90	90	9263307
719	505	821	90	90	9263320
719	506	833	90	90	9263326
719	507	841	90	90	9263332
719	508	849	90	90	9263338
720	510	857	90	90	9263345
720	512	861	90	90	9263351
721	514	869	90	90	9263357
721	517	873	90	90	9263363
722	520	878	90	90	9263370
722	523	882	90	90	9263376
722	527	886	90	90	9263382
723	531	890	90	90	9263388
723	535	894	90	90	9263395
722	539	902	90	90	9263401
722	543	906	90	90	9263407
721	547	910	90	90	9263413
720	552	918	90	90	9263420
720	558	926	90	90	9263426
719	564	930	90	90	9263432
718	570	934	90	90	9263438
717	576	938	90	90	9263445
716	583	942	90	90	9263451
716	589	946	90	90	9263457
715	595	950	90	90	9263463
715	602	950	90	90	9263470
714	608	954	90	90	9263476
713	613	958	90	90	9263482
712	619	962	90	90	9263488
711	623	962	90	90	9263495
711	628	966	90	90	9263501
710	633	966	90	90	9263507
709	637	970	90	90	9263513
709	642	970	90	90	9263520
708	646	974	90	90	9263526
708	649	974	90	90	9263532
707	653	978	90	90	9263538
707	657	978	90	90	9263545
707	660	978	90	90	9263551
706	662	978	90	90	9263557
706	665	978	90	90	9263563
706	667	978	90	90	9263570
706	669	978	90	90	9263576
705	670	978	90	90	9263582
705	671	974	90	90	9263613
705	670	942	90	90	9263620
705	669	902	90	90	9263626
705	667	757	90	90	9263632
706	666	604	90	90	9263638
706	664	439	90	90	9263645
706	663	265	90	90	9263651
707	661	44	90	90	9263663
47
674	496	24	90	90	9264013
673	497	205	90	90	9264032
672	497	386	90	90	9264051
672	498	538	90	90	9264076
672	499	782	90	90	9264145
671	498	878	90	90	9264151
671	497	890	90	90	9264157
671	496	898	90	90	9264163
671	494	906	90	90	9264170
671	492	918	90	90	9264176
672	490	926	90	90	9264182
672	487	934	90	90	9264188
672	483	942	90	90	9264195
673	479	950	90	90	9264201
673	475	958	90	90	9264207
673	470	966	90	90	9264213
674	464	970	90	90	9264220
675	458	974	90	90	9264226
675	451	982	90	90	9264232
676	444	982	90	90	9264238
677	436	986	90	90	9264245
677	428	990	90	90	9264251
678	419	990	90	90	9264257
678	411	994	90	90	9264263
678	402	998	90	90	9264270
678	393	998	90	90	9264276
678	384	1002	90	90	9264282
678	375	1006	90	90	9264288
678	366	1006	90	90	9264295
678	358	1010	90	90	9264301
678	349	1014	90	90	9264307
678	342	1014	90	90	9264313
677	335	1023	90	90	9264320
677	328	1023	90	90	9264326
677	322	1023	90	90	9264332
677	317	1023	90	90	9264338
677	312	1023	90	90	9264345
677	308	1014	90	90	9264351
677	304	1014	90	90	9264357
676	302	1006	90	90	9264363
676	300	998	90	90	9264370
676	298	986	90	90	9264376
676	297	942	90	90	9264388
676	296	728	90	90	9264401
676	297	487	90	90	9264407
675	298	310	90	90	9264413
675	299	66	90	90	9264426
