3
1
327	337	0	90	90	8130549
39
599	568	134	90	90	8131043
598	568	396	90	90	8131056
598	566	588	90	90	8131062
598	565	616	90	90	8131068
598	563	640	90	90	8131074
598	561	668	90	90	8131081
598	559	692	90	90	8131087
598	556	708	90	90	8131093
599	552	728	90	90	8131099
599	548	741	90	90	8131106
599	544	753	90	90	8131112
600	540	765	90	90	8131118
600	535	777	90	90	8131124
601	529	789	90	90	8131131
601	523	801	90	90	8131137
601	517	813	90	90	8131143
602	510	821	90	90	8131149
602	502	829	90	90	8131156
602	493	833	90	90	8131162
602	484	837	90	90	8131168
602	473	837	90	90	8131174
601	462	841	90	90	8131181
601	451	845	90	90	8131187
601	438	849	90	90	8131193
600	426	853	90	90	8131199
599	413	857	90	90	8131206
599	400	861	90	90	8131212
598	388	861	90	90	8131218
598	376	865	90	90	8131224
597	365	869	90	90	8131231
597	354	865	90	90	8131237
596	345	853	90	90	8131243
596	336	841	90	90	8131249
596	330	813	90	90	8131256
595	324	781	90	90	8131262
595	321	704	90	90	8131268
595	319	490	90	90	8131281
595	322	265	90	90	8131287
595	325	56	90	90	8131299
164
598	558	52	90	90	8131599
596	557	161	90	90	8131606
595	556	352	90	90	8131624
595	557	513	90	90	8131637
596	559	604	90	90	8131643
596	560	648	90	90	8131649
598	562	688	90	90	8131656
599	563	728	90	90	8131662
601	565	769	90	90	8131668
603	567	797	90	90	8131674
605	568	825	90	90	8131681
607	570	849	90	90	8131687
609	571	869	90	90	8131693
611	573	886	90	90	8131699
613	575	902	90	90	8131706
616	578	914	90	90	8131712
619	580	922	90	90	8131718
622	583	934	90	90	8131724
625	586	938	90	90	8131731
628	590	942	90	90	8131737
631	593	946	90	90	8131743
635	597	950	90	90	8131749
638	600	950	90	90	8131756
642	603	954	90	90	8131762
645	606	954	90	90	8131768
649	610	954	90	90	8131774
653	613	958	90	90	8131781
657	617	958	90	90	8131787
661	621	962	90	90	8131793
666	626	962	90	90	8131799
671	630	966	90	90	8131806
675	635	966	90	90	8131812
680	640	970	90	90	8131818
685	644	970	90	90	8131824
689	648	970	90	90	8131831
694	652	970	90	90	8131837
698	655	970	90	90	8131843
701	658	974	90	90	8131849
704	661	974	90	90	8131856
707	663	974	90	90	8131862
709	664	974	90	90	8131868
711	666	974	90	90	8131874
712	667	978	90	90	8131881
714	668	978	90	90	8131887
715	669	978	90	90	8131893
716	670	976	90	90	8131906
717	671	978	90	90	8131918
718	672	979	90	90	8131937
718	670	982	90	90	8131943
718	669	982	90	90	8131949
718	668	982	90	90	8131956
718	667	986	90	90	8131962
717	665	986	90	90	8131968
717	664	986	90	90	8131974
717	662	986	90	90	8131981
716	659	986	90	90	8131987
716	656	986	90	90	8131993
716	653	986	90	90	8131999
715	650	986	90	90	8132006
715	646	986	90	90	8132012
715	642	986	90	90	8132018
714	638	982	90	90	8132024
714	633	982	90	90	8132031
713	628	982	90	90	8132037
713	622	982	90	90	8132043
713	617	982	90	90	8132049
712	611	982	90	90	8132056
712	605	982	90	90	8132062
712	598	982	90	90	8132068
711	591	982	90	90	8132074
711	584	982	90	90	8132081
711	576	982	90	90	8132087
711	569	978	90	90	8132093
711	560	978	90	90	8132099
710	552	978	90	90	8132106
710	544	978	90	90	8132112
710	536	974	90	90	8132118
710	527	974	90	90	8132124
710	519	974	90	90	8132131
709	510	974	90	90	8132137
709	501	974	90	90	8132143
709	491	970	90	90	8132149
709	482	970	90	90	8132156
708	472	970	90	90	8132162
708	463	970	90	90	8132168
707	453	970	90	90	8132174
707	444	970	90	90	8132181
707	434	970	90	90	8132187
706	425	970	90	90	8132193
706	416	970	90	90	8132199
706	407	966	90	90	8132206
705	399	966	90	90	8132212
705	390	966	90	90	8132218
705	382	966	90	90	8132224
705	373	966	90	90	8132231
704	364	966	90	90	8132237
704	356	966	90	90	8132243
703	347	966	90	90	8132249
703	339	970	90	90	8132256
702	331	966	90	90	8132262
702	323	966	90	90	8132268
702	316	970	90	90	8132274
702	308	970	90	90	8132281
702	301	966	90	90	8132287
702	294	966	90	90	8132293
702	288	966	90	90	8132299
702	281	966	90	90	8132306
702	275	966	90	90	8132312
702	269	966	90	90	8132318
702	263	966	90	90	8132324
702	258	966	90	90	8132331
701	252	962	90	90	8132337
701	247	962	90	90	8132343
701	243	958	90	90	8132349
701	239	958	90	90	8132356
701	235	954	90	90	8132362
701	232	950	90	90	8132368
701	229	950	90	90	8132374
701	227	946	90	90	8132381
700	225	946	90	90	8132387
700	223	946	90	90	8132393
700	222	946	90	90	8132399
700	221	946	90	90	8132418
700	220	943	90	90	8132437
699	221	942	90	90	8132449
698	222	942	90	90	8132462
696	223	938	90	90	8132468
695	225	938	90	90	8132474
694	226	938	90	90	8132481
693	227	938	90	90	8132487
691	229	938	90	90	8132493
690	231	938	90	90	8132499
688	232	938	90	90	8132506
686	234	942	90	90	8132512
684	236	942	90	90	8132518
682	239	946	90	90	8132524
679	241	946	90	90	8132531
677	244	946	90	90	8132537
674	246	950	90	90	8132543
670	250	950	90	90	8132549
667	253	950	90	90	8132556
663	257	946	90	90	8132562
660	261	946	90	90	8132568
656	265	946	90	90	8132574
652	269	942	90	90	8132581
648	273	942	90	90	8132587
644	277	942	90	90	8132593
640	281	942	90	90	8132599
637	285	938	90	90	8132606
633	289	938	90	90	8132612
629	294	938	90	90	8132618
626	298	934	90	90	8132624
622	303	930	90	90	8132631
619	307	922	90	90	8132637
616	312	914	90	90	8132643
612	316	906	90	90	8132649
609	320	890	90	90	8132656
607	324	861	90	90	8132662
604	328	789	90	90	8132668
602	331	644	90	90	8132674
600	335	491	90	90	8132681
598	338	334	90	90	8132687
596	340	165	90	90	8132693
594	343	0	90	90	8132706
3
1
587	504	0	90	90	8239833
29
582	504	4	90	90	8240295
582	505	265	90	90	8240314
581	506	651	90	90	8240351
582	505	753	90	90	8240358
582	504	773	90	90	8240364
583	502	797	90	90	8240370
583	500	817	90	90	8240376
584	497	837	90	90	8240383
584	493	853	90	90	8240389
585	489	869	90	90	8240395
586	483	886	90	90	8240401
586	476	902	90	90	8240408
586	469	910	90	90	8240414
587	460	922	90	90	8240420
586	451	926	90	90	8240426
586	441	934	90	90	8240433
586	431	938	90	90	8240439
585	421	938	90	90	8240445
584	411	938	90	90	8240451
583	401	938	90	90	8240458
583	393	934	90	90	8240464
582	385	926	90	90	8240470
581	379	914	90	90	8240476
581	374	890	90	90	8240483
580	370	845	90	90	8240489
580	368	625	90	90	8240501
580	369	386	90	90	8240508
581	372	217	90	90	8240514
581	375	24	90	90	8240526
168
582	500	289	90	90	8241026
583	500	610	90	90	8241045
584	502	688	90	90	8241051
585	502	728	90	90	8241058
586	503	757	90	90	8241064
588	505	781	90	90	8241070
590	507	801	90	90	8241076
592	509	817	90	90	8241083
594	511	829	90	90	8241089
596	514	837	90	90	8241095
599	516	845	90	90	8241101
602	519	853	90	90	8241108
604	522	857	90	90	8241114
607	526	861	90	90	8241120
611	529	865	90	90	8241126
614	533	869	90	90	8241133
618	537	873	90	90	8241139
622	541	878	90	90	8241145
626	545	882	90	90	8241151
630	550	886	90	90	8241158
634	554	890	90	90	8241164
638	558	894	90	90	8241170
642	562	894	90	90	8241176
646	566	898	90	90	8241183
649	569	902	90	90	8241189
653	573	906	90	90	8241195
656	575	906	90	90	8241201
659	578	910	90	90	8241208
661	581	910	90	90	8241214
664	583	914	90	90	8241220
666	585	914	90	90	8241226
668	586	918	90	90	8241233
670	588	922	90	90	8241239
671	589	922	90	90	8241245
672	590	928	90	90	8241258
673	591	938	90	90	8241301
672	590	947	90	90	8241320
671	589	950	90	90	8241339
670	588	950	90	90	8241358
670	587	950	90	90	8241389
669	586	950	90	90	8241414
669	585	950	90	90	8241426
669	584	950	90	90	8241439
669	583	950	90	90	8241445
669	582	950	90	90	8241451
669	581	950	90	90	8241458
669	580	950	90	90	8241464
669	578	950	90	90	8241470
669	576	946	90	90	8241476
669	574	946	90	90	8241483
669	571	946	90	90	8241489
669	568	950	90	90	8241495
670	564	950	90	90	8241501
670	560	950	90	90	8241508
670	555	950	90	90	8241514
670	550	950	90	90	8241520
671	545	950	90	90	8241526
671	540	954	90	90	8241533
672	535	954	90	90	8241539
672	529	954	90	90	8241545
672	524	954	90	90	8241551
672	518	954	90	90	8241558
672	512	954	90	90	8241564
672	506	950	90	90	8241570
672	499	950	90	90	8241576
671	493	950	90	90	8241583
671	486	950	90	90	8241589
670	479	950	90	90	8241595
670	472	950	90	90	8241601
670	464	950	90	90	8241608
669	457	950	90	90	8241614
669	449	950	90	90	8241620
669	442	950	90	90	8241626
669	434	950	90	90	8241633
668	426	950	90	90	8241639
668	419	950	90	90	8241645
668	411	950	90	90	8241651
668	404	946	90	90	8241658
667	396	946	90	90	8241664
667	388	946	90	90	8241670
667	381	946	90	90	8241676
667	373	946	90	90	8241683
666	366	946	90	90	8241689
666	359	946	90	90	8241695
666	352	950	90	90	8241701
666	345	950	90	90	8241708
666	338	950	90	90	8241714
666	331	950	90	90	8241720
666	325	950	90	90	8241726
666	319	950	90	90	8241733
666	312	950	90	90	8241739
667	306	950	90	90	8241745
667	300	950	90	90	8241751
667	295	950	90	90	8241758
667	289	950	90	90	8241764
667	284	950	90	90	8241770
667	279	950	90	90	8241776
667	274	950	90	90	8241783
667	269	950	90	90	8241789
667	265	946	90	90	8241795
667	261	946	90	90	8241801
667	257	946	90	90	8241808
667	253	946	90	90	8241814
667	250	946	90	90	8241820
667	247	942	90	90	8241826
667	244	942	90	90	8241833
667	242	938	90	90	8241839
667	240	934	90	90	8241845
667	238	934	90	90	8241851
667	237	930	90	90	8241858
667	236	928	90	90	8241870
667	235	925	90	90	8241901
667	236	924	90	90	8241914
666	238	926	90	90	8241920
666	239	926	90	90	8241926
665	240	930	90	90	8241933
665	242	930	90	90	8241939
664	243	934	90	90	8241945
663	245	934	90	90	8241951
662	246	938	90	90	8241958
661	248	938	90	90	8241964
660	250	938	90	90	8241970
658	252	938	90	90	8241976
657	254	938	90	90	8241983
655	256	938	90	90	8241989
653	258	938	90	90	8241995
651	261	938	90	90	8242001
649	263	938	90	90	8242008
647	266	938	90	90	8242014
645	269	938	90	90	8242020
642	273	938	90	90	8242026
639	276	942	90	90	8242033
636	280	942	90	90	8242039
633	283	942	90	90	8242045
630	287	942	90	90	8242051
627	291	942	90	90	8242058
624	295	942	90	90	8242064
621	299	942	90	90	8242070
619	304	942	90	90	8242076
616	308	942	90	90	8242083
613	313	942	90	90	8242089
610	317	938	90	90	8242095
608	322	938	90	90	8242101
605	327	938	90	90	8242108
603	332	934	90	90	8242114
600	337	934	90	90	8242120
597	341	930	90	90	8242126
595	345	930	90	90	8242133
593	350	930	90	90	8242139
591	353	926	90	90	8242145
589	357	926	90	90	8242151
587	360	926	90	90	8242158
586	363	922	90	90	8242164
585	365	914	90	90	8242170
583	368	910	90	90	8242176
583	370	902	90	90	8242183
581	372	890	90	90	8242189
581	374	878	90	90	8242195
580	376	861	90	90	8242201
579	377	837	90	90	8242208
579	378	813	90	90	8242214
578	380	773	90	90	8242220
578	381	708	90	90	8242226
578	382	592	90	90	8242233
578	383	443	90	90	8242239
578	384	294	90	90	8242245
578	385	144	90	90	8242251
578	386	0	90	90	8242264
3
1
327	404	0	90	90	8559348
31
561	567	8	90	90	8559767
560	563	157	90	90	8559773
560	560	302	90	90	8559780
560	557	451	90	90	8559786
560	553	596	90	90	8559792
560	549	728	90	90	8559798
560	542	749	90	90	8559805
560	535	765	90	90	8559811
559	525	781	90	90	8559817
559	515	801	90	90	8559823
558	503	821	90	90	8559830
557	491	841	90	90	8559836
557	479	857	90	90	8559842
556	465	869	90	90	8559848
555	451	886	90	90	8559855
554	435	898	90	90	8559861
554	419	910	90	90	8559867
553	402	918	90	90	8559873
552	387	922	90	90	8559880
551	371	926	90	90	8559886
550	355	926	90	90	8559892
550	341	926	90	90	8559898
549	328	918	90	90	8559905
549	319	906	90	90	8559911
549	312	882	90	90	8559917
549	307	845	90	90	8559923
549	306	777	90	90	8559930
549	307	628	90	90	8559936
549	310	467	90	90	8559942
549	316	302	90	90	8559948
549	324	70	90	90	8559961
132
552	550	120	90	90	8560198
552	551	338	90	90	8560205
553	552	487	90	90	8560211
554	553	583	90	90	8560217
555	555	660	90	90	8560223
557	557	745	90	90	8560230
559	559	805	90	90	8560236
561	561	849	90	90	8560242
564	563	882	90	90	8560248
568	566	906	90	90	8560255
571	569	922	90	90	8560261
576	572	934	90	90	8560267
581	576	942	90	90	8560273
586	580	950	90	90	8560280
592	585	958	90	90	8560286
598	590	966	90	90	8560292
605	595	970	90	90	8560298
612	601	970	90	90	8560305
619	607	974	90	90	8560311
627	612	978	90	90	8560317
634	618	978	90	90	8560323
641	623	982	90	90	8560330
648	628	982	90	90	8560336
655	633	986	90	90	8560342
661	637	986	90	90	8560348
667	641	990	90	90	8560355
672	644	994	90	90	8560361
677	648	994	90	90	8560367
681	651	998	90	90	8560373
685	654	1002	90	90	8560380
689	656	1002	90	90	8560386
693	658	1006	90	90	8560392
696	660	1006	90	90	8560398
698	662	1006	90	90	8560405
700	663	1006	90	90	8560411
702	664	1006	90	90	8560417
704	664	1006	90	90	8560423
704	665	1006	90	90	8560436
705	665	1006	90	90	8560448
706	664	1006	90	90	8560455
706	663	1006	90	90	8560461
707	662	1006	90	90	8560467
707	660	1006	90	90	8560473
707	658	1006	90	90	8560480
708	655	1006	90	90	8560486
708	652	1006	90	90	8560492
709	648	1006	90	90	8560498
709	644	1002	90	90	8560505
709	639	1002	90	90	8560511
709	633	1002	90	90	8560517
709	627	1002	90	90	8560523
709	620	1006	90	90	8560530
708	612	1006	90	90	8560536
708	604	1006	90	90	8560542
707	595	1006	90	90	8560548
706	585	1006	90	90	8560555
705	575	1010	90	90	8560561
704	564	1006	90	90	8560567
703	552	1006	90	90	8560573
701	540	1006	90	90	8560580
700	528	1006	90	90	8560586
698	516	1006	90	90	8560592
696	503	1006	90	90	8560598
695	490	1006	90	90	8560605
693	477	1006	90	90	8560611
691	465	1006	90	90	8560617
690	452	1006	90	90	8560623
689	439	1006	90	90	8560630
688	427	1010	90	90	8560636
687	415	1006	90	90	8560642
686	403	1010	90	90	8560648
685	391	1006	90	90	8560655
684	379	1006	90	90	8560661
684	367	1006	90	90	8560667
683	355	1010	90	90	8560673
682	344	1010	90	90	8560680
681	333	1010	90	90	8560686
680	323	1010	90	90	8560692
679	312	1010	90	90	8560698
679	303	1014	90	90	8560705
678	294	1010	90	90	8560711
678	286	1010	90	90	8560717
678	278	1010	90	90	8560723
678	270	1010	90	90	8560730
678	263	1010	90	90	8560736
678	256	1006	90	90	8560742
678	250	1002	90	90	8560748
678	243	1002	90	90	8560755
678	237	998	90	90	8560761
678	232	994	90	90	8560767
678	227	994	90	90	8560773
678	222	990	90	90	8560780
678	218	990	90	90	8560786
678	214	990	90	90	8560792
678	211	990	90	90	8560798
678	209	990	90	90	8560805
678	206	990	90	90	8560811
679	205	990	90	90	8560817
679	203	990	90	90	8560823
679	202	990	90	90	8560830
678	200	990	90	90	8560848
677	199	986	90	90	8560861
675	199	986	90	90	8560867
674	200	982	90	90	8560873
673	200	982	90	90	8560880
672	202	982	90	90	8560886
670	203	978	90	90	8560892
668	205	974	90	90	8560898
666	207	970	90	90	8560905
664	209	966	90	90	8560911
661	211	962	90	90	8560917
657	214	954	90	90	8560923
653	218	950	90	90	8560930
648	221	946	90	90	8560936
643	225	942	90	90	8560942
637	230	938	90	90	8560948
630	236	930	90	90	8560955
623	242	922	90	90	8560961
615	248	910	90	90	8560967
608	255	898	90	90	8560973
600	262	882	90	90	8560980
592	269	857	90	90	8560986
585	276	829	90	90	8560992
577	284	801	90	90	8560998
570	291	777	90	90	8561005
564	297	749	90	90	8561011
558	303	724	90	90	8561017
552	309	684	90	90	8561023
547	313	555	90	90	8561030
543	318	418	90	90	8561036
539	321	281	90	90	8561042
536	324	68	90	90	8561055
3
1
329	450	0	90	90	8674994
30
564	478	72	90	90	8675475
564	479	211	90	90	8675488
565	481	328	90	90	8675500
565	482	406	90	90	8675513
566	482	521	90	90	8675525
568	480	612	90	90	8675531
568	479	660	90	90	8675538
569	475	704	90	90	8675544
569	471	745	90	90	8675550
570	466	773	90	90	8675556
570	460	797	90	90	8675563
571	452	817	90	90	8675569
571	443	829	90	90	8675575
571	433	841	90	90	8675581
571	422	853	90	90	8675588
572	410	861	90	90	8675594
572	397	873	90	90	8675600
572	384	882	90	90	8675606
572	371	886	90	90	8675613
572	358	894	90	90	8675619
573	345	898	90	90	8675625
573	334	894	90	90	8675631
573	324	890	90	90	8675638
574	316	873	90	90	8675644
574	311	849	90	90	8675650
574	308	730	90	90	8675663
574	309	515	90	90	8675669
574	313	354	90	90	8675675
574	319	189	90	90	8675681
573	327	16	90	90	8675694
135
566	477	76	90	90	8675919
566	478	279	90	90	8675931
566	479	519	90	90	8675944
567	480	632	90	90	8675950
567	481	688	90	90	8675956
569	483	741	90	90	8675963
570	484	773	90	90	8675969
572	486	801	90	90	8675975
574	489	825	90	90	8675981
577	491	841	90	90	8675988
580	494	853	90	90	8675994
583	497	865	90	90	8676000
587	500	873	90	90	8676006
590	503	882	90	90	8676013
594	507	886	90	90	8676019
599	510	894	90	90	8676025
603	515	898	90	90	8676031
608	519	902	90	90	8676038
612	524	906	90	90	8676044
617	530	910	90	90	8676050
621	535	910	90	90	8676056
626	540	914	90	90	8676063
630	545	914	90	90	8676069
634	550	918	90	90	8676075
638	554	918	90	90	8676081
642	559	922	90	90	8676088
645	563	922	90	90	8676094
648	566	926	90	90	8676100
651	570	930	90	90	8676106
654	573	930	90	90	8676113
656	575	934	90	90	8676119
658	577	934	90	90	8676125
659	578	934	90	90	8676131
660	579	938	90	90	8676138
661	580	938	90	90	8676150
662	580	938	90	90	8676169
663	579	940	90	90	8676181
663	578	942	90	90	8676194
662	577	944	90	90	8676206
662	576	946	90	90	8676219
661	575	946	90	90	8676225
661	574	946	90	90	8676231
661	573	946	90	90	8676238
660	571	946	90	90	8676244
660	570	950	90	90	8676250
660	567	950	90	90	8676256
660	565	950	90	90	8676263
660	562	950	90	90	8676269
660	558	950	90	90	8676275
660	554	950	90	90	8676281
659	550	954	90	90	8676288
659	545	954	90	90	8676294
658	539	954	90	90	8676300
658	533	954	90	90	8676306
658	525	958	90	90	8676313
657	518	958	90	90	8676319
656	510	958	90	90	8676325
655	501	962	90	90	8676331
655	493	962	90	90	8676338
654	484	962	90	90	8676344
653	475	966	90	90	8676350
653	465	966	90	90	8676356
652	456	970	90	90	8676363
651	446	970	90	90	8676369
650	437	970	90	90	8676375
649	427	970	90	90	8676381
648	417	974	90	90	8676388
647	407	974	90	90	8676394
646	396	974	90	90	8676400
645	386	974	90	90	8676406
643	376	974	90	90	8676413
642	366	974	90	90	8676419
641	356	978	90	90	8676425
640	346	978	90	90	8676431
639	336	978	90	90	8676438
638	326	982	90	90	8676444
638	317	982	90	90	8676450
637	307	982	90	90	8676456
637	298	982	90	90	8676463
636	290	986	90	90	8676469
636	282	986	90	90	8676475
635	274	986	90	90	8676481
635	266	982	90	90	8676488
635	260	982	90	90	8676494
635	253	978	90	90	8676500
635	248	978	90	90	8676506
635	242	974	90	90	8676513
635	237	970	90	90	8676519
635	232	970	90	90	8676525
635	228	966	90	90	8676531
635	224	966	90	90	8676538
635	221	966	90	90	8676544
635	218	966	90	90	8676550
636	216	966	90	90	8676556
636	214	966	90	90	8676563
636	212	966	90	90	8676569
636	211	966	90	90	8676575
636	210	966	90	90	8676588
636	209	966	90	90	8676606
636	208	966	90	90	8676644
634	209	966	90	90	8676656
633	211	966	90	90	8676663
632	212	966	90	90	8676669
631	213	966	90	90	8676675
630	214	966	90	90	8676681
629	215	966	90	90	8676688
628	216	966	90	90	8676694
627	218	966	90	90	8676700
625	220	966	90	90	8676706
624	223	966	90	90	8676713
621	226	966	90	90	8676719
619	229	966	90	90	8676725
616	233	966	90	90	8676731
614	238	970	90	90	8676738
611	244	970	90	90	8676744
607	249	970	90	90	8676750
604	256	966	90	90	8676756
601	262	966	90	90	8676763
597	269	966	90	90	8676769
594	276	958	90	90	8676775
590	283	954	90	90	8676781
587	289	946	90	90	8676788
583	296	934	90	90	8676794
580	303	926	90	90	8676800
576	309	914	90	90	8676806
573	315	902	90	90	8676813
570	320	886	90	90	8676819
568	324	865	90	90	8676825
566	327	845	90	90	8676831
564	329	817	90	90	8676838
562	330	757	90	90	8676844
561	331	620	90	90	8676850
560	330	471	90	90	8676856
559	330	237	90	90	8676869
558	330	0	90	90	8676881
3
1
328	451	0	90	90	8768548
34
582	535	144	90	90	8769227
582	532	289	90	90	8769234
581	531	439	90	90	8769240
581	528	583	90	90	8769246
581	524	720	90	90	8769252
581	520	753	90	90	8769259
581	515	777	90	90	8769265
581	509	805	90	90	8769271
581	503	829	90	90	8769277
581	496	845	90	90	8769284
581	488	861	90	90	8769290
581	480	878	90	90	8769296
580	472	890	90	90	8769302
580	462	898	90	90	8769309
579	450	910	90	90	8769315
579	439	918	90	90	8769321
578	427	926	90	90	8769327
577	414	934	90	90	8769334
576	401	942	90	90	8769340
574	387	950	90	90	8769346
573	374	958	90	90	8769352
572	361	962	90	90	8769359
571	351	966	90	90	8769365
570	340	970	90	90	8769371
570	332	966	90	90	8769377
569	325	954	90	90	8769384
569	321	938	90	90	8769390
569	320	906	90	90	8769396
570	321	833	90	90	8769402
570	325	680	90	90	8769409
571	331	527	90	90	8769415
571	338	354	90	90	8769421
571	347	177	90	90	8769427
571	357	4	90	90	8769440
144
578	520	12	90	90	8769671
578	521	196	90	90	8769684
577	521	430	90	90	8769696
577	522	620	90	90	8769709
578	524	704	90	90	8769715
578	525	753	90	90	8769721
579	527	789	90	90	8769727
580	528	817	90	90	8769734
582	530	841	90	90	8769740
583	532	861	90	90	8769746
585	534	878	90	90	8769752
588	536	894	90	90	8769759
591	539	906	90	90	8769765
594	542	918	90	90	8769771
598	546	926	90	90	8769777
602	550	934	90	90	8769784
606	554	942	90	90	8769790
610	559	946	90	90	8769796
614	563	950	90	90	8769802
619	568	954	90	90	8769809
623	572	954	90	90	8769815
627	576	958	90	90	8769821
631	581	958	90	90	8769827
636	585	962	90	90	8769834
640	590	966	90	90	8769840
644	594	966	90	90	8769846
648	598	970	90	90	8769852
652	603	974	90	90	8769859
656	608	978	90	90	8769865
660	613	978	90	90	8769871
664	617	982	90	90	8769877
667	621	986	90	90	8769884
671	625	986	90	90	8769890
674	628	990	90	90	8769896
677	631	990	90	90	8769902
679	633	990	90	90	8769909
681	635	994	90	90	8769915
682	636	994	90	90	8769921
683	637	994	90	90	8769927
684	637	994	90	90	8769940
685	638	994	90	90	8769959
686	638	996	90	90	8769971
686	637	998	90	90	8769984
686	635	1002	90	90	8769990
685	634	1002	90	90	8769996
685	632	1002	90	90	8770002
685	630	1002	90	90	8770009
684	627	1002	90	90	8770015
684	623	1006	90	90	8770021
684	619	1006	90	90	8770027
683	615	1006	90	90	8770034
683	609	1006	90	90	8770040
682	603	1006	90	90	8770046
682	597	1002	90	90	8770052
681	590	1002	90	90	8770059
681	583	1002	90	90	8770065
680	575	1002	90	90	8770071
679	567	998	90	90	8770077
678	558	998	90	90	8770084
677	549	998	90	90	8770090
675	540	998	90	90	8770096
674	530	998	90	90	8770102
673	520	998	90	90	8770109
671	510	998	90	90	8770115
670	500	998	90	90	8770121
668	489	998	90	90	8770127
666	478	998	90	90	8770134
665	467	998	90	90	8770140
663	456	994	90	90	8770146
662	445	994	90	90	8770152
660	434	994	90	90	8770159
659	423	994	90	90	8770165
658	412	994	90	90	8770171
657	402	998	90	90	8770177
656	392	998	90	90	8770184
655	382	998	90	90	8770190
655	373	998	90	90	8770196
655	364	1002	90	90	8770202
654	355	1002	90	90	8770209
654	346	1002	90	90	8770215
654	338	1006	90	90	8770221
654	330	1006	90	90	8770227
654	321	1006	90	90	8770234
654	313	1010	90	90	8770240
653	306	1010	90	90	8770246
653	298	1010	90	90	8770252
653	291	1010	90	90	8770259
653	284	1010	90	90	8770265
653	278	1010	90	90	8770271
653	272	1010	90	90	8770277
653	266	1010	90	90	8770284
653	261	1006	90	90	8770290
653	256	1006	90	90	8770296
653	252	1006	90	90	8770302
653	248	1002	90	90	8770309
653	244	1002	90	90	8770315
652	240	998	90	90	8770321
652	237	994	90	90	8770327
652	234	994	90	90	8770334
651	232	990	90	90	8770340
651	230	990	90	90	8770346
651	228	990	90	90	8770352
650	227	990	90	90	8770365
649	226	990	90	90	8770377
648	226	990	90	90	8770384
647	227	990	90	90	8770390
646	228	990	90	90	8770396
646	229	990	90	90	8770402
644	231	990	90	90	8770409
643	232	990	90	90	8770415
642	234	990	90	90	8770421
641	236	994	90	90	8770427
640	238	994	90	90	8770434
638	240	994	90	90	8770440
637	242	994	90	90	8770446
635	245	998	90	90	8770452
633	248	998	90	90	8770459
631	252	998	90	90	8770465
629	256	998	90	90	8770471
626	261	998	90	90	8770477
623	266	994	90	90	8770484
620	272	994	90	90	8770490
616	278	990	90	90	8770496
612	284	990	90	90	8770502
608	290	990	90	90	8770509
604	296	986	90	90	8770515
600	302	982	90	90	8770521
595	308	978	90	90	8770527
591	313	974	90	90	8770534
587	319	966	90	90	8770540
584	324	958	90	90	8770546
580	328	950	90	90	8770552
577	332	938	90	90	8770559
574	336	922	90	90	8770565
571	339	906	90	90	8770571
569	342	886	90	90	8770577
566	345	861	90	90	8770584
564	348	825	90	90	8770590
562	350	753	90	90	8770596
560	353	612	90	90	8770602
558	355	459	90	90	8770609
557	358	302	90	90	8770615
556	360	149	90	90	8770621
555	362	0	90	90	8770634
3
1
349	367	0	90	90	8867237
28
603	545	132	90	90	8867656
604	541	281	90	90	8867662
604	538	430	90	90	8867669
605	533	588	90	90	8867675
606	528	724	90	90	8867681
607	521	769	90	90	8867687
608	513	797	90	90	8867694
609	501	817	90	90	8867700
610	491	833	90	90	8867706
610	479	849	90	90	8867712
611	466	861	90	90	8867719
612	453	869	90	90	8867725
612	439	878	90	90	8867731
612	425	890	90	90	8867737
612	410	898	90	90	8867744
612	397	906	90	90	8867750
611	383	914	90	90	8867756
611	369	918	90	90	8867762
610	357	914	90	90	8867769
609	346	910	90	90	8867775
608	337	898	90	90	8867781
607	331	873	90	90	8867787
607	327	825	90	90	8867794
606	326	688	90	90	8867800
606	327	543	90	90	8867806
606	331	382	90	90	8867812
606	337	213	90	90	8867819
607	344	26	90	90	8867831
117
600	528	4	90	90	8867975
598	528	157	90	90	8867981
597	528	394	90	90	8867994
596	528	752	90	90	8868019
598	529	853	90	90	8868025
599	530	878	90	90	8868031
602	532	898	90	90	8868037
604	534	910	90	90	8868044
607	536	922	90	90	8868050
610	539	934	90	90	8868056
613	542	946	90	90	8868062
617	544	954	90	90	8868069
620	547	962	90	90	8868075
624	551	974	90	90	8868081
628	555	982	90	90	8868087
633	559	990	90	90	8868094
637	563	1002	90	90	8868100
642	569	1010	90	90	8868106
648	574	1023	90	90	8868112
653	581	1023	90	90	8868119
659	587	1023	90	90	8868125
665	593	1023	90	90	8868131
671	600	1023	90	90	8868137
676	606	1023	90	90	8868144
682	612	1023	90	90	8868150
687	618	1023	90	90	8868156
692	623	1023	90	90	8868162
697	628	1023	90	90	8868169
702	633	1023	90	90	8868175
706	637	1023	90	90	8868181
710	641	1023	90	90	8868187
714	644	1023	90	90	8868194
718	647	1023	90	90	8868200
721	650	1023	90	90	8868206
724	652	1023	90	90	8868212
726	653	1023	90	90	8868219
728	654	1023	90	90	8868225
730	654	1023	90	90	8868231
731	654	1023	90	90	8868244
732	653	1023	90	90	8868250
732	652	1023	90	90	8868256
732	651	1023	90	90	8868262
732	649	1023	90	90	8868269
732	647	1023	90	90	8868275
732	644	1023	90	90	8868281
732	642	1023	90	90	8868287
732	638	1023	90	90	8868294
732	634	1023	90	90	8868300
731	630	1023	90	90	8868306
731	625	1023	90	90	8868312
730	619	1023	90	90	8868319
730	613	1023	90	90	8868325
729	607	1023	90	90	8868331
728	599	1023	90	90	8868337
727	591	1023	90	90	8868344
726	583	1023	90	90	8868350
725	574	1023	90	90	8868356
724	564	1023	90	90	8868362
722	554	1023	90	90	8868369
720	544	1023	90	90	8868375
719	533	1023	90	90	8868381
717	521	1023	90	90	8868387
716	510	1023	90	90	8868394
714	499	1023	90	90	8868400
713	487	1023	90	90	8868406
712	475	1023	90	90	8868412
711	463	1023	90	90	8868419
709	450	1023	90	90	8868425
708	438	1023	90	90	8868431
707	425	1023	90	90	8868437
705	412	1023	90	90	8868444
704	399	1023	90	90	8868450
702	387	1023	90	90	8868456
700	374	1023	90	90	8868462
698	362	1023	90	90	8868469
696	350	1023	90	90	8868475
694	338	1023	90	90	8868481
692	326	1023	90	90	8868487
691	315	1023	90	90	8868494
689	304	1023	90	90	8868500
687	293	1023	90	90	8868506
685	283	1023	90	90	8868512
684	273	1023	90	90	8868519
682	263	1023	90	90	8868525
680	254	1023	90	90	8868531
678	246	1023	90	90	8868537
676	238	1023	90	90	8868544
675	232	1023	90	90	8868550
673	226	1023	90	90	8868556
671	221	1023	90	90	8868562
670	217	1023	90	90	8868569
669	214	1023	90	90	8868575
667	212	1023	90	90	8868581
666	211	1023	90	90	8868587
665	210	1023	90	90	8868594
664	211	1023	90	90	8868600
662	212	1023	90	90	8868606
661	215	1023	90	90	8868612
660	218	1023	90	90	8868619
659	223	1023	90	90	8868625
657	228	1023	90	90	8868631
656	234	1023	90	90	8868637
654	242	1023	90	90	8868644
652	250	1023	90	90	8868650
650	259	1023	90	90	8868656
647	269	1006	90	90	8868662
644	280	994	90	90	8868669
640	290	974	90	90	8868675
636	301	958	90	90	8868681
632	311	934	90	90	8868687
627	319	898	90	90	8868694
623	327	833	90	90	8868700
619	334	700	90	90	8868706
614	339	551	90	90	8868712
610	343	386	90	90	8868719
606	347	225	90	90	8868725
602	351	26	90	90	8868737
3
1
632	515	0	90	90	8975310
38
585	524	438	90	90	8975603
586	523	688	90	90	8975610
586	522	724	90	90	8975616
587	520	753	90	90	8975622
587	517	777	90	90	8975628
587	514	801	90	90	8975635
588	511	817	90	90	8975641
588	507	833	90	90	8975647
589	502	845	90	90	8975653
589	496	857	90	90	8975660
590	489	865	90	90	8975666
590	481	873	90	90	8975672
590	473	882	90	90	8975678
590	463	886	90	90	8975685
590	451	894	90	90	8975691
590	439	902	90	90	8975697
590	427	910	90	90	8975703
590	415	918	90	90	8975710
590	402	930	90	90	8975716
590	390	934	90	90	8975722
590	378	942	90	90	8975728
591	366	950	90	90	8975735
591	357	954	90	90	8975741
592	347	958	90	90	8975747
592	338	958	90	90	8975753
592	329	962	90	90	8975760
592	322	962	90	90	8975766
592	315	958	90	90	8975772
592	310	950	90	90	8975778
592	307	938	90	90	8975785
591	305	922	90	90	8975791
590	305	902	90	90	8975797
589	306	861	90	90	8975803
588	309	761	90	90	8975810
587	314	612	90	90	8975816
586	320	455	90	90	8975822
584	328	294	90	90	8975828
583	337	68	90	90	8975841
145
586	520	28	90	90	8976128
585	520	140	90	90	8976135
584	519	362	90	90	8976153
583	519	654	90	90	8976185
584	519	773	90	90	8976191
586	521	797	90	90	8976197
587	522	821	90	90	8976203
590	524	837	90	90	8976210
592	527	853	90	90	8976216
595	530	865	90	90	8976222
598	533	873	90	90	8976228
602	537	882	90	90	8976235
606	541	890	90	90	8976241
610	546	898	90	90	8976247
614	551	902	90	90	8976253
618	557	910	90	90	8976260
622	563	914	90	90	8976266
627	569	918	90	90	8976272
632	575	918	90	90	8976278
637	581	922	90	90	8976285
642	588	926	90	90	8976291
647	593	926	90	90	8976297
652	598	926	90	90	8976303
656	603	930	90	90	8976310
660	607	930	90	90	8976316
663	611	930	90	90	8976322
666	614	930	90	90	8976328
669	616	930	90	90	8976335
671	619	930	90	90	8976341
673	620	930	90	90	8976347
675	622	930	90	90	8976353
677	623	930	90	90	8976360
678	624	934	90	90	8976366
679	625	934	90	90	8976378
680	626	936	90	90	8976428
679	625	940	90	90	8976441
679	624	942	90	90	8976453
679	623	942	90	90	8976460
678	622	942	90	90	8976466
678	621	938	90	90	8976472
678	619	938	90	90	8976478
678	618	938	90	90	8976485
678	616	938	90	90	8976491
678	615	938	90	90	8976497
678	612	942	90	90	8976503
678	609	946	90	90	8976510
679	606	946	90	90	8976516
679	602	950	90	90	8976522
680	597	950	90	90	8976528
681	592	954	90	90	8976535
681	587	958	90	90	8976541
682	580	958	90	90	8976547
683	574	962	90	90	8976553
683	566	962	90	90	8976560
684	559	966	90	90	8976566
685	551	966	90	90	8976572
685	543	970	90	90	8976578
686	535	974	90	90	8976585
686	527	974	90	90	8976591
687	518	978	90	90	8976597
687	509	982	90	90	8976603
686	500	986	90	90	8976610
686	491	986	90	90	8976616
686	483	990	90	90	8976622
685	474	990	90	90	8976628
685	465	994	90	90	8976635
684	456	998	90	90	8976641
684	447	1002	90	90	8976647
684	438	1002	90	90	8976653
683	430	1006	90	90	8976660
683	421	1010	90	90	8976666
683	412	1014	90	90	8976672
682	403	1014	90	90	8976678
682	394	1023	90	90	8976685
681	385	1023	90	90	8976691
680	376	1023	90	90	8976697
680	367	1023	90	90	8976703
679	358	1023	90	90	8976710
678	350	1023	90	90	8976716
677	341	1023	90	90	8976722
676	333	1023	90	90	8976728
675	324	1023	90	90	8976735
674	316	1023	90	90	8976741
673	307	1023	90	90	8976747
672	299	1023	90	90	8976753
671	291	1023	90	90	8976760
670	283	1023	90	90	8976766
669	276	1023	90	90	8976772
669	269	1023	90	90	8976778
668	262	1023	90	90	8976785
667	255	1023	90	90	8976791
667	249	1023	90	90	8976797
666	243	1023	90	90	8976803
666	237	1023	90	90	8976810
665	232	1023	90	90	8976816
665	226	1023	90	90	8976822
665	222	1014	90	90	8976828
664	217	1014	90	90	8976835
664	213	1014	90	90	8976841
664	209	1014	90	90	8976847
664	205	1023	90	90	8976853
664	202	1023	90	90	8976860
664	199	1023	90	90	8976866
664	196	1023	90	90	8976872
664	194	1023	90	90	8976878
664	191	1023	90	90	8976885
663	190	1023	90	90	8976891
663	188	1023	90	90	8976897
663	186	1023	90	90	8976903
663	185	1023	90	90	8976910
663	184	1023	90	90	8976922
663	183	1023	90	90	8976947
662	183	1023	90	90	8976960
661	184	1023	90	90	8976972
660	186	1023	90	90	8976978
659	187	1023	90	90	8976985
658	188	1014	90	90	8976991
656	190	1014	90	90	8976997
655	192	1010	90	90	8977003
653	195	1010	90	90	8977010
651	198	1006	90	90	8977016
649	202	1002	90	90	8977022
647	207	1002	90	90	8977028
644	213	998	90	90	8977035
641	219	994	90	90	8977041
638	225	994	90	90	8977047
635	232	994	90	90	8977053
631	239	990	90	90	8977060
627	247	986	90	90	8977066
624	255	978	90	90	8977072
620	263	974	90	90	8977078
616	271	966	90	90	8977085
612	278	958	90	90	8977091
608	286	950	90	90	8977097
605	292	938	90	90	8977103
602	299	922	90	90	8977110
599	304	906	90	90	8977116
596	309	890	90	90	8977122
593	314	865	90	90	8977128
591	318	829	90	90	8977135
589	322	745	90	90	8977141
587	325	604	90	90	8977147
585	327	451	90	90	8977153
584	329	298	90	90	8977160
584	331	70	90	90	8977172
3
1
574	527	0	90	90	9087689
38
595	530	64	90	90	9087895
593	532	277	90	90	9087908
592	533	553	90	90	9087920
591	533	684	90	90	9087927
591	532	704	90	90	9087933
591	530	728	90	90	9087939
591	528	753	90	90	9087945
591	526	777	90	90	9087952
591	523	801	90	90	9087958
592	519	821	90	90	9087964
593	514	837	90	90	9087970
593	509	853	90	90	9087977
594	502	865	90	90	9087983
595	495	882	90	90	9087989
596	486	894	90	90	9087995
597	477	906	90	90	9088002
598	467	914	90	90	9088008
599	457	922	90	90	9088014
600	445	930	90	90	9088020
600	433	938	90	90	9088027
600	420	946	90	90	9088033
600	405	950	90	90	9088039
600	391	954	90	90	9088045
600	377	958	90	90	9088052
599	362	962	90	90	9088058
598	348	966	90	90	9088064
598	335	966	90	90	9088070
597	322	966	90	90	9088077
596	311	958	90	90	9088083
596	304	950	90	90	9088089
596	296	930	90	90	9088095
596	291	910	90	90	9088102
596	288	831	90	90	9088114
596	290	644	90	90	9088120
597	294	487	90	90	9088127
597	301	322	90	90	9088133
597	309	161	90	90	9088139
597	318	0	90	90	9088152
172
592	520	188	90	90	9088433
590	520	470	90	90	9088445
589	520	629	90	90	9088464
589	522	751	90	90	9088477
590	523	805	90	90	9088483
590	525	833	90	90	9088489
592	527	853	90	90	9088495
593	529	873	90	90	9088502
595	532	894	90	90	9088508
597	535	906	90	90	9088514
600	538	918	90	90	9088520
602	541	926	90	90	9088527
605	545	930	90	90	9088533
608	548	938	90	90	9088539
611	552	942	90	90	9088545
614	556	946	90	90	9088552
617	561	954	90	90	9088558
621	565	958	90	90	9088564
625	570	962	90	90	9088570
629	575	966	90	90	9088577
633	580	970	90	90	9088583
637	585	974	90	90	9088589
641	590	978	90	90	9088595
645	595	978	90	90	9088602
649	599	982	90	90	9088608
653	604	986	90	90	9088614
657	608	986	90	90	9088620
660	612	990	90	90	9088627
663	616	990	90	90	9088633
667	619	990	90	90	9088639
670	622	990	90	90	9088645
673	626	994	90	90	9088652
675	629	994	90	90	9088658
678	631	994	90	90	9088664
681	634	994	90	90	9088670
683	636	994	90	90	9088677
685	638	994	90	90	9088683
687	640	994	90	90	9088689
689	642	994	90	90	9088695
690	643	994	90	90	9088702
692	645	994	90	90	9088708
693	646	998	90	90	9088714
695	647	998	90	90	9088720
696	648	998	90	90	9088727
697	648	998	90	90	9088733
698	649	998	90	90	9088739
699	649	998	90	90	9088745
700	649	1002	90	90	9088752
701	649	1002	90	90	9088764
703	648	1002	90	90	9088770
703	647	1002	90	90	9088777
704	646	1002	90	90	9088783
704	645	1006	90	90	9088789
704	644	1006	90	90	9088795
705	642	1006	90	90	9088802
705	640	1006	90	90	9088808
705	637	1006	90	90	9088814
706	635	1010	90	90	9088820
706	631	1010	90	90	9088827
706	627	1010	90	90	9088833
706	622	1014	90	90	9088839
706	617	1014	90	90	9088845
706	611	1014	90	90	9088852
706	604	1014	90	90	9088858
706	596	1014	90	90	9088864
705	589	1014	90	90	9088870
705	581	1014	90	90	9088877
704	573	1014	90	90	9088883
704	564	1010	90	90	9088889
703	555	1010	90	90	9088895
703	546	1010	90	90	9088902
702	537	1006	90	90	9088908
702	527	1006	90	90	9088914
701	517	1006	90	90	9088920
701	507	1006	90	90	9088927
700	496	1006	90	90	9088933
700	485	1006	90	90	9088939
699	474	1006	90	90	9088945
699	463	1006	90	90	9088952
698	452	1006	90	90	9088958
698	440	1006	90	90	9088964
698	429	1010	90	90	9088970
697	418	1010	90	90	9088977
697	408	1010	90	90	9088983
697	397	1010	90	90	9088989
698	387	1010	90	90	9088995
698	376	1014	90	90	9089002
698	366	1014	90	90	9089008
699	356	1014	90	90	9089014
699	346	1014	90	90	9089020
699	337	1014	90	90	9089027
700	327	1014	90	90	9089033
700	318	1014	90	90	9089039
700	309	1014	90	90	9089045
701	300	1014	90	90	9089052
701	292	1014	90	90	9089058
701	284	1014	90	90	9089064
702	276	1014	90	90	9089070
702	268	1014	90	90	9089077
702	261	1014	90	90	9089083
702	253	1010	90	90	9089089
702	246	1006	90	90	9089095
702	239	1006	90	90	9089102
702	232	1002	90	90	9089108
701	226	998	90	90	9089114
701	220	998	90	90	9089120
701	214	994	90	90	9089127
700	209	994	90	90	9089133
700	204	994	90	90	9089139
699	199	998	90	90	9089145
699	195	998	90	90	9089152
698	191	998	90	90	9089158
697	187	998	90	90	9089164
697	184	998	90	90	9089170
696	181	1002	90	90	9089177
695	179	1002	90	90	9089183
695	177	1002	90	90	9089189
694	175	1002	90	90	9089195
693	174	1002	90	90	9089208
692	173	1002	90	90	9089220
690	174	1002	90	90	9089227
690	175	1002	90	90	9089233
689	176	1002	90	90	9089239
688	178	1002	90	90	9089245
687	179	1002	90	90	9089252
686	181	998	90	90	9089258
684	183	998	90	90	9089264
683	186	998	90	90	9089270
681	189	994	90	90	9089277
680	192	994	90	90	9089283
677	195	990	90	90	9089289
675	198	990	90	90	9089295
673	202	990	90	90	9089302
670	205	990	90	90	9089308
667	209	986	90	90	9089314
664	212	986	90	90	9089320
661	215	986	90	90	9089327
658	218	986	90	90	9089333
655	222	986	90	90	9089339
652	225	986	90	90	9089345
648	228	990	90	90	9089352
644	231	990	90	90	9089358
641	235	994	90	90	9089364
637	238	994	90	90	9089370
634	241	998	90	90	9089377
630	244	998	90	90	9089383
627	248	1002	90	90	9089389
624	251	1006	90	90	9089395
621	254	1006	90	90	9089402
618	257	1006	90	90	9089408
616	261	1006	90	90	9089414
613	264	1002	90	90	9089420
611	267	1002	90	90	9089427
609	270	1002	90	90	9089433
607	273	1002	90	90	9089439
606	276	1002	90	90	9089445
604	278	998	90	90	9089452
603	281	998	90	90	9089458
602	284	998	90	90	9089464
600	286	998	90	90	9089470
599	289	998	90	90	9089477
598	291	994	90	90	9089483
597	293	994	90	90	9089489
595	295	994	90	90	9089495
594	297	994	90	90	9089502
594	298	994	90	90	9089508
593	299	994	90	90	9089514
592	300	994	90	90	9089520
591	301	994	90	90	9089533
590	302	992	90	90	9089552
589	303	817	90	90	9089620
588	303	68	90	90	9089633
3
1
584	604	0	90	90	9192843
35
584	531	172	90	90	9193118
585	532	557	90	90	9193143
586	532	720	90	90	9193149
587	531	753	90	90	9193155
587	529	781	90	90	9193161
588	526	801	90	90	9193168
589	523	821	90	90	9193174
590	518	833	90	90	9193180
592	514	845	90	90	9193186
593	508	857	90	90	9193193
594	502	869	90	90	9193199
596	495	882	90	90	9193205
597	488	894	90	90	9193211
598	479	906	90	90	9193218
599	470	914	90	90	9193224
600	461	922	90	90	9193230
601	450	930	90	90	9193236
601	439	938	90	90	9193243
602	426	942	90	90	9193249
602	413	946	90	90	9193255
602	399	950	90	90	9193261
601	387	950	90	90	9193268
601	374	954	90	90	9193274
601	361	958	90	90	9193280
601	349	958	90	90	9193286
601	337	962	90	90	9193293
601	327	958	90	90	9193299
601	317	950	90	90	9193305
601	310	938	90	90	9193311
601	303	918	90	90	9193318
601	298	882	90	90	9193324
602	295	726	90	90	9193336
602	296	491	90	90	9193343
602	299	326	90	90	9193349
601	305	78	90	90	9193361
165
585	522	16	90	90	9193674
584	524	182	90	90	9193686
584	525	366	90	90	9193699
583	526	546	90	90	9193718
582	527	703	90	90	9193736
583	528	797	90	90	9193749
584	529	837	90	90	9193755
585	530	861	90	90	9193761
586	531	882	90	90	9193768
587	532	898	90	90	9193774
588	534	910	90	90	9193780
590	535	922	90	90	9193786
591	537	934	90	90	9193793
593	539	942	90	90	9193799
595	542	950	90	90	9193805
598	545	958	90	90	9193811
600	548	962	90	90	9193818
603	551	970	90	90	9193824
606	554	974	90	90	9193830
609	558	982	90	90	9193836
612	562	986	90	90	9193843
615	566	990	90	90	9193849
619	570	994	90	90	9193855
622	575	994	90	90	9193861
626	579	998	90	90	9193868
630	584	998	90	90	9193874
634	589	1002	90	90	9193880
638	593	1002	90	90	9193886
641	598	1002	90	90	9193893
645	603	1002	90	90	9193899
649	607	1006	90	90	9193905
653	612	1006	90	90	9193911
657	616	1006	90	90	9193918
661	620	1006	90	90	9193924
664	624	1010	90	90	9193930
668	628	1010	90	90	9193936
671	631	1010	90	90	9193943
674	634	1010	90	90	9193949
676	637	1014	90	90	9193955
678	640	1014	90	90	9193961
680	642	1014	90	90	9193968
682	644	1014	90	90	9193974
683	646	1023	90	90	9193980
684	648	1023	90	90	9193986
685	649	1023	90	90	9193993
686	650	1023	90	90	9194005
687	652	1020	90	90	9194024
688	653	1017	90	90	9194068
689	652	1023	90	90	9194080
689	651	1023	90	90	9194093
689	649	1023	90	90	9194105
689	648	1023	90	90	9194118
689	646	1023	90	90	9194124
689	645	1023	90	90	9194136
689	644	1023	90	90	9194143
689	643	1023	90	90	9194149
689	641	1023	90	90	9194155
689	640	1023	90	90	9194161
689	639	1023	90	90	9194168
689	637	1023	90	90	9194174
690	636	1023	90	90	9194180
690	634	1023	90	90	9194186
690	632	1023	90	90	9194193
690	629	1023	90	90	9194199
691	626	1023	90	90	9194205
691	623	1023	90	90	9194211
691	619	1023	90	90	9194218
691	615	1023	90	90	9194224
692	611	1023	90	90	9194230
692	605	1023	90	90	9194236
692	600	1023	90	90	9194243
692	594	1023	90	90	9194249
691	588	1023	90	90	9194255
691	581	1023	90	90	9194261
690	574	1023	90	90	9194268
690	566	1023	90	90	9194274
689	558	1014	90	90	9194280
689	550	1014	90	90	9194286
688	541	1014	90	90	9194293
687	532	1014	90	90	9194299
686	523	1014	90	90	9194305
685	513	1010	90	90	9194311
684	503	1010	90	90	9194318
683	493	1010	90	90	9194324
682	483	1010	90	90	9194330
681	473	1010	90	90	9194336
680	462	1010	90	90	9194343
678	452	1010	90	90	9194349
677	441	1010	90	90	9194355
676	431	1010	90	90	9194361
675	420	1010	90	90	9194368
674	410	1010	90	90	9194374
673	399	1010	90	90	9194380
672	389	1010	90	90	9194386
671	379	1010	90	90	9194393
670	369	1010	90	90	9194399
669	359	1010	90	90	9194405
668	349	1010	90	90	9194411
667	340	1014	90	90	9194418
667	330	1014	90	90	9194424
666	321	1014	90	90	9194430
666	313	1014	90	90	9194436
665	304	1014	90	90	9194443
665	296	1014	90	90	9194449
665	288	1014	90	90	9194455
665	281	1014	90	90	9194461
665	273	1014	90	90	9194468
665	266	1014	90	90	9194474
665	259	1010	90	90	9194480
665	253	1006	90	90	9194486
665	247	1006	90	90	9194493
664	241	1002	90	90	9194499
664	235	998	90	90	9194505
664	230	998	90	90	9194511
664	225	994	90	90	9194518
664	221	990	90	90	9194524
663	217	994	90	90	9194530
663	213	994	90	90	9194536
663	210	994	90	90	9194543
663	207	994	90	90	9194549
663	204	994	90	90	9194555
663	202	994	90	90	9194561
663	201	994	90	90	9194568
662	199	994	90	90	9194574
662	198	994	90	90	9194611
661	199	994	90	90	9194618
661	201	994	90	90	9194624
660	202	994	90	90	9194630
660	203	994	90	90	9194636
659	205	994	90	90	9194643
658	208	994	90	90	9194649
657	210	990	90	90	9194655
656	213	990	90	90	9194661
655	216	990	90	90	9194668
653	220	990	90	90	9194674
651	224	990	90	90	9194680
649	228	990	90	90	9194686
647	232	994	90	90	9194693
645	236	994	90	90	9194699
643	240	994	90	90	9194705
640	244	998	90	90	9194711
638	249	998	90	90	9194718
635	253	1002	90	90	9194724
633	257	1002	90	90	9194730
631	262	1002	90	90	9194736
628	267	1002	90	90	9194743
625	271	1002	90	90	9194749
623	276	1002	90	90	9194755
621	280	998	90	90	9194761
618	285	998	90	90	9194768
616	289	998	90	90	9194774
613	294	994	90	90	9194780
611	297	994	90	90	9194786
609	301	990	90	90	9194793
607	304	982	90	90	9194799
606	307	966	90	90	9194805
604	310	950	90	90	9194811
603	312	922	90	90	9194818
602	314	886	90	90	9194824
601	316	837	90	90	9194830
601	317	757	90	90	9194836
600	318	612	90	90	9194843
600	320	455	90	90	9194849
600	321	294	90	90	9194855
600	322	70	90	90	9194868
3
1
602	522	0	90	90	9290774
43
595	551	124	90	90	9290924
597	555	261	90	90	9290930
597	556	390	90	90	9290936
597	557	523	90	90	9290942
597	558	647	90	90	9290974
597	557	676	90	90	9290980
597	555	692	90	90	9290986
597	553	708	90	90	9290992
597	550	728	90	90	9290999
597	546	745	90	90	9291005
597	541	757	90	90	9291011
597	536	769	90	90	9291017
596	529	781	90	90	9291024
595	522	789	90	90	9291030
594	514	801	90	90	9291036
593	506	813	90	90	9291042
592	497	825	90	90	9291049
591	487	841	90	90	9291055
590	475	853	90	90	9291061
589	463	865	90	90	9291067
589	451	878	90	90	9291074
588	438	886	90	90	9291080
587	424	894	90	90	9291086
587	411	902	90	90	9291092
587	397	910	90	90	9291099
586	385	918	90	90	9291105
586	372	926	90	90	9291111
586	361	930	90	90	9291117
586	350	938	90	90	9291124
585	339	942	90	90	9291130
585	330	946	90	90	9291136
585	321	946	90	90	9291142
585	313	946	90	90	9291149
585	307	938	90	90	9291155
585	302	926	90	90	9291161
585	299	906	90	90	9291167
585	298	873	90	90	9291174
585	299	833	90	90	9291180
586	302	745	90	90	9291186
586	306	596	90	90	9291192
586	313	439	90	90	9291199
587	320	273	90	90	9291205
588	328	54	90	90	9291217
194
601	552	68	90	90	9291567
599	552	177	90	90	9291574
598	553	319	90	90	9291586
597	553	483	90	90	9291599
596	553	688	90	90	9291642
597	554	797	90	90	9291649
598	555	817	90	90	9291655
599	556	833	90	90	9291661
600	557	849	90	90	9291667
601	558	861	90	90	9291674
602	559	873	90	90	9291680
604	560	882	90	90	9291686
605	562	890	90	90	9291692
607	564	898	90	90	9291699
609	566	906	90	90	9291705
612	568	914	90	90	9291711
614	570	922	90	90	9291717
617	573	930	90	90	9291724
621	576	934	90	90	9291730
624	580	942	90	90	9291736
628	583	946	90	90	9291742
633	587	950	90	90	9291749
637	591	954	90	90	9291755
642	595	958	90	90	9291761
646	600	958	90	90	9291767
651	604	962	90	90	9291774
656	609	962	90	90	9291780
662	614	966	90	90	9291786
667	619	970	90	90	9291792
672	624	970	90	90	9291799
678	629	970	90	90	9291805
683	634	974	90	90	9291811
689	639	974	90	90	9291817
694	644	978	90	90	9291824
699	648	978	90	90	9291830
704	652	978	90	90	9291836
709	656	982	90	90	9291842
713	660	982	90	90	9291849
717	663	982	90	90	9291855
721	666	982	90	90	9291861
724	668	982	90	90	9291867
726	670	986	90	90	9291874
729	672	986	90	90	9291880
731	674	986	90	90	9291886
733	675	986	90	90	9291892
734	676	982	90	90	9291899
735	677	984	90	90	9291911
736	678	986	90	90	9291942
737	676	990	90	90	9291949
737	675	990	90	90	9291955
737	674	990	90	90	9291961
736	672	990	90	90	9291967
736	670	994	90	90	9291974
736	668	994	90	90	9291980
736	665	994	90	90	9291986
736	663	998	90	90	9291992
735	660	998	90	90	9291999
735	657	998	90	90	9292005
734	654	998	90	90	9292011
734	650	998	90	90	9292017
734	647	998	90	90	9292024
733	643	998	90	90	9292030
733	638	998	90	90	9292036
733	633	998	90	90	9292042
732	627	998	90	90	9292049
732	621	998	90	90	9292055
732	614	1002	90	90	9292061
731	607	1002	90	90	9292067
731	599	1002	90	90	9292074
731	591	1002	90	90	9292080
730	583	1002	90	90	9292086
730	575	1002	90	90	9292092
729	566	998	90	90	9292099
729	558	998	90	90	9292105
729	549	998	90	90	9292111
728	541	998	90	90	9292117
728	531	998	90	90	9292124
727	522	998	90	90	9292130
726	512	998	90	90	9292136
725	502	994	90	90	9292142
724	492	994	90	90	9292149
723	482	994	90	90	9292155
721	471	998	90	90	9292161
720	461	998	90	90	9292167
719	451	998	90	90	9292174
718	441	998	90	90	9292180
716	432	998	90	90	9292186
716	422	998	90	90	9292192
715	413	998	90	90	9292199
714	404	998	90	90	9292205
713	395	998	90	90	9292211
712	386	998	90	90	9292217
711	377	998	90	90	9292224
710	369	998	90	90	9292230
709	360	998	90	90	9292236
708	351	998	90	90	9292242
707	343	998	90	90	9292249
706	335	998	90	90	9292255
706	328	1002	90	90	9292261
705	320	1002	90	90	9292267
704	313	1002	90	90	9292274
703	306	1002	90	90	9292280
702	299	1002	90	90	9292286
701	293	1002	90	90	9292292
701	286	998	90	90	9292299
700	280	998	90	90	9292305
699	273	998	90	90	9292311
698	267	998	90	90	9292317
697	261	998	90	90	9292324
696	255	998	90	90	9292330
695	249	994	90	90	9292336
694	244	994	90	90	9292342
693	239	990	90	90	9292349
692	234	990	90	90	9292355
691	229	986	90	90	9292361
691	225	986	90	90	9292367
690	220	982	90	90	9292374
690	216	982	90	90	9292380
689	212	982	90	90	9292386
689	208	982	90	90	9292392
688	204	982	90	90	9292399
688	201	982	90	90	9292405
687	198	982	90	90	9292411
686	195	982	90	90	9292417
686	193	982	90	90	9292424
685	191	982	90	90	9292430
684	190	982	90	90	9292436
683	189	982	90	90	9292442
682	188	982	90	90	9292449
681	188	982	90	90	9292455
681	187	982	90	90	9292461
680	187	982	90	90	9292467
678	187	982	90	90	9292474
677	187	982	90	90	9292480
676	188	982	90	90	9292486
675	188	982	90	90	9292492
673	189	982	90	90	9292499
672	191	982	90	90	9292505
670	193	982	90	90	9292511
668	194	982	90	90	9292517
667	197	982	90	90	9292524
665	199	982	90	90	9292530
664	202	982	90	90	9292536
662	204	982	90	90	9292542
660	207	982	90	90	9292549
659	209	982	90	90	9292555
657	212	982	90	90	9292561
655	215	982	90	90	9292567
653	218	982	90	90	9292574
650	221	982	90	90	9292580
648	224	978	90	90	9292586
645	227	978	90	90	9292592
643	230	978	90	90	9292599
640	232	982	90	90	9292605
638	235	982	90	90	9292611
635	237	986	90	90	9292617
632	240	990	90	90	9292624
630	242	990	90	90	9292630
627	245	994	90	90	9292636
625	247	994	90	90	9292642
622	250	998	90	90	9292649
619	253	998	90	90	9292655
617	255	998	90	90	9292661
614	258	998	90	90	9292667
612	261	994	90	90	9292674
609	263	994	90	90	9292680
607	266	994	90	90	9292686
605	269	994	90	90	9292692
603	271	990	90	90	9292699
601	274	990	90	90	9292705
599	277	990	90	90	9292711
597	279	990	90	90	9292717
595	281	990	90	90	9292724
593	284	990	90	90	9292730
591	286	990	90	90	9292736
589	287	990	90	90	9292742
588	289	986	90	90	9292749
586	291	986	90	90	9292755
585	292	986	90	90	9292761
584	294	986	90	90	9292767
583	296	986	90	90	9292774
582	297	982	90	90	9292780
581	299	982	90	90	9292786
580	301	982	90	90	9292792
579	302	982	90	90	9292799
578	304	982	90	90	9292805
578	305	982	90	90	9292811
577	306	982	90	90	9292817
577	307	980	90	90	9292830
577	309	968	90	90	9292892
577	310	939	90	90	9292917
576	309	829	90	90	9292930
576	308	545	90	90	9292942
576	306	138	90	90	9292961
