4
1
727	421	0	90	90	2147759
200
792	550	40	90	90	2148490
793	550	545	90	90	2148578
792	549	835	90	90	2148590
790	549	849	90	90	2148596
789	549	857	90	90	2148603
788	548	861	90	90	2148609
786	548	865	90	90	2148615
784	548	865	90	90	2148621
781	547	869	90	90	2148628
778	546	869	90	90	2148634
775	546	869	90	90	2148640
771	545	873	90	90	2148646
767	545	873	90	90	2148653
763	544	878	90	90	2148659
758	544	882	90	90	2148665
753	543	890	90	90	2148671
748	542	894	90	90	2148678
742	542	902	90	90	2148684
736	542	906	90	90	2148690
730	541	910	90	90	2148696
723	541	918	90	90	2148703
717	541	922	90	90	2148709
710	540	926	90	90	2148715
704	540	930	90	90	2148721
697	540	930	90	90	2148728
691	540	934	90	90	2148734
684	540	934	90	90	2148740
677	540	934	90	90	2148746
671	540	938	90	90	2148753
664	541	938	90	90	2148759
657	541	938	90	90	2148765
650	541	942	90	90	2148771
643	541	942	90	90	2148778
636	542	942	90	90	2148784
629	542	946	90	90	2148790
622	542	946	90	90	2148796
615	542	946	90	90	2148803
607	543	946	90	90	2148809
600	543	946	90	90	2148815
593	543	950	90	90	2148821
586	543	950	90	90	2148828
580	543	950	90	90	2148834
573	543	950	90	90	2148840
567	543	950	90	90	2148846
561	542	950	90	90	2148853
555	542	954	90	90	2148859
549	542	954	90	90	2148865
543	542	954	90	90	2148871
538	542	954	90	90	2148878
533	541	954	90	90	2148884
528	541	954	90	90	2148890
523	541	954	90	90	2148896
519	540	954	90	90	2148903
515	540	954	90	90	2148909
511	540	954	90	90	2148915
508	540	954	90	90	2148921
504	540	954	90	90	2148928
501	540	954	90	90	2148934
499	540	954	90	90	2148940
496	540	954	90	90	2148946
494	540	950	90	90	2148953
492	540	950	90	90	2148959
490	540	950	90	90	2148965
488	540	950	90	90	2148971
486	540	950	90	90	2148978
485	540	950	90	90	2148984
484	540	950	90	90	2148990
483	540	950	90	90	2148996
482	540	950	90	90	2149009
481	540	944	90	90	2149171
480	539	946	90	90	2149234
480	538	946	90	90	2149259
481	537	946	90	90	2149278
481	536	948	90	90	2149290
481	535	950	90	90	2149303
482	534	950	90	90	2149315
482	533	950	90	90	2149321
482	532	950	90	90	2149328
482	531	950	90	90	2149334
482	529	946	90	90	2149340
483	528	946	90	90	2149346
483	526	946	90	90	2149353
483	523	946	90	90	2149359
483	520	942	90	90	2149365
484	517	942	90	90	2149371
484	513	942	90	90	2149378
484	510	942	90	90	2149384
485	505	942	90	90	2149390
485	501	938	90	90	2149396
485	497	938	90	90	2149403
486	492	938	90	90	2149409
486	488	938	90	90	2149415
486	483	934	90	90	2149421
487	479	934	90	90	2149428
487	474	934	90	90	2149434
488	469	934	90	90	2149440
489	464	934	90	90	2149446
489	459	934	90	90	2149453
489	454	934	90	90	2149459
490	449	934	90	90	2149465
490	444	934	90	90	2149471
490	439	934	90	90	2149478
490	434	938	90	90	2149484
491	429	938	90	90	2149490
491	424	942	90	90	2149496
491	419	942	90	90	2149503
492	415	942	90	90	2149509
492	410	946	90	90	2149515
492	406	946	90	90	2149521
493	402	946	90	90	2149528
493	398	950	90	90	2149534
494	394	950	90	90	2149540
494	390	950	90	90	2149546
495	387	950	90	90	2149553
495	384	950	90	90	2149559
496	381	950	90	90	2149565
496	378	954	90	90	2149571
497	375	954	90	90	2149578
497	373	954	90	90	2149584
498	371	954	90	90	2149590
498	370	954	90	90	2149596
499	368	954	90	90	2149603
499	367	954	90	90	2149609
500	366	958	90	90	2149615
500	365	958	90	90	2149621
500	364	958	90	90	2149634
501	363	955	90	90	2149653
501	362	954	90	90	2149790
502	362	954	90	90	2149815
503	362	954	90	90	2149834
504	362	954	90	90	2149846
506	362	954	90	90	2149853
508	362	950	90	90	2149859
509	363	950	90	90	2149865
511	363	954	90	90	2149871
513	363	954	90	90	2149878
515	363	954	90	90	2149884
518	364	954	90	90	2149890
521	364	954	90	90	2149896
524	364	954	90	90	2149903
527	365	954	90	90	2149909
531	365	954	90	90	2149915
535	366	954	90	90	2149921
539	366	954	90	90	2149928
544	367	954	90	90	2149934
548	367	954	90	90	2149940
553	368	954	90	90	2149946
559	368	954	90	90	2149953
564	369	954	90	90	2149959
570	369	954	90	90	2149965
576	370	954	90	90	2149971
582	371	954	90	90	2149978
588	371	954	90	90	2149984
595	372	954	90	90	2149990
602	373	954	90	90	2149996
610	373	954	90	90	2150003
617	374	950	90	90	2150009
625	374	950	90	90	2150015
633	375	950	90	90	2150021
641	376	950	90	90	2150028
649	376	950	90	90	2150034
658	377	954	90	90	2150040
666	377	954	90	90	2150046
674	378	954	90	90	2150053
683	378	954	90	90	2150059
691	378	954	90	90	2150065
700	379	954	90	90	2150071
708	379	954	90	90	2150078
717	379	954	90	90	2150084
725	379	954	90	90	2150090
734	379	958	90	90	2150096
743	380	958	90	90	2150103
752	380	958	90	90	2150109
761	380	958	90	90	2150115
770	380	962	90	90	2150121
778	380	962	90	90	2150128
787	380	962	90	90	2150134
795	379	966	90	90	2150140
803	379	966	90	90	2150146
811	379	970	90	90	2150153
819	379	974	90	90	2150159
826	379	974	90	90	2150165
833	378	978	90	90	2150171
840	378	978	90	90	2150178
847	378	978	90	90	2150184
853	377	982	90	90	2150190
859	377	982	90	90	2150196
864	377	986	90	90	2150203
869	376	986	90	90	2150209
874	376	990	90	90	2150215
879	375	990	90	90	2150221
883	375	990	90	90	2150228
886	375	994	90	90	2150234
890	374	994	90	90	2150240
893	374	990	90	90	2150246
895	374	982	90	90	2150253
897	373	970	90	90	2150259
899	373	950	90	90	2150265
900	373	886	90	90	2150271
901	373	324	90	90	2150309
30
561	500	478	90	90	2151171
560	499	692	90	90	2151178
560	498	704	90	90	2151184
561	496	712	90	90	2151190
561	493	724	90	90	2151196
561	490	733	90	90	2151203
562	486	741	90	90	2151209
562	481	749	90	90	2151215
563	475	757	90	90	2151221
564	468	765	90	90	2151228
565	462	777	90	90	2151234
566	455	789	90	90	2151240
567	448	801	90	90	2151246
568	441	817	90	90	2151253
569	434	837	90	90	2151259
570	428	857	90	90	2151265
570	423	882	90	90	2151271
570	418	902	90	90	2151278
570	414	922	90	90	2151284
570	411	942	90	90	2151290
570	408	954	90	90	2151296
569	406	966	90	90	2151303
569	404	974	90	90	2151309
569	402	978	90	90	2151315
569	401	984	90	90	2151328
569	400	986	90	90	2151346
569	399	852	90	90	2151396
569	400	390	90	90	2151403
569	401	217	90	90	2151409
569	402	26	90	90	2151421
59
566	457	639	90	90	2152228
567	457	914	90	90	2152246
568	457	928	90	90	2152259
570	456	940	90	90	2152271
571	456	946	90	90	2152278
572	456	950	90	90	2152284
573	456	954	90	90	2152290
575	456	958	90	90	2152296
576	456	962	90	90	2152303
578	455	966	90	90	2152309
580	455	966	90	90	2152315
582	455	966	90	90	2152321
585	455	970	90	90	2152328
588	455	974	90	90	2152334
592	455	978	90	90	2152340
596	455	978	90	90	2152346
600	455	982	90	90	2152353
605	455	982	90	90	2152359
611	456	986	90	90	2152365
617	456	986	90	90	2152371
623	456	986	90	90	2152378
630	457	986	90	90	2152384
637	457	986	90	90	2152390
644	458	986	90	90	2152396
651	458	986	90	90	2152403
658	459	986	90	90	2152409
665	459	986	90	90	2152415
672	459	986	90	90	2152421
679	459	986	90	90	2152428
685	459	986	90	90	2152434
692	459	986	90	90	2152440
699	459	986	90	90	2152446
706	458	990	90	90	2152453
713	458	990	90	90	2152459
721	458	990	90	90	2152465
728	459	990	90	90	2152471
735	459	990	90	90	2152478
742	459	990	90	90	2152484
749	460	990	90	90	2152490
755	460	994	90	90	2152496
762	460	994	90	90	2152503
768	460	994	90	90	2152509
773	460	994	90	90	2152515
778	460	994	90	90	2152521
782	460	994	90	90	2152528
786	460	994	90	90	2152534
790	459	990	90	90	2152540
792	459	990	90	90	2152546
795	459	986	90	90	2152553
797	459	982	90	90	2152559
799	459	978	90	90	2152565
801	459	974	90	90	2152571
803	459	966	90	90	2152578
804	458	962	90	90	2152584
805	458	958	90	90	2152590
806	458	954	90	90	2152603
808	458	933	90	90	2152659
807	458	698	90	90	2152671
805	458	209	90	90	2152696
5
1
592	476	0	90	90	2389971
218
797	574	444	90	90	2390589
796	575	753	90	90	2390602
795	575	789	90	90	2390614
794	574	805	90	90	2390621
793	574	813	90	90	2390627
791	574	817	90	90	2390633
790	574	821	90	90	2390639
788	573	829	90	90	2390646
786	573	829	90	90	2390652
783	573	833	90	90	2390658
780	572	833	90	90	2390664
777	572	837	90	90	2390671
773	571	837	90	90	2390677
769	571	837	90	90	2390683
764	571	837	90	90	2390689
759	570	837	90	90	2390696
754	570	841	90	90	2390702
749	570	841	90	90	2390708
743	570	841	90	90	2390714
737	570	845	90	90	2390721
731	570	849	90	90	2390727
725	570	849	90	90	2390733
719	570	853	90	90	2390739
712	570	857	90	90	2390746
706	570	861	90	90	2390752
699	570	861	90	90	2390758
692	570	865	90	90	2390764
685	570	869	90	90	2390771
678	570	869	90	90	2390777
671	570	873	90	90	2390783
664	570	873	90	90	2390789
657	570	878	90	90	2390796
650	570	878	90	90	2390802
643	570	878	90	90	2390808
635	570	882	90	90	2390814
628	570	882	90	90	2390821
621	570	882	90	90	2390827
613	570	882	90	90	2390833
606	570	886	90	90	2390839
598	570	886	90	90	2390846
591	570	886	90	90	2390852
583	570	886	90	90	2390858
576	570	890	90	90	2390864
569	571	890	90	90	2390871
562	571	890	90	90	2390877
555	571	890	90	90	2390883
548	571	890	90	90	2390889
542	572	890	90	90	2390896
536	572	890	90	90	2390902
529	572	890	90	90	2390908
523	573	890	90	90	2390914
518	573	894	90	90	2390921
512	573	894	90	90	2390927
507	574	894	90	90	2390933
502	574	894	90	90	2390939
498	574	894	90	90	2390946
493	575	898	90	90	2390952
489	575	898	90	90	2390958
486	575	898	90	90	2390964
482	576	898	90	90	2390971
479	576	898	90	90	2390977
476	576	898	90	90	2390983
474	576	898	90	90	2390989
471	576	898	90	90	2390996
470	577	902	90	90	2391002
468	577	902	90	90	2391008
467	577	902	90	90	2391014
465	577	906	90	90	2391033
463	577	900	90	90	2391096
463	576	899	90	90	2391283
462	575	905	90	90	2391333
461	574	912	90	90	2391358
460	573	914	90	90	2391377
460	572	914	90	90	2391396
459	571	914	90	90	2391414
459	570	918	90	90	2391427
459	569	918	90	90	2391439
459	568	918	90	90	2391452
459	567	918	90	90	2391458
459	566	918	90	90	2391464
458	565	918	90	90	2391471
458	564	922	90	90	2391477
458	563	922	90	90	2391483
458	562	922	90	90	2391489
458	560	922	90	90	2391496
458	559	926	90	90	2391502
458	557	926	90	90	2391508
458	555	926	90	90	2391514
458	552	926	90	90	2391521
458	549	926	90	90	2391527
458	546	926	90	90	2391533
458	543	922	90	90	2391539
458	539	922	90	90	2391546
458	535	918	90	90	2391552
458	531	918	90	90	2391558
458	527	914	90	90	2391564
459	523	914	90	90	2391571
459	519	910	90	90	2391577
459	515	910	90	90	2391583
459	511	910	90	90	2391589
459	507	906	90	90	2391596
459	503	906	90	90	2391602
459	499	906	90	90	2391608
459	495	902	90	90	2391614
459	491	902	90	90	2391621
459	487	902	90	90	2391627
459	483	902	90	90	2391633
459	479	898	90	90	2391639
460	475	898	90	90	2391646
460	471	898	90	90	2391652
460	467	898	90	90	2391658
460	463	898	90	90	2391664
460	459	894	90	90	2391671
460	455	894	90	90	2391677
461	451	894	90	90	2391683
461	446	894	90	90	2391689
461	442	890	90	90	2391696
461	437	890	90	90	2391702
461	433	890	90	90	2391708
461	428	890	90	90	2391714
461	423	894	90	90	2391721
461	419	894	90	90	2391727
461	414	894	90	90	2391733
461	410	894	90	90	2391739
461	406	898	90	90	2391746
461	402	898	90	90	2391752
461	397	898	90	90	2391758
461	393	902	90	90	2391764
461	389	902	90	90	2391771
461	386	906	90	90	2391777
461	382	906	90	90	2391783
461	378	910	90	90	2391789
461	375	914	90	90	2391796
461	372	914	90	90	2391802
461	369	918	90	90	2391808
461	366	918	90	90	2391814
462	364	922	90	90	2391821
462	362	922	90	90	2391827
462	360	922	90	90	2391833
462	358	922	90	90	2391839
462	357	922	90	90	2391846
462	356	926	90	90	2391852
462	354	926	90	90	2391871
463	352	926	90	90	2391889
463	351	922	90	90	2392008
464	351	922	90	90	2392027
465	351	922	90	90	2392046
466	351	922	90	90	2392064
467	351	922	90	90	2392077
468	351	922	90	90	2392089
469	351	918	90	90	2392102
471	351	918	90	90	2392108
472	351	918	90	90	2392114
473	351	918	90	90	2392121
474	351	918	90	90	2392127
475	351	918	90	90	2392133
476	351	918	90	90	2392139
478	351	918	90	90	2392146
480	351	918	90	90	2392152
482	351	918	90	90	2392158
485	351	918	90	90	2392164
488	351	918	90	90	2392171
491	351	918	90	90	2392177
495	352	918	90	90	2392183
499	352	918	90	90	2392189
503	352	918	90	90	2392196
508	353	918	90	90	2392202
512	354	918	90	90	2392208
517	355	918	90	90	2392214
522	356	918	90	90	2392221
527	357	918	90	90	2392227
533	358	918	90	90	2392233
539	359	918	90	90	2392239
545	360	918	90	90	2392246
551	361	918	90	90	2392252
558	362	918	90	90	2392258
565	363	918	90	90	2392264
572	364	922	90	90	2392271
580	365	922	90	90	2392277
587	366	922	90	90	2392283
596	366	922	90	90	2392289
604	367	922	90	90	2392296
612	368	922	90	90	2392302
621	369	922	90	90	2392308
630	370	918	90	90	2392314
638	371	918	90	90	2392321
647	372	918	90	90	2392327
655	372	918	90	90	2392333
664	373	918	90	90	2392339
672	373	918	90	90	2392346
681	374	918	90	90	2392352
689	374	918	90	90	2392358
697	374	918	90	90	2392364
704	375	918	90	90	2392371
712	375	918	90	90	2392377
719	376	918	90	90	2392383
726	376	918	90	90	2392389
733	376	918	90	90	2392396
739	377	918	90	90	2392402
746	377	918	90	90	2392408
751	377	918	90	90	2392414
757	377	922	90	90	2392421
762	377	922	90	90	2392427
767	377	922	90	90	2392433
772	377	922	90	90	2392439
776	377	922	90	90	2392446
779	377	922	90	90	2392452
783	377	918	90	90	2392458
785	377	918	90	90	2392464
788	377	918	90	90	2392471
790	377	918	90	90	2392477
792	377	914	90	90	2392483
793	377	906	90	90	2392489
795	377	894	90	90	2392496
796	378	859	90	90	2392508
797	378	672	90	90	2392527
796	378	291	90	90	2392539
794	379	26	90	90	2392552
31
529	510	8	90	90	2393252
529	511	221	90	90	2393271
529	513	553	90	90	2393314
529	512	684	90	90	2393321
529	510	700	90	90	2393327
530	507	712	90	90	2393333
530	504	728	90	90	2393339
531	499	737	90	90	2393346
531	494	745	90	90	2393352
532	488	753	90	90	2393358
533	481	757	90	90	2393364
534	474	765	90	90	2393371
534	467	769	90	90	2393377
535	460	777	90	90	2393383
535	454	789	90	90	2393389
536	448	797	90	90	2393396
536	443	809	90	90	2393402
536	438	817	90	90	2393408
536	434	829	90	90	2393414
536	431	841	90	90	2393421
536	428	849	90	90	2393427
537	426	853	90	90	2393433
537	423	857	90	90	2393439
537	422	861	90	90	2393446
537	421	861	90	90	2393452
538	420	863	90	90	2393464
538	418	845	90	90	2393496
539	418	758	90	90	2393514
540	418	563	90	90	2393527
540	419	265	90	90	2393539
540	421	20	90	90	2393552
55
533	469	540	90	90	2393989
534	469	829	90	90	2394002
535	469	837	90	90	2394008
536	469	841	90	90	2394014
538	469	845	90	90	2394021
539	469	849	90	90	2394027
540	470	849	90	90	2394033
542	470	853	90	90	2394039
544	470	853	90	90	2394046
545	470	853	90	90	2394052
547	470	853	90	90	2394058
549	470	853	90	90	2394064
552	470	853	90	90	2394071
554	469	853	90	90	2394077
556	469	857	90	90	2394083
559	469	857	90	90	2394089
563	469	861	90	90	2394096
566	470	865	90	90	2394102
570	470	869	90	90	2394108
574	470	873	90	90	2394114
579	470	878	90	90	2394121
584	471	878	90	90	2394127
589	471	882	90	90	2394133
594	471	882	90	90	2394139
599	471	882	90	90	2394146
605	471	882	90	90	2394152
611	471	882	90	90	2394158
617	471	882	90	90	2394164
624	471	882	90	90	2394171
630	471	886	90	90	2394177
637	471	886	90	90	2394183
643	471	886	90	90	2394189
650	471	886	90	90	2394196
657	471	886	90	90	2394202
664	471	886	90	90	2394208
671	471	886	90	90	2394214
679	472	886	90	90	2394221
686	472	886	90	90	2394227
693	472	886	90	90	2394233
701	472	886	90	90	2394239
708	472	886	90	90	2394246
715	472	890	90	90	2394252
722	472	890	90	90	2394258
728	472	890	90	90	2394264
735	472	894	90	90	2394271
741	472	894	90	90	2394277
747	473	894	90	90	2394283
753	473	890	90	90	2394289
758	473	882	90	90	2394296
763	473	849	90	90	2394302
767	473	708	90	90	2394308
771	473	559	90	90	2394314
773	473	390	90	90	2394321
775	473	217	90	90	2394327
776	473	20	90	90	2394339
3
264	399	273	90	90	2396147
265	398	508	90	90	2396166
266	398	124	90	90	2396185
5
1
523	438	0	90	90	2592813
259
826	585	228	90	90	2593569
825	584	402	90	90	2593581
823	585	451	90	90	2593588
822	585	513	90	90	2593600
820	585	567	90	90	2593606
819	585	600	90	90	2593613
817	585	628	90	90	2593619
815	585	648	90	90	2593625
813	585	668	90	90	2593631
811	585	688	90	90	2593638
807	584	708	90	90	2593644
804	584	733	90	90	2593650
800	584	753	90	90	2593656
796	584	773	90	90	2593663
792	584	789	90	90	2593669
787	584	805	90	90	2593675
782	584	817	90	90	2593681
776	584	825	90	90	2593688
771	584	833	90	90	2593694
765	584	837	90	90	2593700
759	583	841	90	90	2593706
752	583	845	90	90	2593713
746	583	849	90	90	2593719
739	583	853	90	90	2593725
732	583	857	90	90	2593731
725	583	861	90	90	2593738
718	583	865	90	90	2593744
710	583	873	90	90	2593750
703	584	878	90	90	2593756
695	584	882	90	90	2593763
687	584	886	90	90	2593769
680	585	890	90	90	2593775
672	585	894	90	90	2593781
664	586	894	90	90	2593788
656	586	894	90	90	2593794
649	586	894	90	90	2593800
641	586	898	90	90	2593806
634	587	898	90	90	2593813
626	587	898	90	90	2593819
619	587	898	90	90	2593825
611	587	898	90	90	2593831
604	587	898	90	90	2593838
597	587	898	90	90	2593844
591	587	898	90	90	2593850
585	587	898	90	90	2593856
579	587	898	90	90	2593863
573	587	898	90	90	2593869
568	587	898	90	90	2593875
563	587	902	90	90	2593881
558	587	902	90	90	2593888
554	587	902	90	90	2593894
550	587	902	90	90	2593900
546	587	902	90	90	2593906
543	587	902	90	90	2593913
540	587	902	90	90	2593919
537	587	902	90	90	2593925
534	587	902	90	90	2593931
532	587	902	90	90	2593938
529	587	902	90	90	2593944
528	587	902	90	90	2593950
526	587	902	90	90	2593956
525	587	902	90	90	2593963
523	587	902	90	90	2593969
522	587	902	90	90	2593975
521	587	902	90	90	2593988
520	587	902	90	90	2594000
519	587	902	90	90	2594019
518	587	902	90	90	2594144
517	587	905	90	90	2594231
516	586	912	90	90	2594288
515	585	929	90	90	2594381
515	586	938	90	90	2594413
514	586	936	90	90	2594425
513	586	934	90	90	2594438
512	586	934	90	90	2594450
511	586	934	90	90	2594469
510	586	934	90	90	2594494
509	585	930	90	90	2594763
508	585	930	90	90	2594850
508	584	930	90	90	2594881
508	583	930	90	90	2594906
508	582	930	90	90	2594919
508	581	934	90	90	2594931
508	580	934	90	90	2594938
508	579	934	90	90	2594944
508	578	934	90	90	2594950
508	576	934	90	90	2594956
508	574	930	90	90	2594963
508	571	930	90	90	2594969
509	568	930	90	90	2594975
509	565	926	90	90	2594981
509	561	926	90	90	2594988
510	557	926	90	90	2594994
510	552	922	90	90	2595000
511	547	922	90	90	2595006
511	542	918	90	90	2595013
512	538	918	90	90	2595019
512	533	918	90	90	2595025
513	528	918	90	90	2595031
513	524	918	90	90	2595038
513	520	918	90	90	2595044
513	516	922	90	90	2595050
513	512	922	90	90	2595056
513	508	926	90	90	2595063
513	504	930	90	90	2595069
512	501	934	90	90	2595075
512	497	938	90	90	2595081
512	494	942	90	90	2595088
512	490	942	90	90	2595094
511	487	946	90	90	2595100
511	484	950	90	90	2595106
511	481	954	90	90	2595113
511	478	954	90	90	2595119
511	476	954	90	90	2595125
511	473	958	90	90	2595131
511	471	958	90	90	2595138
511	468	958	90	90	2595144
511	466	958	90	90	2595150
511	463	958	90	90	2595156
511	461	962	90	90	2595163
511	459	962	90	90	2595169
511	457	962	90	90	2595175
511	455	962	90	90	2595181
511	453	958	90	90	2595188
511	451	958	90	90	2595194
511	449	958	90	90	2595200
511	448	958	90	90	2595206
511	446	958	90	90	2595213
511	445	958	90	90	2595219
511	443	958	90	90	2595225
511	442	958	90	90	2595231
511	440	958	90	90	2595238
511	439	958	90	90	2595244
512	437	958	90	90	2595250
512	436	958	90	90	2595256
512	434	958	90	90	2595263
512	433	958	90	90	2595269
513	431	958	90	90	2595275
513	430	958	90	90	2595281
513	428	958	90	90	2595288
513	427	958	90	90	2595294
514	425	958	90	90	2595300
514	424	958	90	90	2595306
514	422	958	90	90	2595313
514	421	958	90	90	2595319
515	420	958	90	90	2595325
515	418	958	90	90	2595331
515	416	958	90	90	2595338
515	415	958	90	90	2595344
515	413	958	90	90	2595350
515	411	958	90	90	2595356
515	410	958	90	90	2595363
516	408	958	90	90	2595369
516	406	958	90	90	2595375
516	404	958	90	90	2595381
516	403	958	90	90	2595388
516	401	958	90	90	2595394
516	400	962	90	90	2595400
516	399	962	90	90	2595406
517	398	966	90	90	2595413
517	397	966	90	90	2595419
517	396	970	90	90	2595425
517	395	970	90	90	2595431
517	394	970	90	90	2595444
517	393	970	90	90	2595456
517	391	974	90	90	2595494
517	390	974	90	90	2595531
518	389	974	90	90	2595638
518	388	972	90	90	2595688
519	388	970	90	90	2595706
520	388	970	90	90	2595725
521	388	970	90	90	2595738
522	388	970	90	90	2595750
524	388	970	90	90	2595756
525	389	970	90	90	2595763
526	389	970	90	90	2595769
527	389	970	90	90	2595775
528	389	970	90	90	2595781
530	390	970	90	90	2595788
532	390	970	90	90	2595794
534	390	970	90	90	2595800
536	391	966	90	90	2595806
539	391	966	90	90	2595813
542	391	962	90	90	2595819
545	391	962	90	90	2595825
548	391	962	90	90	2595831
552	391	958	90	90	2595838
555	392	958	90	90	2595844
559	392	958	90	90	2595850
563	392	958	90	90	2595856
567	392	958	90	90	2595863
571	392	958	90	90	2595869
575	392	958	90	90	2595875
579	392	958	90	90	2595881
584	392	958	90	90	2595888
589	392	958	90	90	2595894
594	392	958	90	90	2595900
599	392	958	90	90	2595906
604	392	958	90	90	2595913
610	393	958	90	90	2595919
615	393	958	90	90	2595925
621	393	958	90	90	2595931
627	393	958	90	90	2595938
633	393	958	90	90	2595944
639	393	958	90	90	2595950
645	393	958	90	90	2595956
652	394	958	90	90	2595963
658	394	958	90	90	2595969
665	394	958	90	90	2595975
671	395	958	90	90	2595981
678	395	958	90	90	2595988
685	395	958	90	90	2595994
691	396	962	90	90	2596000
698	396	962	90	90	2596006
705	396	962	90	90	2596013
712	396	962	90	90	2596019
719	397	962	90	90	2596025
726	397	962	90	90	2596031
732	397	962	90	90	2596038
739	397	958	90	90	2596044
746	398	958	90	90	2596050
753	398	958	90	90	2596056
759	398	958	90	90	2596063
765	398	958	90	90	2596069
772	398	958	90	90	2596075
778	398	958	90	90	2596081
784	399	962	90	90	2596088
789	399	962	90	90	2596094
795	399	962	90	90	2596100
800	399	962	90	90	2596106
805	399	962	90	90	2596113
810	399	962	90	90	2596119
814	399	966	90	90	2596125
819	399	966	90	90	2596131
823	398	966	90	90	2596138
827	398	966	90	90	2596144
830	398	966	90	90	2596150
833	399	970	90	90	2596156
837	399	970	90	90	2596163
839	399	970	90	90	2596169
842	399	970	90	90	2596175
845	399	970	90	90	2596181
847	399	970	90	90	2596188
849	399	966	90	90	2596194
851	400	966	90	90	2596200
853	400	962	90	90	2596206
855	400	962	90	90	2596213
857	401	958	90	90	2596219
859	401	958	90	90	2596225
861	401	954	90	90	2596231
862	401	954	90	90	2596238
863	402	950	90	90	2596244
865	402	950	90	90	2596250
866	402	950	90	90	2596256
867	402	952	90	90	2596269
868	403	954	90	90	2596281
869	403	956	90	90	2596300
870	404	797	90	90	2596400
869	404	2	90	90	2596413
31
570	540	247	90	90	2597100
571	539	525	90	90	2597113
571	537	588	90	90	2597119
571	536	620	90	90	2597125
571	533	648	90	90	2597131
572	530	676	90	90	2597138
572	526	692	90	90	2597144
573	521	708	90	90	2597150
573	515	720	90	90	2597156
574	509	728	90	90	2597163
575	502	737	90	90	2597169
576	495	749	90	90	2597175
576	488	761	90	90	2597181
577	481	773	90	90	2597188
577	475	785	90	90	2597194
578	469	801	90	90	2597200
578	464	817	90	90	2597206
578	459	829	90	90	2597213
578	455	841	90	90	2597219
578	451	849	90	90	2597225
578	447	857	90	90	2597231
578	444	861	90	90	2597238
578	441	865	90	90	2597244
578	439	869	90	90	2597250
578	436	869	90	90	2597256
579	435	873	90	90	2597263
579	434	873	90	90	2597269
579	433	867	90	90	2597281
579	432	813	90	90	2597313
580	432	481	90	90	2597331
580	433	65	90	90	2597350
67
577	489	458	90	90	2598019
578	488	794	90	90	2598050
579	487	829	90	90	2598063
580	487	843	90	90	2598075
581	486	849	90	90	2598088
582	486	853	90	90	2598094
583	486	853	90	90	2598100
584	486	853	90	90	2598106
586	486	857	90	90	2598113
587	486	857	90	90	2598119
589	485	857	90	90	2598125
591	485	857	90	90	2598131
593	485	857	90	90	2598138
595	485	857	90	90	2598144
598	485	857	90	90	2598150
600	485	861	90	90	2598156
603	485	865	90	90	2598163
606	485	873	90	90	2598169
609	485	882	90	90	2598175
612	485	890	90	90	2598181
616	485	898	90	90	2598188
620	485	906	90	90	2598194
624	486	914	90	90	2598200
629	486	918	90	90	2598206
634	486	922	90	90	2598213
639	487	922	90	90	2598219
644	488	926	90	90	2598225
650	488	926	90	90	2598231
656	489	926	90	90	2598238
662	490	926	90	90	2598244
668	491	930	90	90	2598250
674	491	930	90	90	2598256
680	492	930	90	90	2598263
687	493	930	90	90	2598269
694	494	934	90	90	2598275
701	495	934	90	90	2598281
708	495	938	90	90	2598288
715	496	938	90	90	2598294
722	497	942	90	90	2598300
729	498	946	90	90	2598306
736	499	946	90	90	2598313
743	499	950	90	90	2598319
751	500	954	90	90	2598325
758	501	954	90	90	2598331
765	501	954	90	90	2598338
772	501	958	90	90	2598344
778	502	958	90	90	2598350
785	502	958	90	90	2598356
791	502	962	90	90	2598363
796	502	962	90	90	2598369
802	502	962	90	90	2598375
807	502	966	90	90	2598381
811	502	966	90	90	2598388
815	502	970	90	90	2598394
819	502	970	90	90	2598400
822	502	974	90	90	2598406
825	503	974	90	90	2598413
828	503	978	90	90	2598419
830	503	978	90	90	2598425
832	503	978	90	90	2598431
833	503	982	90	90	2598438
835	503	982	90	90	2598444
836	503	982	90	90	2598450
837	503	982	90	90	2598463
838	503	928	90	90	2598525
837	504	484	90	90	2598538
836	504	93	90	90	2598556
4
266	401	80	90	90	2599394
267	400	257	90	90	2599406
268	399	372	90	90	2599419
268	398	112	90	90	2599444
5
1
606	419	0	90	90	2843259
221
802	609	32	90	90	2844115
801	608	213	90	90	2844128
799	608	386	90	90	2844134
798	608	511	90	90	2844140
797	608	559	90	90	2844146
795	608	567	90	90	2844153
794	608	575	90	90	2844159
792	607	596	90	90	2844165
790	607	616	90	90	2844171
788	607	640	90	90	2844178
785	607	664	90	90	2844184
782	607	684	90	90	2844190
779	607	708	90	90	2844196
776	607	728	90	90	2844203
772	606	741	90	90	2844209
768	606	749	90	90	2844215
764	606	753	90	90	2844221
760	606	761	90	90	2844228
755	606	769	90	90	2844234
750	605	777	90	90	2844240
745	605	785	90	90	2844246
739	605	793	90	90	2844253
733	605	801	90	90	2844259
728	605	809	90	90	2844265
722	605	817	90	90	2844271
716	604	821	90	90	2844278
710	604	825	90	90	2844284
704	604	829	90	90	2844290
697	604	829	90	90	2844296
691	604	833	90	90	2844303
685	604	837	90	90	2844309
679	605	837	90	90	2844315
672	605	837	90	90	2844321
666	605	837	90	90	2844328
660	605	841	90	90	2844334
653	605	841	90	90	2844340
647	606	841	90	90	2844346
640	606	841	90	90	2844353
634	606	841	90	90	2844359
627	606	841	90	90	2844365
621	606	841	90	90	2844371
615	606	841	90	90	2844378
608	606	845	90	90	2844384
602	606	845	90	90	2844390
596	606	845	90	90	2844396
590	606	845	90	90	2844403
584	606	845	90	90	2844409
578	606	845	90	90	2844415
573	606	845	90	90	2844421
567	606	849	90	90	2844428
562	606	849	90	90	2844434
557	605	849	90	90	2844440
552	605	849	90	90	2844446
547	605	849	90	90	2844453
543	605	849	90	90	2844459
538	605	853	90	90	2844465
534	604	853	90	90	2844471
531	604	853	90	90	2844478
527	604	857	90	90	2844484
524	604	857	90	90	2844490
521	604	861	90	90	2844496
518	604	861	90	90	2844503
515	604	865	90	90	2844509
513	604	865	90	90	2844515
510	604	869	90	90	2844521
508	604	873	90	90	2844528
506	604	873	90	90	2844534
505	604	878	90	90	2844540
503	604	882	90	90	2844546
502	604	882	90	90	2844553
501	604	882	90	90	2844559
500	604	886	90	90	2844571
499	604	892	90	90	2844596
498	604	894	90	90	2844690
499	603	898	90	90	2844734
499	602	898	90	90	2844759
499	601	898	90	90	2844778
499	600	898	90	90	2844790
499	599	898	90	90	2844803
499	598	898	90	90	2844815
499	596	898	90	90	2844821
499	595	902	90	90	2844828
499	594	902	90	90	2844834
499	593	906	90	90	2844840
499	592	906	90	90	2844846
499	590	910	90	90	2844853
499	589	910	90	90	2844859
499	588	914	90	90	2844865
499	586	914	90	90	2844871
499	585	914	90	90	2844878
499	583	914	90	90	2844884
499	581	918	90	90	2844890
499	580	918	90	90	2844896
499	578	918	90	90	2844903
499	576	922	90	90	2844909
499	573	922	90	90	2844915
499	570	926	90	90	2844921
499	568	926	90	90	2844928
499	565	930	90	90	2844934
499	562	930	90	90	2844940
498	559	930	90	90	2844946
498	556	930	90	90	2844953
498	553	930	90	90	2844959
498	549	930	90	90	2844965
498	546	930	90	90	2844971
498	542	930	90	90	2844978
497	538	926	90	90	2844984
497	534	926	90	90	2844990
497	530	926	90	90	2844996
497	526	922	90	90	2845003
497	522	922	90	90	2845009
496	518	922	90	90	2845015
496	514	918	90	90	2845021
496	509	918	90	90	2845028
496	505	918	90	90	2845034
496	500	918	90	90	2845040
496	496	914	90	90	2845046
496	492	914	90	90	2845053
496	487	914	90	90	2845059
496	483	914	90	90	2845065
496	479	914	90	90	2845071
495	475	914	90	90	2845078
495	471	914	90	90	2845084
495	467	914	90	90	2845090
495	463	914	90	90	2845096
495	460	914	90	90	2845103
494	456	914	90	90	2845109
494	453	914	90	90	2845115
494	449	918	90	90	2845121
494	446	918	90	90	2845128
494	443	922	90	90	2845134
493	440	926	90	90	2845140
493	437	926	90	90	2845146
493	435	930	90	90	2845153
493	432	934	90	90	2845159
493	430	938	90	90	2845165
492	428	938	90	90	2845171
492	426	942	90	90	2845178
492	425	946	90	90	2845184
492	423	946	90	90	2845190
492	422	946	90	90	2845196
492	421	946	90	90	2845203
492	420	950	90	90	2845209
492	419	950	90	90	2845221
492	418	946	90	90	2845234
492	417	946	90	90	2845259
493	416	943	90	90	2845390
494	417	942	90	90	2845415
495	417	942	90	90	2845428
496	417	942	90	90	2845440
497	417	942	90	90	2845453
498	417	942	90	90	2845459
499	417	942	90	90	2845465
501	417	938	90	90	2845471
502	417	938	90	90	2845478
504	417	938	90	90	2845484
506	417	938	90	90	2845490
508	417	938	90	90	2845496
511	417	938	90	90	2845503
514	417	934	90	90	2845509
518	417	934	90	90	2845515
521	417	934	90	90	2845521
525	417	930	90	90	2845528
529	417	930	90	90	2845534
533	417	930	90	90	2845540
537	417	926	90	90	2845546
541	417	926	90	90	2845553
546	417	926	90	90	2845559
550	417	926	90	90	2845565
555	417	926	90	90	2845571
560	417	926	90	90	2845578
565	417	926	90	90	2845584
571	417	926	90	90	2845590
577	417	926	90	90	2845596
583	417	926	90	90	2845603
589	417	926	90	90	2845609
596	417	926	90	90	2845615
602	417	930	90	90	2845621
609	418	930	90	90	2845628
616	418	930	90	90	2845634
623	418	930	90	90	2845640
631	418	930	90	90	2845646
638	418	930	90	90	2845653
646	418	930	90	90	2845659
653	418	930	90	90	2845665
661	418	930	90	90	2845671
668	418	930	90	90	2845678
676	418	930	90	90	2845684
684	418	930	90	90	2845690
691	418	930	90	90	2845696
699	418	930	90	90	2845703
707	418	930	90	90	2845709
715	418	930	90	90	2845715
722	418	930	90	90	2845721
730	418	930	90	90	2845728
738	418	930	90	90	2845734
745	418	930	90	90	2845740
752	418	934	90	90	2845746
759	418	934	90	90	2845753
766	418	934	90	90	2845759
772	419	934	90	90	2845765
779	419	938	90	90	2845771
785	419	938	90	90	2845778
790	419	942	90	90	2845784
796	419	942	90	90	2845790
801	418	946	90	90	2845796
805	418	954	90	90	2845803
810	418	958	90	90	2845809
814	418	962	90	90	2845815
817	418	970	90	90	2845821
821	418	974	90	90	2845828
823	418	978	90	90	2845834
826	418	978	90	90	2845840
828	418	982	90	90	2845846
829	418	978	90	90	2845853
830	418	941	90	90	2845890
829	419	708	90	90	2845896
828	419	551	90	90	2845903
827	420	378	90	90	2845909
826	420	197	90	90	2845915
825	421	8	90	90	2845928
36
540	561	82	90	90	2846640
541	561	414	90	90	2846665
541	560	588	90	90	2846671
541	559	628	90	90	2846678
542	557	660	90	90	2846684
542	555	688	90	90	2846690
542	553	712	90	90	2846696
543	549	737	90	90	2846703
544	545	749	90	90	2846709
544	541	761	90	90	2846715
545	535	769	90	90	2846721
546	530	773	90	90	2846728
546	524	773	90	90	2846734
547	518	777	90	90	2846740
547	512	781	90	90	2846746
547	506	785	90	90	2846753
548	501	793	90	90	2846759
548	496	805	90	90	2846765
548	491	817	90	90	2846771
548	487	833	90	90	2846778
548	483	849	90	90	2846784
548	479	869	90	90	2846790
547	476	882	90	90	2846796
547	473	894	90	90	2846803
547	470	906	90	90	2846809
547	467	914	90	90	2846815
547	465	918	90	90	2846821
547	463	922	90	90	2846828
547	461	926	90	90	2846834
547	460	926	90	90	2846840
547	459	930	90	90	2846846
547	458	926	90	90	2846859
547	457	908	90	90	2846884
547	456	808	90	90	2846909
548	457	496	90	90	2846921
548	458	121	90	90	2846940
67
546	513	528	90	90	2847896
547	513	791	90	90	2847928
548	513	837	90	90	2847940
549	513	857	90	90	2847953
551	513	871	90	90	2847965
552	513	878	90	90	2847971
553	513	882	90	90	2847978
554	513	886	90	90	2847984
556	513	890	90	90	2847990
557	513	894	90	90	2847996
559	513	902	90	90	2848003
561	513	906	90	90	2848009
563	513	918	90	90	2848015
565	513	934	90	90	2848021
568	512	946	90	90	2848028
571	512	958	90	90	2848034
575	512	974	90	90	2848040
579	512	986	90	90	2848046
583	513	998	90	90	2848053
587	513	1006	90	90	2848059
592	513	1010	90	90	2848065
596	514	1010	90	90	2848071
601	514	1014	90	90	2848078
606	514	1014	90	90	2848084
612	514	1014	90	90	2848090
616	514	1014	90	90	2848096
621	514	1014	90	90	2848103
626	514	1014	90	90	2848109
632	514	1014	90	90	2848115
637	514	1014	90	90	2848121
642	514	1014	90	90	2848128
648	514	1023	90	90	2848134
653	514	1023	90	90	2848140
659	514	1023	90	90	2848146
665	514	1023	90	90	2848153
672	514	1023	90	90	2848159
679	514	1023	90	90	2848165
685	514	1023	90	90	2848171
692	515	1023	90	90	2848178
699	515	1023	90	90	2848184
707	515	1023	90	90	2848190
714	515	1023	90	90	2848196
721	515	1023	90	90	2848203
728	515	1023	90	90	2848209
735	515	1023	90	90	2848215
742	515	1023	90	90	2848221
749	515	1023	90	90	2848228
756	515	1023	90	90	2848234
762	515	1023	90	90	2848240
769	516	1023	90	90	2848246
775	516	1023	90	90	2848253
780	516	1023	90	90	2848259
786	516	1023	90	90	2848265
791	516	1023	90	90	2848271
795	516	1023	90	90	2848278
799	516	1023	90	90	2848284
803	516	1023	90	90	2848290
806	517	1023	90	90	2848296
809	517	1023	90	90	2848303
812	517	1010	90	90	2848309
814	517	1002	90	90	2848315
815	517	990	90	90	2848321
816	517	974	90	90	2848328
817	517	912	90	90	2848340
818	517	549	90	90	2848359
817	517	189	90	90	2848365
816	517	4	90	90	2848378
3
273	397	239	90	90	2849246
274	398	664	90	90	2849303
275	397	77	90	90	2849321
5
1
560	448	0	90	90	3049515
196
783	554	443	90	90	3050109
782	555	757	90	90	3050121
781	555	789	90	90	3050127
780	555	805	90	90	3050134
778	555	817	90	90	3050140
777	554	829	90	90	3050146
775	554	837	90	90	3050152
773	554	841	90	90	3050159
770	554	845	90	90	3050165
767	553	849	90	90	3050171
764	553	849	90	90	3050177
761	553	853	90	90	3050184
757	553	853	90	90	3050190
753	553	857	90	90	3050196
749	553	861	90	90	3050202
745	553	861	90	90	3050209
740	553	865	90	90	3050215
735	552	865	90	90	3050221
730	552	869	90	90	3050227
725	552	869	90	90	3050234
720	553	869	90	90	3050240
714	553	869	90	90	3050246
709	553	869	90	90	3050252
703	553	873	90	90	3050259
697	554	873	90	90	3050265
690	554	873	90	90	3050271
684	554	873	90	90	3050277
677	554	873	90	90	3050284
671	555	878	90	90	3050290
665	555	878	90	90	3050296
658	555	878	90	90	3050302
652	555	882	90	90	3050309
645	555	882	90	90	3050315
639	555	882	90	90	3050321
632	555	882	90	90	3050327
626	555	886	90	90	3050334
620	555	886	90	90	3050340
613	555	886	90	90	3050346
607	555	886	90	90	3050352
601	555	890	90	90	3050359
595	555	890	90	90	3050365
589	555	890	90	90	3050371
583	555	890	90	90	3050377
578	555	890	90	90	3050384
572	554	890	90	90	3050390
568	554	890	90	90	3050396
563	554	890	90	90	3050402
559	554	890	90	90	3050409
555	553	890	90	90	3050415
551	553	890	90	90	3050421
548	553	890	90	90	3050427
544	553	890	90	90	3050434
541	553	890	90	90	3050440
539	553	890	90	90	3050446
536	553	890	90	90	3050452
534	553	890	90	90	3050459
531	552	890	90	90	3050465
530	552	890	90	90	3050471
528	552	890	90	90	3050477
527	552	890	90	90	3050484
526	552	890	90	90	3050490
525	552	890	90	90	3050502
523	552	890	90	90	3050515
522	552	886	90	90	3050540
521	552	883	90	90	3050790
521	551	890	90	90	3050815
521	550	892	90	90	3050834
521	549	894	90	90	3050846
521	548	896	90	90	3050859
521	546	898	90	90	3050865
521	545	898	90	90	3050871
521	544	898	90	90	3050877
521	543	898	90	90	3050884
520	541	902	90	90	3050890
520	540	902	90	90	3050896
520	538	902	90	90	3050902
520	536	902	90	90	3050909
519	534	902	90	90	3050915
519	532	902	90	90	3050921
519	529	898	90	90	3050927
518	527	898	90	90	3050934
518	524	898	90	90	3050940
517	522	898	90	90	3050946
517	518	898	90	90	3050952
516	515	898	90	90	3050959
516	512	898	90	90	3050965
515	509	894	90	90	3050971
515	505	894	90	90	3050977
514	502	894	90	90	3050984
514	498	894	90	90	3050990
513	494	894	90	90	3050996
512	491	898	90	90	3051002
512	487	898	90	90	3051009
512	483	898	90	90	3051015
511	479	898	90	90	3051021
511	475	902	90	90	3051027
510	471	902	90	90	3051034
510	466	902	90	90	3051040
510	462	902	90	90	3051046
509	458	906	90	90	3051052
509	454	906	90	90	3051059
508	449	906	90	90	3051065
507	445	906	90	90	3051071
507	441	906	90	90	3051077
506	436	910	90	90	3051084
506	432	910	90	90	3051090
505	428	914	90	90	3051096
504	424	918	90	90	3051102
504	420	918	90	90	3051109
503	416	922	90	90	3051115
503	413	926	90	90	3051121
502	409	926	90	90	3051127
502	406	930	90	90	3051134
501	403	934	90	90	3051140
501	400	934	90	90	3051146
500	397	938	90	90	3051152
500	395	938	90	90	3051159
499	393	942	90	90	3051165
499	391	942	90	90	3051171
499	389	946	90	90	3051177
499	388	946	90	90	3051184
498	386	946	90	90	3051190
498	385	946	90	90	3051196
498	384	946	90	90	3051202
498	383	946	90	90	3051215
498	382	946	90	90	3051227
498	381	946	90	90	3051246
498	380	946	90	90	3051271
498	379	945	90	90	3051296
498	378	942	90	90	3051315
498	377	942	90	90	3051340
498	376	942	90	90	3051471
499	377	942	90	90	3051490
500	377	942	90	90	3051502
501	377	942	90	90	3051515
503	376	942	90	90	3051521
504	376	942	90	90	3051527
505	376	942	90	90	3051534
506	376	942	90	90	3051540
507	376	942	90	90	3051546
509	376	942	90	90	3051552
511	375	938	90	90	3051559
514	375	938	90	90	3051565
516	375	938	90	90	3051571
519	375	938	90	90	3051577
522	375	938	90	90	3051584
525	375	938	90	90	3051590
528	375	942	90	90	3051596
532	375	942	90	90	3051602
536	375	942	90	90	3051609
540	375	942	90	90	3051615
545	375	942	90	90	3051621
550	375	942	90	90	3051627
555	375	942	90	90	3051634
561	374	942	90	90	3051640
567	374	942	90	90	3051646
573	374	942	90	90	3051652
579	374	942	90	90	3051659
586	374	942	90	90	3051665
593	374	942	90	90	3051671
601	374	942	90	90	3051677
609	374	942	90	90	3051684
617	374	942	90	90	3051690
625	374	942	90	90	3051696
633	374	942	90	90	3051702
642	374	942	90	90	3051709
650	374	942	90	90	3051715
659	374	942	90	90	3051721
668	374	942	90	90	3051727
677	374	942	90	90	3051734
686	374	942	90	90	3051740
695	374	942	90	90	3051746
704	374	942	90	90	3051752
712	374	942	90	90	3051759
721	374	942	90	90	3051765
730	374	942	90	90	3051771
739	374	942	90	90	3051777
747	374	942	90	90	3051784
756	374	942	90	90	3051790
764	374	946	90	90	3051796
772	373	946	90	90	3051802
780	373	946	90	90	3051809
788	373	946	90	90	3051815
795	373	950	90	90	3051821
802	373	950	90	90	3051827
809	372	950	90	90	3051834
815	372	950	90	90	3051840
820	372	946	90	90	3051846
825	372	942	90	90	3051852
829	371	934	90	90	3051859
833	371	926	90	90	3051865
836	371	902	90	90	3051871
838	371	841	90	90	3051877
840	371	688	90	90	3051884
841	370	452	90	90	3051896
842	370	75	90	90	3051915
35
585	515	221	90	90	3052809
585	514	416	90	90	3052821
585	512	475	90	90	3052827
585	511	519	90	90	3052834
585	509	555	90	90	3052840
585	507	592	90	90	3052846
584	504	620	90	90	3052852
584	501	644	90	90	3052859
583	497	668	90	90	3052865
583	493	688	90	90	3052871
582	489	704	90	90	3052877
582	484	720	90	90	3052884
582	479	728	90	90	3052890
581	473	737	90	90	3052896
581	467	741	90	90	3052902
581	462	745	90	90	3052909
581	457	745	90	90	3052915
581	452	745	90	90	3052921
581	447	749	90	90	3052927
581	443	749	90	90	3052934
581	439	753	90	90	3052940
581	435	757	90	90	3052946
581	432	765	90	90	3052952
581	430	769	90	90	3052959
581	427	773	90	90	3052965
580	425	777	90	90	3052971
580	424	781	90	90	3052977
580	422	785	90	90	3052984
580	421	789	90	90	3053002
580	419	793	90	90	3053021
579	418	793	90	90	3053077
578	417	764	90	90	3053115
579	417	598	90	90	3053134
580	417	309	90	90	3053146
580	418	48	90	90	3053159
57
583	465	48	90	90	3053752
583	464	340	90	90	3053834
583	465	683	90	90	3053884
583	466	807	90	90	3053927
584	466	831	90	90	3053940
586	466	833	90	90	3053946
587	466	837	90	90	3053952
588	467	837	90	90	3053959
590	467	837	90	90	3053965
591	467	841	90	90	3053971
593	467	841	90	90	3053977
595	467	841	90	90	3053984
598	468	841	90	90	3053990
600	468	841	90	90	3053996
603	468	841	90	90	3054002
606	468	841	90	90	3054009
609	469	841	90	90	3054015
613	469	841	90	90	3054021
616	469	841	90	90	3054027
620	469	841	90	90	3054034
624	469	841	90	90	3054040
628	469	841	90	90	3054046
633	469	841	90	90	3054052
638	469	845	90	90	3054059
643	469	845	90	90	3054065
648	470	849	90	90	3054071
653	470	853	90	90	3054077
659	471	857	90	90	3054084
665	471	861	90	90	3054090
671	472	865	90	90	3054096
677	472	869	90	90	3054102
684	473	869	90	90	3054109
691	473	873	90	90	3054115
698	474	873	90	90	3054121
705	474	878	90	90	3054127
712	474	878	90	90	3054134
719	475	878	90	90	3054140
726	475	882	90	90	3054146
732	475	882	90	90	3054152
739	476	882	90	90	3054159
746	476	886	90	90	3054165
752	476	886	90	90	3054171
758	476	890	90	90	3054177
764	476	890	90	90	3054184
769	476	894	90	90	3054190
774	476	894	90	90	3054196
779	476	894	90	90	3054202
783	476	894	90	90	3054209
786	476	894	90	90	3054215
790	476	890	90	90	3054221
793	476	886	90	90	3054227
795	476	878	90	90	3054234
797	476	869	90	90	3054240
799	476	849	90	90	3054246
800	476	825	90	90	3054252
801	476	763	90	90	3054265
802	475	308	90	90	3054309
14
276	398	76	90	90	3056527
277	401	241	90	90	3056534
277	402	394	90	90	3056540
276	403	551	90	90	3056546
276	404	688	90	90	3056552
275	405	785	90	90	3056559
275	405	805	90	90	3056565
274	405	801	90	90	3056571
274	405	757	90	90	3056577
274	404	624	90	90	3056584
275	403	471	90	90	3056590
275	402	322	90	90	3056596
276	401	161	90	90	3056602
277	400	0	90	90	3056615
6
1
650	446	0	90	90	3285204
73
835	549	168	90	90	3285916
834	548	444	90	90	3285929
833	548	654	90	90	3285941
831	548	692	90	90	3285954
830	548	720	90	90	3285960
829	548	741	90	90	3285966
827	548	757	90	90	3285973
826	548	773	90	90	3285979
824	548	789	90	90	3285985
822	547	797	90	90	3285991
820	547	805	90	90	3285998
817	547	809	90	90	3286004
814	546	817	90	90	3286010
811	546	821	90	90	3286016
808	546	825	90	90	3286023
804	545	833	90	90	3286029
800	545	837	90	90	3286035
795	545	841	90	90	3286041
791	545	849	90	90	3286048
785	545	857	90	90	3286054
780	544	861	90	90	3286060
775	544	865	90	90	3286066
769	544	869	90	90	3286073
763	544	873	90	90	3286079
757	544	882	90	90	3286085
750	543	886	90	90	3286091
744	543	886	90	90	3286098
737	543	890	90	90	3286104
731	543	890	90	90	3286110
723	543	894	90	90	3286116
716	543	898	90	90	3286123
709	543	898	90	90	3286129
702	543	898	90	90	3286135
695	543	902	90	90	3286141
687	543	902	90	90	3286148
680	543	902	90	90	3286154
672	543	906	90	90	3286160
665	543	906	90	90	3286166
657	542	906	90	90	3286173
649	542	906	90	90	3286179
642	542	906	90	90	3286185
634	542	906	90	90	3286191
627	541	906	90	90	3286198
619	541	910	90	90	3286204
612	541	910	90	90	3286210
605	541	910	90	90	3286216
598	540	910	90	90	3286223
592	540	910	90	90	3286229
585	540	910	90	90	3286235
579	540	910	90	90	3286241
573	540	910	90	90	3286248
568	539	910	90	90	3286254
563	539	910	90	90	3286260
558	539	910	90	90	3286266
553	539	910	90	90	3286273
548	539	910	90	90	3286279
544	539	906	90	90	3286285
540	539	906	90	90	3286291
537	539	906	90	90	3286298
533	539	906	90	90	3286304
531	539	902	90	90	3286310
528	539	902	90	90	3286316
526	539	898	90	90	3286323
524	538	894	90	90	3286329
522	538	890	90	90	3286335
521	538	886	90	90	3286341
520	538	878	90	90	3286348
519	538	865	90	90	3286360
518	537	841	90	90	3286385
517	536	816	90	90	3286410
518	536	797	90	90	3286441
519	535	699	90	90	3286479
519	534	245	90	90	3286523
139
519	534	425	90	90	3286716
519	533	732	90	90	3286735
519	532	757	90	90	3286748
519	530	769	90	90	3286754
519	529	777	90	90	3286760
518	528	781	90	90	3286766
518	527	789	90	90	3286773
518	525	797	90	90	3286779
518	523	805	90	90	3286785
518	521	813	90	90	3286791
518	519	821	90	90	3286798
518	517	829	90	90	3286804
518	514	837	90	90	3286810
517	511	845	90	90	3286816
517	509	853	90	90	3286823
517	506	857	90	90	3286829
517	503	865	90	90	3286835
517	500	869	90	90	3286841
517	497	878	90	90	3286848
517	494	882	90	90	3286854
517	491	886	90	90	3286860
517	488	894	90	90	3286866
517	485	898	90	90	3286873
517	482	902	90	90	3286879
517	479	910	90	90	3286885
517	476	914	90	90	3286891
517	473	914	90	90	3286898
517	469	918	90	90	3286904
517	466	918	90	90	3286910
517	462	922	90	90	3286916
517	459	922	90	90	3286923
517	455	922	90	90	3286929
516	452	926	90	90	3286935
516	448	926	90	90	3286941
516	445	930	90	90	3286948
515	441	930	90	90	3286954
515	438	930	90	90	3286960
514	434	930	90	90	3286966
514	431	934	90	90	3286973
514	428	934	90	90	3286979
513	425	934	90	90	3286985
513	422	934	90	90	3286991
513	419	938	90	90	3286998
512	417	938	90	90	3287004
512	415	942	90	90	3287010
512	413	942	90	90	3287016
512	411	946	90	90	3287023
512	410	946	90	90	3287029
512	408	950	90	90	3287035
511	408	950	90	90	3287041
511	407	950	90	90	3287054
511	406	950	90	90	3287079
511	405	946	90	90	3287198
512	404	946	90	90	3287241
513	403	946	90	90	3287266
513	402	946	90	90	3287285
513	401	946	90	90	3287298
513	400	942	90	90	3287310
513	399	944	90	90	3287323
513	398	946	90	90	3287335
513	397	948	90	90	3287348
513	396	950	90	90	3287373
514	395	952	90	90	3287385
514	394	950	90	90	3287398
514	393	950	90	90	3287410
514	392	950	90	90	3287429
514	391	950	90	90	3287448
514	390	950	90	90	3287466
513	389	950	90	90	3287485
513	388	946	90	90	3287510
513	387	946	90	90	3287548
513	386	946	90	90	3287641
514	385	946	90	90	3287673
515	385	946	90	90	3287691
516	384	948	90	90	3287704
518	384	950	90	90	3287716
519	383	950	90	90	3287729
520	383	950	90	90	3287735
521	383	946	90	90	3287741
523	382	946	90	90	3287748
524	382	946	90	90	3287754
525	382	946	90	90	3287760
527	382	946	90	90	3287766
529	382	946	90	90	3287773
531	382	942	90	90	3287779
534	382	942	90	90	3287785
537	382	942	90	90	3287791
540	382	938	90	90	3287798
543	382	938	90	90	3287804
547	382	934	90	90	3287810
551	382	934	90	90	3287816
555	383	934	90	90	3287823
559	383	934	90	90	3287829
564	383	934	90	90	3287835
569	383	934	90	90	3287841
574	384	934	90	90	3287848
580	384	934	90	90	3287854
586	385	938	90	90	3287860
593	385	938	90	90	3287866
600	386	938	90	90	3287873
607	386	942	90	90	3287879
615	387	942	90	90	3287885
623	388	942	90	90	3287891
631	388	946	90	90	3287898
640	389	946	90	90	3287904
649	390	946	90	90	3287910
658	390	946	90	90	3287916
668	391	950	90	90	3287923
677	392	950	90	90	3287929
687	392	950	90	90	3287935
697	393	950	90	90	3287941
707	393	950	90	90	3287948
717	394	950	90	90	3287954
726	394	950	90	90	3287960
736	395	950	90	90	3287966
746	395	950	90	90	3287973
756	395	954	90	90	3287979
765	395	954	90	90	3287985
774	396	958	90	90	3287991
783	396	962	90	90	3287998
792	396	966	90	90	3288004
800	396	970	90	90	3288010
808	396	974	90	90	3288016
815	397	978	90	90	3288023
822	397	982	90	90	3288029
828	397	986	90	90	3288035
834	397	990	90	90	3288041
839	397	990	90	90	3288048
844	398	990	90	90	3288054
848	398	990	90	90	3288060
851	398	986	90	90	3288066
854	398	978	90	90	3288073
856	399	966	90	90	3288079
858	399	950	90	90	3288085
859	399	906	90	90	3288098
860	400	758	90	90	3288110
860	401	440	90	90	3288123
858	402	181	90	90	3288129
857	402	8	90	90	3288141
29
576	506	112	90	90	3288860
576	505	548	90	90	3288910
576	504	757	90	90	3288916
576	503	777	90	90	3288923
576	501	797	90	90	3288929
576	499	809	90	90	3288935
576	495	821	90	90	3288941
577	491	833	90	90	3288948
577	487	841	90	90	3288954
577	481	845	90	90	3288960
577	476	853	90	90	3288966
578	470	857	90	90	3288973
578	464	865	90	90	3288979
578	459	869	90	90	3288985
578	454	878	90	90	3288991
578	449	882	90	90	3288998
578	445	890	90	90	3289004
578	442	898	90	90	3289010
578	439	902	90	90	3289016
578	437	906	90	90	3289023
578	435	906	90	90	3289029
578	433	910	90	90	3289035
578	432	906	90	90	3289041
579	431	906	90	90	3289048
579	430	906	90	90	3289060
579	429	870	90	90	3289104
580	429	649	90	90	3289116
580	430	337	90	90	3289129
580	431	46	90	90	3289141
70
578	465	76	90	90	3289585
579	465	572	90	90	3289685
580	465	823	90	90	3289704
581	465	853	90	90	3289716
582	465	869	90	90	3289729
583	465	878	90	90	3289735
584	465	882	90	90	3289741
585	465	886	90	90	3289748
586	465	890	90	90	3289754
588	465	890	90	90	3289760
589	465	894	90	90	3289766
591	465	894	90	90	3289773
593	465	894	90	90	3289779
595	464	894	90	90	3289785
598	464	894	90	90	3289791
600	464	894	90	90	3289798
603	464	894	90	90	3289804
606	464	898	90	90	3289810
609	464	898	90	90	3289816
612	464	902	90	90	3289823
616	464	906	90	90	3289829
620	465	906	90	90	3289835
625	465	910	90	90	3289841
630	465	914	90	90	3289848
635	465	914	90	90	3289854
640	466	918	90	90	3289860
645	466	918	90	90	3289866
651	466	918	90	90	3289873
656	466	918	90	90	3289879
662	466	918	90	90	3289885
667	466	918	90	90	3289891
672	466	918	90	90	3289898
678	466	918	90	90	3289904
683	466	918	90	90	3289910
688	466	918	90	90	3289916
694	466	918	90	90	3289923
699	466	918	90	90	3289929
704	466	918	90	90	3289935
709	467	922	90	90	3289941
714	467	922	90	90	3289948
720	467	922	90	90	3289954
725	467	926	90	90	3289960
730	467	930	90	90	3289966
735	468	930	90	90	3289973
740	468	934	90	90	3289979
745	468	938	90	90	3289985
749	468	942	90	90	3289991
754	469	946	90	90	3289998
759	469	950	90	90	3290004
764	469	954	90	90	3290010
768	469	958	90	90	3290016
773	470	958	90	90	3290023
777	470	962	90	90	3290029
781	470	966	90	90	3290035
786	470	966	90	90	3290041
790	470	970	90	90	3290048
794	470	974	90	90	3290054
797	470	974	90	90	3290060
801	470	978	90	90	3290066
804	470	978	90	90	3290073
807	470	982	90	90	3290079
810	470	986	90	90	3290085
813	470	986	90	90	3290091
815	470	986	90	90	3290098
817	470	990	90	90	3290104
819	470	990	90	90	3290110
820	470	990	90	90	3290116
821	470	986	90	90	3290123
822	470	980	90	90	3290135
823	470	679	90	90	3290235
8
269	401	12	90	90	3291023
270	400	149	90	90	3291029
270	400	217	90	90	3291035
271	400	225	90	90	3291041
271	400	225	90	90	3291048
271	400	225	90	90	3291054
271	399	92	90	90	3291060
271	399	0	90	90	3291066
5
1
604	436	0	90	90	3516447
191
786	596	392	90	90	3517259
785	596	644	90	90	3517272
784	596	700	90	90	3517284
782	596	745	90	90	3517297
781	596	765	90	90	3517303
780	596	777	90	90	3517309
779	596	789	90	90	3517316
778	596	797	90	90	3517322
776	595	805	90	90	3517328
775	595	817	90	90	3517334
773	595	825	90	90	3517341
771	595	833	90	90	3517347
769	594	845	90	90	3517353
766	594	853	90	90	3517359
764	594	865	90	90	3517366
761	593	873	90	90	3517372
758	593	882	90	90	3517378
754	593	894	90	90	3517384
751	593	902	90	90	3517391
747	593	906	90	90	3517397
743	593	914	90	90	3517403
739	593	918	90	90	3517409
735	593	922	90	90	3517416
731	594	926	90	90	3517422
726	594	930	90	90	3517428
722	594	930	90	90	3517434
717	594	934	90	90	3517441
712	595	934	90	90	3517447
706	595	938	90	90	3517453
701	595	938	90	90	3517459
696	596	942	90	90	3517466
691	596	942	90	90	3517472
685	596	942	90	90	3517478
680	597	946	90	90	3517484
674	597	946	90	90	3517491
669	597	946	90	90	3517497
664	597	946	90	90	3517503
659	598	950	90	90	3517509
653	598	950	90	90	3517516
648	598	950	90	90	3517522
643	598	954	90	90	3517528
638	598	954	90	90	3517534
633	598	958	90	90	3517541
628	598	958	90	90	3517547
624	598	962	90	90	3517553
619	597	962	90	90	3517559
615	597	966	90	90	3517566
611	597	966	90	90	3517572
607	597	966	90	90	3517578
603	597	966	90	90	3517584
599	596	970	90	90	3517591
596	596	970	90	90	3517597
592	596	970	90	90	3517603
589	596	974	90	90	3517609
586	596	974	90	90	3517616
584	595	974	90	90	3517622
581	595	978	90	90	3517628
579	595	978	90	90	3517634
578	595	978	90	90	3517641
576	595	978	90	90	3517647
575	595	982	90	90	3517653
574	595	982	90	90	3517659
573	595	982	90	90	3517666
572	595	982	90	90	3517678
571	595	982	90	90	3517697
570	595	978	90	90	3517784
569	595	977	90	90	3517884
568	595	976	90	90	3517928
568	594	974	90	90	3517947
568	593	971	90	90	3517966
568	592	970	90	90	3517978
568	591	970	90	90	3517991
567	590	966	90	90	3518003
567	588	966	90	90	3518009
567	587	966	90	90	3518016
567	586	966	90	90	3518022
567	585	966	90	90	3518028
567	584	966	90	90	3518034
567	582	966	90	90	3518041
567	581	966	90	90	3518047
567	579	962	90	90	3518053
567	576	962	90	90	3518059
567	574	962	90	90	3518066
567	571	962	90	90	3518072
568	568	958	90	90	3518078
568	564	958	90	90	3518084
568	560	958	90	90	3518091
568	556	954	90	90	3518097
568	552	954	90	90	3518103
568	547	950	90	90	3518109
569	543	950	90	90	3518116
569	538	950	90	90	3518122
570	533	950	90	90	3518128
570	528	950	90	90	3518134
570	523	950	90	90	3518141
571	518	946	90	90	3518147
571	514	946	90	90	3518153
572	509	946	90	90	3518159
572	505	946	90	90	3518166
573	500	946	90	90	3518172
573	496	942	90	90	3518178
573	491	946	90	90	3518184
573	487	946	90	90	3518191
573	484	946	90	90	3518197
572	480	950	90	90	3518203
572	476	950	90	90	3518209
572	473	954	90	90	3518216
571	470	958	90	90	3518222
571	467	958	90	90	3518228
570	465	962	90	90	3518234
570	462	962	90	90	3518241
570	460	966	90	90	3518247
569	457	966	90	90	3518253
569	455	970	90	90	3518259
569	453	970	90	90	3518266
569	452	970	90	90	3518272
568	450	974	90	90	3518278
568	449	974	90	90	3518284
568	448	974	90	90	3518291
568	447	974	90	90	3518303
568	445	972	90	90	3518322
568	444	970	90	90	3518472
568	443	978	90	90	3518584
569	444	986	90	90	3518616
570	444	986	90	90	3518641
571	444	986	90	90	3518653
572	444	986	90	90	3518666
573	444	984	90	90	3518678
575	444	982	90	90	3518684
576	443	982	90	90	3518691
577	443	978	90	90	3518697
578	443	978	90	90	3518703
579	443	978	90	90	3518709
581	443	974	90	90	3518716
582	442	974	90	90	3518722
585	442	974	90	90	3518728
587	442	974	90	90	3518734
590	442	974	90	90	3518741
592	442	974	90	90	3518747
596	441	974	90	90	3518753
599	441	974	90	90	3518759
603	441	974	90	90	3518766
607	441	974	90	90	3518772
611	441	970	90	90	3518778
616	441	970	90	90	3518784
620	441	974	90	90	3518791
626	441	974	90	90	3518797
631	441	974	90	90	3518803
637	441	974	90	90	3518809
643	441	974	90	90	3518816
649	441	974	90	90	3518822
655	442	974	90	90	3518828
662	442	974	90	90	3518834
668	442	974	90	90	3518841
674	442	974	90	90	3518847
680	442	970	90	90	3518853
687	442	970	90	90	3518859
693	442	970	90	90	3518866
699	442	970	90	90	3518872
706	442	970	90	90	3518878
712	442	970	90	90	3518884
718	443	970	90	90	3518891
725	443	970	90	90	3518897
731	443	970	90	90	3518903
738	443	970	90	90	3518909
744	443	970	90	90	3518916
751	443	970	90	90	3518922
757	443	970	90	90	3518928
763	443	970	90	90	3518934
770	443	970	90	90	3518941
776	442	970	90	90	3518947
782	442	970	90	90	3518953
787	442	970	90	90	3518959
793	442	966	90	90	3518966
798	442	966	90	90	3518972
803	441	966	90	90	3518978
808	441	966	90	90	3518984
812	441	962	90	90	3518991
816	440	962	90	90	3518997
820	440	962	90	90	3519003
824	440	962	90	90	3519009
827	439	962	90	90	3519016
830	439	962	90	90	3519022
832	439	962	90	90	3519028
835	438	958	90	90	3519034
837	438	954	90	90	3519041
838	438	946	90	90	3519047
840	438	920	90	90	3519059
841	438	738	90	90	3519097
840	438	245	90	90	3519109
838	439	6	90	90	3519122
32
626	556	104	90	90	3519803
627	557	291	90	90	3519816
627	558	548	90	90	3519841
627	559	704	90	90	3519866
627	557	745	90	90	3519872
627	556	753	90	90	3519878
627	554	765	90	90	3519884
626	552	769	90	90	3519891
626	548	777	90	90	3519897
626	544	781	90	90	3519903
626	540	785	90	90	3519909
626	534	789	90	90	3519916
626	528	789	90	90	3519922
626	522	793	90	90	3519928
626	515	789	90	90	3519934
626	509	789	90	90	3519941
626	503	789	90	90	3519947
627	498	785	90	90	3519953
627	493	789	90	90	3519959
627	488	789	90	90	3519966
628	485	793	90	90	3519972
628	482	797	90	90	3519978
628	479	805	90	90	3519984
628	477	809	90	90	3519991
628	475	817	90	90	3519997
628	474	821	90	90	3520003
628	472	821	90	90	3520009
628	471	825	90	90	3520022
628	470	814	90	90	3520053
629	471	755	90	90	3520066
629	472	569	90	90	3520078
629	473	142	90	90	3520103
58
627	517	668	90	90	3520791
628	518	899	90	90	3520809
629	518	906	90	90	3520822
630	518	906	90	90	3520834
631	518	906	90	90	3520841
632	518	906	90	90	3520847
633	518	906	90	90	3520853
635	518	906	90	90	3520859
636	518	906	90	90	3520866
638	519	906	90	90	3520872
641	519	906	90	90	3520878
643	519	910	90	90	3520884
646	519	906	90	90	3520891
649	519	906	90	90	3520897
652	519	906	90	90	3520903
655	520	910	90	90	3520909
659	520	914	90	90	3520916
663	520	918	90	90	3520922
667	520	922	90	90	3520928
672	520	926	90	90	3520934
677	521	934	90	90	3520941
683	521	938	90	90	3520947
689	521	942	90	90	3520953
695	522	946	90	90	3520959
701	522	946	90	90	3520966
708	522	946	90	90	3520972
714	522	946	90	90	3520978
721	522	946	90	90	3520984
727	522	946	90	90	3520991
734	522	946	90	90	3520997
740	522	946	90	90	3521003
746	522	946	90	90	3521009
752	522	946	90	90	3521016
758	522	946	90	90	3521022
764	522	946	90	90	3521028
770	522	946	90	90	3521034
775	523	946	90	90	3521041
780	523	946	90	90	3521047
785	523	946	90	90	3521053
790	523	946	90	90	3521059
794	523	946	90	90	3521066
798	524	946	90	90	3521072
802	524	946	90	90	3521078
805	524	946	90	90	3521084
808	524	946	90	90	3521091
811	524	950	90	90	3521097
813	524	950	90	90	3521103
815	524	950	90	90	3521109
817	524	950	90	90	3521116
818	525	954	90	90	3521122
820	525	954	90	90	3521128
821	525	954	90	90	3521134
822	525	954	90	90	3521141
823	525	954	90	90	3521147
824	525	954	90	90	3521159
825	525	898	90	90	3521216
824	525	434	90	90	3521228
823	525	56	90	90	3521247
14
259	402	68	90	90	3523112
260	401	245	90	90	3523118
260	401	418	90	90	3523125
260	401	588	90	90	3523131
260	401	741	90	90	3523137
260	401	886	90	90	3523143
260	401	914	90	90	3523150
261	401	918	90	90	3523156
261	401	902	90	90	3523162
261	400	817	90	90	3523168
261	400	664	90	90	3523175
261	398	511	90	90	3523181
261	398	334	90	90	3523187
261	397	153	90	90	3523193
5
1
529	440	0	90	90	3746444
222
838	584	98	90	90	3747288
838	583	447	90	90	3747307
837	582	670	90	90	3747319
835	582	720	90	90	3747325
834	582	741	90	90	3747332
833	582	757	90	90	3747338
832	582	773	90	90	3747344
831	581	781	90	90	3747350
829	581	789	90	90	3747357
827	581	793	90	90	3747363
825	580	797	90	90	3747369
822	580	797	90	90	3747375
819	579	797	90	90	3747382
816	579	797	90	90	3747388
812	578	797	90	90	3747394
808	578	797	90	90	3747400
804	577	797	90	90	3747407
799	577	797	90	90	3747413
794	576	797	90	90	3747419
788	576	797	90	90	3747425
782	575	797	90	90	3747432
775	575	797	90	90	3747438
768	574	797	90	90	3747444
761	574	797	90	90	3747450
753	574	797	90	90	3747457
745	573	797	90	90	3747463
737	573	797	90	90	3747469
728	572	797	90	90	3747475
719	572	801	90	90	3747482
710	571	801	90	90	3747488
701	571	801	90	90	3747494
692	571	801	90	90	3747500
683	571	805	90	90	3747507
673	570	805	90	90	3747513
664	570	809	90	90	3747519
655	570	813	90	90	3747525
646	570	817	90	90	3747532
637	570	825	90	90	3747538
628	570	833	90	90	3747544
619	569	837	90	90	3747550
610	569	845	90	90	3747557
602	569	849	90	90	3747563
594	569	853	90	90	3747569
587	569	857	90	90	3747575
579	569	857	90	90	3747582
573	569	853	90	90	3747588
567	569	853	90	90	3747594
561	569	853	90	90	3747600
556	569	849	90	90	3747607
551	569	849	90	90	3747613
546	569	849	90	90	3747619
542	569	849	90	90	3747625
539	569	849	90	90	3747632
535	569	849	90	90	3747638
533	569	853	90	90	3747644
530	569	853	90	90	3747650
528	569	857	90	90	3747657
527	569	857	90	90	3747663
526	569	857	90	90	3747675
525	569	857	90	90	3747707
525	568	853	90	90	3747732
526	567	854	90	90	3747763
527	566	873	90	90	3747813
526	566	908	90	90	3747888
527	566	910	90	90	3747913
527	565	910	90	90	3747932
527	564	910	90	90	3747944
526	563	910	90	90	3747957
526	561	908	90	90	3747969
526	560	906	90	90	3747975
526	559	906	90	90	3747982
526	558	906	90	90	3747988
525	556	906	90	90	3747994
525	555	906	90	90	3748000
525	553	902	90	90	3748007
525	552	902	90	90	3748013
525	549	902	90	90	3748019
525	547	902	90	90	3748025
524	545	906	90	90	3748032
524	542	906	90	90	3748038
524	539	906	90	90	3748044
523	536	906	90	90	3748050
523	533	910	90	90	3748057
523	530	910	90	90	3748063
522	527	910	90	90	3748069
522	524	914	90	90	3748075
521	521	914	90	90	3748082
521	518	918	90	90	3748088
521	515	918	90	90	3748094
520	512	922	90	90	3748100
520	509	922	90	90	3748107
519	506	926	90	90	3748113
519	503	926	90	90	3748119
518	501	926	90	90	3748125
518	498	926	90	90	3748132
517	495	926	90	90	3748138
517	492	926	90	90	3748144
516	489	926	90	90	3748150
516	485	926	90	90	3748157
515	482	926	90	90	3748163
515	479	926	90	90	3748169
515	477	930	90	90	3748175
514	474	934	90	90	3748182
514	471	934	90	90	3748188
514	469	942	90	90	3748194
514	467	946	90	90	3748200
513	465	950	90	90	3748207
513	464	954	90	90	3748213
513	462	958	90	90	3748219
513	461	962	90	90	3748225
513	460	962	90	90	3748232
513	459	962	90	90	3748244
513	458	962	90	90	3748269
513	457	958	90	90	3748294
513	456	954	90	90	3748313
512	455	954	90	90	3748332
512	454	954	90	90	3748344
511	453	954	90	90	3748357
511	452	954	90	90	3748369
511	451	954	90	90	3748382
510	450	950	90	90	3748394
510	449	950	90	90	3748407
510	447	946	90	90	3748419
509	446	946	90	90	3748432
509	445	946	90	90	3748444
509	443	946	90	90	3748457
508	442	946	90	90	3748469
508	440	946	90	90	3748482
508	439	942	90	90	3748488
508	438	942	90	90	3748494
507	437	942	90	90	3748500
507	436	942	90	90	3748507
507	435	942	90	90	3748513
507	434	942	90	90	3748519
507	433	942	90	90	3748525
507	432	942	90	90	3748532
506	432	942	90	90	3748544
506	430	942	90	90	3748557
506	428	942	90	90	3748569
506	427	938	90	90	3748582
506	426	938	90	90	3748594
506	425	938	90	90	3748607
506	424	938	90	90	3748619
505	423	938	90	90	3748638
505	422	935	90	90	3748657
505	421	934	90	90	3748675
505	420	934	90	90	3748694
505	418	934	90	90	3748713
505	417	931	90	90	3748732
505	416	930	90	90	3748750
505	415	930	90	90	3748775
506	414	931	90	90	3748825
505	413	934	90	90	3748844
505	412	934	90	90	3748863
505	411	934	90	90	3748882
505	410	934	90	90	3748900
505	409	934	90	90	3748919
505	408	934	90	90	3748938
505	407	937	90	90	3748994
506	406	947	90	90	3749038
507	406	954	90	90	3749057
508	405	962	90	90	3749075
509	404	968	90	90	3749088
510	404	972	90	90	3749100
512	402	974	90	90	3749113
513	401	978	90	90	3749119
515	401	978	90	90	3749125
516	400	982	90	90	3749132
517	400	986	90	90	3749138
519	399	986	90	90	3749144
521	399	990	90	90	3749150
523	399	990	90	90	3749157
526	399	994	90	90	3749163
529	398	994	90	90	3749169
532	398	994	90	90	3749175
535	398	994	90	90	3749182
539	398	994	90	90	3749188
543	398	994	90	90	3749194
548	398	994	90	90	3749200
552	397	990	90	90	3749207
558	397	990	90	90	3749213
563	397	990	90	90	3749219
569	397	990	90	90	3749225
575	397	990	90	90	3749232
582	397	990	90	90	3749238
589	397	990	90	90	3749244
597	397	990	90	90	3749250
605	397	990	90	90	3749257
614	397	990	90	90	3749263
623	398	990	90	90	3749269
632	398	990	90	90	3749275
642	399	990	90	90	3749282
652	399	990	90	90	3749288
663	400	990	90	90	3749294
673	400	990	90	90	3749300
684	400	990	90	90	3749307
696	401	990	90	90	3749313
707	401	990	90	90	3749319
719	401	990	90	90	3749325
730	401	990	90	90	3749332
742	401	990	90	90	3749338
754	401	994	90	90	3749344
766	401	994	90	90	3749350
778	401	994	90	90	3749357
790	401	998	90	90	3749363
801	401	998	90	90	3749369
812	401	1002	90	90	3749375
823	401	1002	90	90	3749382
834	401	1006	90	90	3749388
844	401	1006	90	90	3749394
854	401	1006	90	90	3749400
863	401	1006	90	90	3749407
872	401	1006	90	90	3749413
880	401	1002	90	90	3749419
887	401	990	90	90	3749425
894	401	966	90	90	3749432
901	401	898	90	90	3749438
906	401	741	90	90	3749444
910	401	575	90	90	3749450
914	402	398	90	90	3749457
916	402	217	90	90	3749463
918	403	14	90	90	3749475
28
579	529	12	90	90	3750953
579	530	524	90	90	3751003
578	528	761	90	90	3751009
578	526	781	90	90	3751015
578	523	793	90	90	3751022
578	519	801	90	90	3751028
578	514	805	90	90	3751034
578	509	809	90	90	3751040
578	503	813	90	90	3751047
577	496	813	90	90	3751053
577	490	821	90	90	3751059
577	483	825	90	90	3751065
576	478	837	90	90	3751072
576	472	845	90	90	3751078
576	467	857	90	90	3751084
575	464	869	90	90	3751090
575	460	882	90	90	3751097
575	457	894	90	90	3751103
574	455	902	90	90	3751109
574	453	910	90	90	3751115
574	451	914	90	90	3751122
574	449	914	90	90	3751128
574	448	914	90	90	3751134
574	447	914	90	90	3751147
574	446	881	90	90	3751184
575	446	757	90	90	3751222
575	447	480	90	90	3751234
575	448	129	90	90	3751253
51
578	488	68	90	90	3751822
579	488	694	90	90	3751953
580	487	908	90	90	3751965
582	487	914	90	90	3751972
583	487	918	90	90	3751978
584	487	922	90	90	3751984
586	487	926	90	90	3751990
588	487	926	90	90	3751997
590	487	930	90	90	3752003
592	487	930	90	90	3752009
595	487	934	90	90	3752015
599	487	938	90	90	3752022
602	488	942	90	90	3752028
607	488	946	90	90	3752034
612	488	950	90	90	3752040
617	488	958	90	90	3752047
624	489	962	90	90	3752053
631	489	962	90	90	3752059
638	490	966	90	90	3752065
646	491	966	90	90	3752072
654	491	966	90	90	3752078
662	492	966	90	90	3752084
670	492	966	90	90	3752090
678	492	966	90	90	3752097
687	493	966	90	90	3752103
695	493	966	90	90	3752109
704	493	970	90	90	3752115
712	493	974	90	90	3752122
721	493	978	90	90	3752128
730	493	982	90	90	3752134
739	493	986	90	90	3752140
748	493	990	90	90	3752147
757	493	994	90	90	3752153
766	493	994	90	90	3752159
775	494	998	90	90	3752165
784	494	998	90	90	3752172
793	494	1002	90	90	3752178
801	494	1002	90	90	3752184
809	494	1002	90	90	3752190
816	493	1002	90	90	3752197
823	493	1002	90	90	3752203
829	493	1002	90	90	3752209
834	493	998	90	90	3752215
839	493	994	90	90	3752222
843	492	986	90	90	3752228
847	492	970	90	90	3752234
850	492	938	90	90	3752240
853	492	809	90	90	3752247
856	491	644	90	90	3752253
857	491	467	90	90	3752259
859	491	127	90	90	3752278
2
276	401	104	90	90	3754028
277	400	243	90	90	3754078
5
1
601	423	0	90	90	4013476
196
819	565	124	90	90	4014338
820	565	523	90	90	4014376
819	565	732	90	90	4014388
818	565	761	90	90	4014394
817	565	773	90	90	4014401
816	565	785	90	90	4014407
815	565	797	90	90	4014413
813	565	801	90	90	4014419
812	565	805	90	90	4014426
809	564	809	90	90	4014432
807	564	809	90	90	4014438
804	564	809	90	90	4014444
801	564	809	90	90	4014451
797	563	809	90	90	4014457
794	563	809	90	90	4014463
789	563	809	90	90	4014469
785	562	809	90	90	4014476
780	562	809	90	90	4014482
774	562	809	90	90	4014488
768	561	809	90	90	4014494
762	561	813	90	90	4014501
755	561	813	90	90	4014507
748	561	817	90	90	4014513
741	560	821	90	90	4014519
733	560	829	90	90	4014526
725	560	837	90	90	4014532
717	560	845	90	90	4014538
709	560	853	90	90	4014544
700	560	861	90	90	4014551
692	560	865	90	90	4014557
683	560	873	90	90	4014563
674	560	878	90	90	4014569
665	560	882	90	90	4014576
656	560	886	90	90	4014582
647	560	890	90	90	4014588
637	560	890	90	90	4014594
628	560	894	90	90	4014601
618	560	894	90	90	4014607
609	560	898	90	90	4014613
599	560	902	90	90	4014619
590	560	902	90	90	4014626
581	560	906	90	90	4014632
572	559	910	90	90	4014638
564	559	910	90	90	4014644
555	559	914	90	90	4014651
548	559	914	90	90	4014657
540	558	914	90	90	4014663
533	558	914	90	90	4014669
526	557	914	90	90	4014676
519	557	914	90	90	4014682
513	556	914	90	90	4014688
507	556	914	90	90	4014694
502	556	914	90	90	4014701
497	555	914	90	90	4014707
492	555	918	90	90	4014713
488	554	918	90	90	4014719
484	554	918	90	90	4014726
480	554	918	90	90	4014732
477	553	922	90	90	4014738
475	553	922	90	90	4014744
473	553	922	90	90	4014751
471	553	926	90	90	4014757
470	553	926	90	90	4014763
469	553	926	90	90	4014776
468	553	923	90	90	4014844
469	552	925	90	90	4014919
468	551	934	90	90	4014963
468	550	934	90	90	4014982
468	549	934	90	90	4014994
468	548	934	90	90	4015007
468	546	934	90	90	4015013
468	545	934	90	90	4015019
468	544	934	90	90	4015026
468	543	938	90	90	4015032
468	541	938	90	90	4015038
468	539	938	90	90	4015044
468	536	938	90	90	4015051
468	533	938	90	90	4015057
469	529	938	90	90	4015063
469	524	938	90	90	4015069
470	519	938	90	90	4015076
470	513	938	90	90	4015082
471	507	938	90	90	4015088
471	501	938	90	90	4015094
472	495	942	90	90	4015101
472	489	946	90	90	4015107
473	483	950	90	90	4015113
473	477	954	90	90	4015119
474	471	962	90	90	4015126
474	466	966	90	90	4015132
474	460	970	90	90	4015138
475	454	974	90	90	4015144
475	449	978	90	90	4015151
475	443	982	90	90	4015157
475	437	982	90	90	4015163
475	432	986	90	90	4015169
474	426	986	90	90	4015176
474	421	990	90	90	4015182
474	416	990	90	90	4015188
473	411	994	90	90	4015194
473	406	998	90	90	4015201
473	402	1002	90	90	4015207
472	397	1006	90	90	4015213
472	393	1006	90	90	4015219
472	389	1010	90	90	4015226
471	385	1010	90	90	4015232
471	382	1014	90	90	4015238
471	378	1014	90	90	4015244
470	375	1014	90	90	4015251
470	372	1023	90	90	4015257
470	369	1023	90	90	4015263
470	366	1023	90	90	4015269
470	364	1023	90	90	4015276
470	362	1023	90	90	4015282
469	359	1023	90	90	4015288
469	357	1023	90	90	4015294
469	356	1023	90	90	4015301
469	354	1023	90	90	4015307
469	353	1023	90	90	4015313
469	352	1023	90	90	4015319
469	351	1023	90	90	4015332
469	350	1023	90	90	4015351
469	349	1023	90	90	4015501
470	348	1019	90	90	4015544
471	348	1012	90	90	4015576
472	348	1006	90	90	4015588
474	349	1006	90	90	4015594
475	349	1002	90	90	4015601
477	350	1002	90	90	4015607
478	350	1002	90	90	4015613
480	350	998	90	90	4015619
483	350	998	90	90	4015626
486	351	998	90	90	4015632
489	351	994	90	90	4015638
493	351	994	90	90	4015644
497	352	990	90	90	4015651
501	352	990	90	90	4015657
506	353	990	90	90	4015663
511	353	986	90	90	4015669
517	353	986	90	90	4015676
523	354	986	90	90	4015682
529	354	986	90	90	4015688
535	354	986	90	90	4015694
542	355	986	90	90	4015701
549	355	986	90	90	4015707
556	356	986	90	90	4015713
564	356	986	90	90	4015719
572	356	986	90	90	4015726
581	356	986	90	90	4015732
590	357	986	90	90	4015738
599	357	986	90	90	4015744
608	358	986	90	90	4015751
618	358	986	90	90	4015757
627	358	986	90	90	4015763
637	359	986	90	90	4015769
647	359	986	90	90	4015776
657	360	986	90	90	4015782
667	360	986	90	90	4015788
677	361	986	90	90	4015794
687	361	986	90	90	4015801
696	361	986	90	90	4015807
705	362	990	90	90	4015813
714	362	990	90	90	4015819
723	362	990	90	90	4015826
732	362	990	90	90	4015832
740	363	990	90	90	4015838
748	363	990	90	90	4015844
756	363	990	90	90	4015851
763	363	994	90	90	4015857
770	363	994	90	90	4015863
776	363	994	90	90	4015869
781	363	994	90	90	4015876
787	363	994	90	90	4015882
791	363	994	90	90	4015888
796	363	998	90	90	4015894
800	363	998	90	90	4015901
803	363	998	90	90	4015907
806	363	998	90	90	4015913
809	363	998	90	90	4015919
812	363	1002	90	90	4015926
814	363	1002	90	90	4015932
816	363	1002	90	90	4015938
817	363	1002	90	90	4015944
819	363	1002	90	90	4015951
820	363	1006	90	90	4015957
821	363	1006	90	90	4015969
822	363	994	90	90	4016094
824	363	972	90	90	4016107
825	363	970	90	90	4016113
826	363	966	90	90	4016132
828	363	962	90	90	4016138
829	363	962	90	90	4016144
830	363	952	90	90	4016157
831	363	762	90	90	4016182
831	364	293	90	90	4016194
829	365	12	90	90	4016207
30
524	509	351	90	90	4016876
525	508	650	90	90	4016888
524	506	700	90	90	4016894
525	504	733	90	90	4016901
525	502	757	90	90	4016907
525	498	777	90	90	4016913
526	493	793	90	90	4016919
527	488	805	90	90	4016926
527	481	813	90	90	4016932
528	475	821	90	90	4016938
529	468	829	90	90	4016944
530	461	837	90	90	4016951
530	454	849	90	90	4016957
531	448	861	90	90	4016963
531	443	873	90	90	4016969
531	438	886	90	90	4016976
531	433	902	90	90	4016982
531	430	914	90	90	4016988
531	426	922	90	90	4016994
531	423	930	90	90	4017001
531	421	934	90	90	4017007
531	419	934	90	90	4017013
531	417	938	90	90	4017019
531	415	938	90	90	4017026
531	413	938	90	90	4017032
531	412	935	90	90	4017051
532	411	864	90	90	4017107
532	412	585	90	90	4017119
532	413	287	90	90	4017132
532	414	28	90	90	4017144
57
530	458	618	90	90	4017682
532	458	890	90	90	4017694
533	458	900	90	90	4017707
534	458	906	90	90	4017713
535	458	906	90	90	4017719
536	458	910	90	90	4017726
538	458	910	90	90	4017732
540	458	914	90	90	4017738
542	458	922	90	90	4017744
544	458	930	90	90	4017751
547	459	938	90	90	4017757
551	459	946	90	90	4017763
554	459	950	90	90	4017769
559	459	958	90	90	4017776
564	460	966	90	90	4017782
569	460	970	90	90	4017788
576	460	970	90	90	4017794
582	461	970	90	90	4017801
589	461	970	90	90	4017807
597	461	970	90	90	4017813
604	461	970	90	90	4017819
612	462	974	90	90	4017826
620	462	974	90	90	4017832
629	462	974	90	90	4017838
637	463	974	90	90	4017844
646	463	978	90	90	4017851
655	464	978	90	90	4017857
663	464	978	90	90	4017863
672	465	978	90	90	4017869
681	465	982	90	90	4017876
690	466	982	90	90	4017882
698	466	982	90	90	4017888
707	467	982	90	90	4017894
715	467	982	90	90	4017901
722	468	982	90	90	4017907
730	468	982	90	90	4017913
737	468	982	90	90	4017919
744	468	986	90	90	4017926
751	468	986	90	90	4017932
757	469	986	90	90	4017938
763	469	990	90	90	4017944
769	469	990	90	90	4017951
774	469	990	90	90	4017957
779	469	994	90	90	4017963
783	469	994	90	90	4017969
787	469	994	90	90	4017976
790	469	998	90	90	4017982
793	469	998	90	90	4017988
796	470	998	90	90	4017994
798	470	998	90	90	4018001
800	470	994	90	90	4018007
802	470	994	90	90	4018013
804	470	990	90	90	4018019
805	470	986	90	90	4018026
807	470	970	90	90	4018044
809	471	929	90	90	4018069
810	471	477	90	90	4018119
4
281	400	552	90	90	4020044
282	400	593	90	90	4020056
283	399	285	90	90	4020069
285	399	16	90	90	4020081
5
1
552	367	0	90	90	4223357
181
832	581	391	90	90	4224307
831	581	724	90	90	4224319
830	581	777	90	90	4224332
828	581	809	90	90	4224338
827	581	821	90	90	4224344
826	581	833	90	90	4224350
825	581	841	90	90	4224357
823	580	849	90	90	4224363
821	580	853	90	90	4224369
819	580	861	90	90	4224375
816	579	869	90	90	4224382
814	579	873	90	90	4224388
810	578	882	90	90	4224394
806	578	890	90	90	4224400
802	577	894	90	90	4224407
797	577	894	90	90	4224413
792	576	898	90	90	4224419
786	576	902	90	90	4224425
780	575	902	90	90	4224432
773	575	906	90	90	4224438
766	575	906	90	90	4224444
759	574	910	90	90	4224450
751	574	914	90	90	4224457
742	574	918	90	90	4224463
734	574	922	90	90	4224469
725	573	926	90	90	4224475
716	573	930	90	90	4224482
707	573	934	90	90	4224488
697	573	938	90	90	4224494
688	573	938	90	90	4224500
678	573	942	90	90	4224507
668	573	942	90	90	4224513
659	573	946	90	90	4224519
649	573	946	90	90	4224525
639	572	950	90	90	4224532
629	572	950	90	90	4224538
619	572	950	90	90	4224544
609	571	950	90	90	4224550
600	571	954	90	90	4224557
591	570	954	90	90	4224563
582	570	954	90	90	4224569
573	569	954	90	90	4224575
565	569	954	90	90	4224582
557	568	954	90	90	4224588
550	567	958	90	90	4224594
543	567	958	90	90	4224600
537	566	958	90	90	4224607
532	566	958	90	90	4224613
527	566	958	90	90	4224619
522	566	962	90	90	4224625
518	565	962	90	90	4224632
514	565	962	90	90	4224638
511	565	966	90	90	4224644
509	565	966	90	90	4224650
507	565	970	90	90	4224657
505	565	974	90	90	4224663
504	566	974	90	90	4224675
503	566	971	90	90	4224732
504	565	972	90	90	4224769
504	564	985	90	90	4224813
503	563	997	90	90	4224850
503	562	998	90	90	4224869
503	561	998	90	90	4224882
504	560	998	90	90	4224894
504	558	998	90	90	4224900
504	557	998	90	90	4224907
504	556	998	90	90	4224913
505	555	998	90	90	4224919
505	554	994	90	90	4224925
505	552	994	90	90	4224932
505	550	994	90	90	4224938
505	548	994	90	90	4224944
506	545	994	90	90	4224950
506	542	994	90	90	4224957
506	539	990	90	90	4224963
506	535	990	90	90	4224969
506	531	990	90	90	4224975
507	526	986	90	90	4224982
507	521	986	90	90	4224988
507	516	986	90	90	4224994
508	511	982	90	90	4225000
508	506	982	90	90	4225007
509	501	982	90	90	4225013
509	496	978	90	90	4225019
510	491	978	90	90	4225025
510	486	974	90	90	4225032
511	480	974	90	90	4225038
512	475	974	90	90	4225044
512	470	974	90	90	4225050
513	465	970	90	90	4225057
513	460	970	90	90	4225063
513	455	970	90	90	4225069
513	450	970	90	90	4225075
513	445	970	90	90	4225082
513	440	970	90	90	4225088
513	436	970	90	90	4225094
513	431	970	90	90	4225100
513	427	970	90	90	4225107
513	422	974	90	90	4225113
513	418	974	90	90	4225119
513	413	974	90	90	4225125
513	409	978	90	90	4225132
513	405	978	90	90	4225138
513	402	982	90	90	4225144
513	398	982	90	90	4225150
513	394	982	90	90	4225157
513	390	986	90	90	4225163
513	387	986	90	90	4225169
513	384	986	90	90	4225175
513	381	990	90	90	4225182
513	378	990	90	90	4225188
513	375	990	90	90	4225194
513	372	994	90	90	4225200
513	370	994	90	90	4225207
512	368	994	90	90	4225213
512	366	994	90	90	4225219
512	365	998	90	90	4225225
512	363	998	90	90	4225232
512	362	998	90	90	4225238
512	361	998	90	90	4225244
512	360	998	90	90	4225257
512	358	993	90	90	4225407
513	357	990	90	90	4225432
514	357	990	90	90	4225444
515	356	990	90	90	4225457
516	356	990	90	90	4225469
518	357	990	90	90	4225475
519	357	990	90	90	4225482
520	357	990	90	90	4225488
521	357	990	90	90	4225494
523	357	990	90	90	4225500
525	357	990	90	90	4225507
528	358	990	90	90	4225513
530	358	990	90	90	4225519
534	358	990	90	90	4225525
538	358	986	90	90	4225532
542	359	986	90	90	4225538
547	359	986	90	90	4225544
553	360	990	90	90	4225550
559	360	990	90	90	4225557
565	361	990	90	90	4225563
572	361	990	90	90	4225569
579	362	990	90	90	4225575
587	362	990	90	90	4225582
595	363	986	90	90	4225588
604	363	986	90	90	4225594
613	364	986	90	90	4225600
622	364	982	90	90	4225607
631	365	982	90	90	4225613
640	365	978	90	90	4225619
650	366	974	90	90	4225625
659	366	974	90	90	4225632
669	366	970	90	90	4225638
678	366	970	90	90	4225644
688	367	970	90	90	4225650
698	367	970	90	90	4225657
707	367	970	90	90	4225663
716	368	970	90	90	4225669
726	368	970	90	90	4225675
735	368	966	90	90	4225682
743	369	970	90	90	4225688
752	369	970	90	90	4225694
761	369	970	90	90	4225700
768	369	970	90	90	4225707
776	369	970	90	90	4225713
783	369	970	90	90	4225719
790	369	974	90	90	4225725
797	369	974	90	90	4225732
803	369	978	90	90	4225738
808	369	982	90	90	4225744
813	369	986	90	90	4225750
819	369	990	90	90	4225757
823	369	990	90	90	4225763
827	369	986	90	90	4225769
830	369	978	90	90	4225775
833	370	962	90	90	4225782
835	370	934	90	90	4225788
836	370	837	90	90	4225800
837	372	541	90	90	4225813
836	373	285	90	90	4225819
834	375	54	90	90	4225832
34
583	523	116	90	90	4226407
583	524	464	90	90	4226425
583	522	668	90	90	4226432
583	521	704	90	90	4226438
583	519	745	90	90	4226444
582	516	773	90	90	4226450
582	513	797	90	90	4226457
582	509	821	90	90	4226463
581	503	837	90	90	4226469
581	497	853	90	90	4226475
581	491	861	90	90	4226482
581	483	865	90	90	4226488
582	476	869	90	90	4226494
582	469	869	90	90	4226500
582	461	869	90	90	4226507
583	454	869	90	90	4226513
583	447	869	90	90	4226519
584	441	869	90	90	4226525
584	435	869	90	90	4226532
584	430	869	90	90	4226538
584	426	873	90	90	4226544
584	422	878	90	90	4226550
584	418	882	90	90	4226557
584	415	882	90	90	4226563
584	412	886	90	90	4226569
584	410	890	90	90	4226575
584	408	894	90	90	4226582
584	407	894	90	90	4226588
584	406	894	90	90	4226600
584	405	879	90	90	4226625
585	404	816	90	90	4226650
586	404	594	90	90	4226669
586	405	235	90	90	4226682
586	407	6	90	90	4226694
47
583	472	582	90	90	4227219
584	472	892	90	90	4227232
585	472	906	90	90	4227238
587	472	914	90	90	4227244
588	472	922	90	90	4227250
590	472	926	90	90	4227257
592	472	934	90	90	4227263
594	472	938	90	90	4227269
597	472	942	90	90	4227275
601	473	950	90	90	4227282
604	473	954	90	90	4227288
609	473	962	90	90	4227294
614	474	966	90	90	4227300
619	475	970	90	90	4227307
625	476	974	90	90	4227313
632	477	978	90	90	4227319
639	477	982	90	90	4227325
647	478	982	90	90	4227332
654	479	982	90	90	4227338
662	480	986	90	90	4227344
670	481	990	90	90	4227350
679	481	990	90	90	4227357
687	482	994	90	90	4227363
696	483	1002	90	90	4227369
705	483	1006	90	90	4227375
714	484	1010	90	90	4227382
724	484	1014	90	90	4227388
734	485	1023	90	90	4227394
744	486	1023	90	90	4227400
754	487	1023	90	90	4227407
765	488	1023	90	90	4227413
775	489	1023	90	90	4227419
785	490	1023	90	90	4227425
794	491	1023	90	90	4227432
803	491	1023	90	90	4227438
812	492	1023	90	90	4227444
820	492	1023	90	90	4227450
827	492	1023	90	90	4227457
833	492	1023	90	90	4227463
838	493	1010	90	90	4227469
844	493	994	90	90	4227475
848	493	962	90	90	4227482
852	493	837	90	90	4227488
855	493	672	90	90	4227494
857	493	499	90	90	4227500
859	493	310	90	90	4227507
860	493	60	90	90	4227519
1
288	401	309	90	90	4228444
