3
1
551	495	0	90	90	2250927
226
631	579	124	90	90	2251639
632	579	442	90	90	2251664
632	577	636	90	90	2251677
631	576	648	90	90	2251683
630	575	656	90	90	2251689
630	573	664	90	90	2251696
629	572	672	90	90	2251702
628	570	676	90	90	2251708
627	567	680	90	90	2251714
625	565	684	90	90	2251721
623	562	684	90	90	2251727
621	559	688	90	90	2251733
618	555	688	90	90	2251739
615	551	692	90	90	2251746
611	547	700	90	90	2251752
608	543	708	90	90	2251758
604	538	724	90	90	2251764
599	533	737	90	90	2251771
595	528	749	90	90	2251777
590	523	761	90	90	2251783
585	517	777	90	90	2251789
580	512	789	90	90	2251796
574	507	801	90	90	2251802
569	501	809	90	90	2251808
564	496	821	90	90	2251814
559	490	829	90	90	2251821
554	485	837	90	90	2251827
549	479	845	90	90	2251833
544	474	853	90	90	2251839
540	469	861	90	90	2251846
535	464	865	90	90	2251852
531	459	869	90	90	2251858
527	455	869	90	90	2251864
523	450	873	90	90	2251871
519	446	878	90	90	2251877
515	442	878	90	90	2251883
512	439	882	90	90	2251889
509	436	882	90	90	2251896
506	433	886	90	90	2251902
504	430	890	90	90	2251908
502	427	894	90	90	2251914
500	425	894	90	90	2251921
498	423	898	90	90	2251927
497	421	898	90	90	2251933
495	420	902	90	90	2251939
494	418	902	90	90	2251946
493	417	906	90	90	2251952
493	416	906	90	90	2251958
492	415	908	90	90	2251971
491	414	910	90	90	2251989
491	413	909	90	90	2252033
491	412	912	90	90	2252127
492	412	918	90	90	2252152
493	411	918	90	90	2252164
494	411	918	90	90	2252177
496	411	918	90	90	2252183
497	411	918	90	90	2252189
498	412	918	90	90	2252196
499	412	918	90	90	2252202
501	412	918	90	90	2252208
503	412	918	90	90	2252214
506	413	918	90	90	2252221
509	413	918	90	90	2252227
512	413	918	90	90	2252233
516	414	918	90	90	2252239
520	414	922	90	90	2252246
524	415	922	90	90	2252252
528	415	922	90	90	2252258
533	415	922	90	90	2252264
537	416	922	90	90	2252271
542	416	922	90	90	2252277
547	417	922	90	90	2252283
552	417	922	90	90	2252289
557	417	922	90	90	2252296
562	418	922	90	90	2252302
567	418	922	90	90	2252308
573	418	922	90	90	2252314
579	419	922	90	90	2252321
584	419	922	90	90	2252327
590	419	922	90	90	2252333
596	420	922	90	90	2252339
601	420	922	90	90	2252346
607	420	922	90	90	2252352
613	420	922	90	90	2252358
619	420	926	90	90	2252364
624	420	926	90	90	2252371
630	420	926	90	90	2252377
636	420	926	90	90	2252383
641	420	926	90	90	2252389
647	420	926	90	90	2252396
652	420	926	90	90	2252402
657	420	926	90	90	2252408
663	420	926	90	90	2252414
667	421	926	90	90	2252421
672	421	926	90	90	2252427
677	421	926	90	90	2252433
681	421	926	90	90	2252439
685	421	926	90	90	2252446
689	421	930	90	90	2252452
693	421	930	90	90	2252458
696	422	930	90	90	2252464
700	422	930	90	90	2252471
703	422	930	90	90	2252477
706	422	930	90	90	2252483
708	422	930	90	90	2252489
711	421	930	90	90	2252496
713	421	930	90	90	2252502
716	421	930	90	90	2252508
718	422	930	90	90	2252514
720	422	930	90	90	2252521
722	422	930	90	90	2252527
724	422	930	90	90	2252533
726	422	930	90	90	2252539
728	422	930	90	90	2252546
729	422	930	90	90	2252552
731	423	930	90	90	2252558
732	423	930	90	90	2252564
733	423	930	90	90	2252571
735	423	930	90	90	2252583
736	423	934	90	90	2252596
738	423	934	90	90	2252608
739	423	934	90	90	2252646
740	423	935	90	90	2252721
740	424	934	90	90	2252739
740	425	934	90	90	2252752
740	426	934	90	90	2252764
740	427	934	90	90	2252771
740	428	934	90	90	2252777
740	429	934	90	90	2252783
739	430	934	90	90	2252789
739	431	934	90	90	2252796
738	432	934	90	90	2252802
738	434	934	90	90	2252808
738	435	934	90	90	2252814
737	437	938	90	90	2252821
736	439	938	90	90	2252827
736	440	938	90	90	2252833
735	442	938	90	90	2252839
734	444	938	90	90	2252846
733	445	938	90	90	2252852
732	447	938	90	90	2252858
731	449	938	90	90	2252864
730	450	938	90	90	2252871
729	452	938	90	90	2252877
727	454	938	90	90	2252883
726	456	934	90	90	2252889
724	458	934	90	90	2252896
723	460	938	90	90	2252902
721	462	938	90	90	2252908
720	464	938	90	90	2252914
718	466	938	90	90	2252921
716	469	942	90	90	2252927
715	471	942	90	90	2252933
713	473	942	90	90	2252939
712	475	946	90	90	2252946
710	477	946	90	90	2252952
709	479	946	90	90	2252958
707	481	946	90	90	2252964
706	483	950	90	90	2252971
704	485	950	90	90	2252977
703	487	950	90	90	2252983
701	489	950	90	90	2252989
700	492	954	90	90	2252996
698	494	954	90	90	2253002
697	496	954	90	90	2253008
695	498	954	90	90	2253014
693	500	954	90	90	2253021
692	502	954	90	90	2253027
691	505	954	90	90	2253033
689	507	954	90	90	2253039
688	510	954	90	90	2253046
686	512	958	90	90	2253052
685	515	958	90	90	2253058
684	518	958	90	90	2253064
683	520	962	90	90	2253071
681	523	962	90	90	2253077
680	526	962	90	90	2253083
678	528	962	90	90	2253089
677	531	962	90	90	2253096
675	533	962	90	90	2253102
674	536	962	90	90	2253108
672	538	962	90	90	2253114
670	541	962	90	90	2253121
669	543	962	90	90	2253127
667	545	966	90	90	2253133
665	547	966	90	90	2253139
664	549	966	90	90	2253146
663	550	966	90	90	2253152
661	552	970	90	90	2253158
660	553	970	90	90	2253164
659	554	970	90	90	2253171
658	556	970	90	90	2253177
657	557	974	90	90	2253183
656	558	974	90	90	2253189
655	559	974	90	90	2253196
654	560	974	90	90	2253202
653	561	978	90	90	2253208
652	562	978	90	90	2253214
651	563	978	90	90	2253227
650	564	978	90	90	2253239
649	565	978	90	90	2253252
648	566	978	90	90	2253271
647	567	978	90	90	2253289
646	568	976	90	90	2253308
646	569	974	90	90	2253327
646	570	978	90	90	2253339
645	571	978	90	90	2253352
644	572	978	90	90	2253364
644	573	978	90	90	2253377
643	574	978	90	90	2253389
642	576	978	90	90	2253402
641	577	980	90	90	2253414
640	579	982	90	90	2253427
639	580	982	90	90	2253439
638	581	982	90	90	2253489
637	582	982	90	90	2253539
636	583	982	90	90	2253571
635	583	982	90	90	2253589
634	583	983	90	90	2253614
633	583	986	90	90	2253633
632	583	986	90	90	2253652
631	583	985	90	90	2253683
630	583	960	90	90	2253721
630	581	771	90	90	2253739
630	580	390	90	90	2253752
630	579	70	90	90	2253764
2
280	400	260	90	90	2255505
279	400	312	90	90	2255549
3
1
490	376	0	90	90	2473077
199
617	587	108	90	90	2473527
615	584	217	90	90	2473533
614	582	338	90	90	2473539
612	580	439	90	90	2473546
610	578	487	90	90	2473552
609	575	527	90	90	2473558
607	572	555	90	90	2473564
605	569	588	90	90	2473571
602	565	616	90	90	2473577
599	561	636	90	90	2473583
596	556	656	90	90	2473589
593	551	676	90	90	2473596
590	546	692	90	90	2473602
586	541	708	90	90	2473608
583	535	724	90	90	2473614
579	529	733	90	90	2473621
574	523	741	90	90	2473627
570	517	745	90	90	2473633
566	511	753	90	90	2473639
562	504	761	90	90	2473646
557	498	769	90	90	2473652
553	492	777	90	90	2473658
548	486	785	90	90	2473664
544	480	793	90	90	2473671
540	474	801	90	90	2473677
536	468	809	90	90	2473683
532	462	813	90	90	2473689
528	457	817	90	90	2473696
525	452	821	90	90	2473702
521	447	825	90	90	2473708
518	442	829	90	90	2473714
515	438	829	90	90	2473721
512	435	833	90	90	2473727
509	431	837	90	90	2473733
507	428	841	90	90	2473739
505	425	849	90	90	2473746
503	423	853	90	90	2473752
502	421	857	90	90	2473758
500	420	861	90	90	2473764
500	419	865	90	90	2473771
499	418	865	90	90	2473777
498	417	869	90	90	2473789
498	416	869	90	90	2473808
498	415	876	90	90	2473914
498	416	900	90	90	2473946
500	416	902	90	90	2473958
501	416	902	90	90	2473971
502	417	902	90	90	2473977
503	417	902	90	90	2473983
504	417	902	90	90	2473989
505	417	906	90	90	2473996
507	417	906	90	90	2474002
509	418	906	90	90	2474008
511	418	906	90	90	2474014
513	418	906	90	90	2474021
516	418	906	90	90	2474027
519	419	906	90	90	2474033
523	419	906	90	90	2474039
527	419	906	90	90	2474046
531	419	906	90	90	2474052
535	420	902	90	90	2474058
540	420	902	90	90	2474064
545	420	902	90	90	2474071
550	420	898	90	90	2474077
555	420	898	90	90	2474083
561	420	898	90	90	2474089
567	420	894	90	90	2474096
573	421	894	90	90	2474102
579	421	894	90	90	2474108
585	421	894	90	90	2474114
591	420	894	90	90	2474121
596	420	898	90	90	2474127
602	420	898	90	90	2474133
608	420	898	90	90	2474139
614	420	898	90	90	2474146
620	419	898	90	90	2474152
625	419	898	90	90	2474158
631	419	898	90	90	2474164
636	419	898	90	90	2474171
641	418	898	90	90	2474177
646	418	898	90	90	2474183
651	418	898	90	90	2474189
657	418	898	90	90	2474196
662	418	898	90	90	2474202
666	418	898	90	90	2474208
671	418	898	90	90	2474214
675	418	898	90	90	2474221
680	418	898	90	90	2474227
684	418	898	90	90	2474233
688	418	898	90	90	2474239
692	418	898	90	90	2474246
695	418	898	90	90	2474252
699	418	898	90	90	2474258
702	418	902	90	90	2474264
705	418	902	90	90	2474271
708	418	902	90	90	2474277
711	417	902	90	90	2474283
714	417	902	90	90	2474289
716	417	902	90	90	2474296
719	417	902	90	90	2474302
721	417	902	90	90	2474308
724	417	902	90	90	2474314
726	417	898	90	90	2474321
728	418	898	90	90	2474327
730	418	898	90	90	2474333
731	418	898	90	90	2474339
733	418	898	90	90	2474346
734	418	898	90	90	2474352
735	418	898	90	90	2474364
736	418	902	90	90	2474383
737	418	902	90	90	2474414
737	419	906	90	90	2474446
736	420	910	90	90	2474471
736	421	910	90	90	2474489
736	422	910	90	90	2474514
736	423	907	90	90	2474533
735	424	906	90	90	2474546
735	426	906	90	90	2474552
735	427	906	90	90	2474558
734	428	906	90	90	2474564
734	429	906	90	90	2474571
733	430	906	90	90	2474577
733	431	906	90	90	2474583
732	433	906	90	90	2474589
731	435	906	90	90	2474596
730	437	906	90	90	2474602
730	439	906	90	90	2474608
728	441	906	90	90	2474614
727	444	902	90	90	2474621
726	446	902	90	90	2474627
724	448	902	90	90	2474633
723	451	898	90	90	2474639
721	453	898	90	90	2474646
719	456	898	90	90	2474652
717	459	898	90	90	2474658
716	462	902	90	90	2474664
714	465	902	90	90	2474671
712	467	902	90	90	2474677
710	470	902	90	90	2474683
709	473	902	90	90	2474689
707	476	902	90	90	2474696
705	479	902	90	90	2474702
703	482	902	90	90	2474708
700	485	902	90	90	2474714
698	488	902	90	90	2474721
696	491	902	90	90	2474727
693	494	902	90	90	2474733
691	497	902	90	90	2474739
688	500	906	90	90	2474746
686	503	906	90	90	2474752
683	506	906	90	90	2474758
681	509	910	90	90	2474764
678	512	910	90	90	2474771
676	515	910	90	90	2474777
673	518	914	90	90	2474783
670	521	914	90	90	2474789
668	524	914	90	90	2474796
665	527	918	90	90	2474802
663	529	918	90	90	2474808
660	532	918	90	90	2474814
658	535	918	90	90	2474821
655	537	922	90	90	2474827
653	539	922	90	90	2474833
651	542	922	90	90	2474839
648	544	926	90	90	2474846
646	546	926	90	90	2474852
644	548	926	90	90	2474858
642	550	930	90	90	2474864
640	552	930	90	90	2474871
638	554	930	90	90	2474877
636	556	934	90	90	2474883
635	557	934	90	90	2474889
633	559	934	90	90	2474896
632	560	934	90	90	2474902
631	561	938	90	90	2474908
630	563	938	90	90	2474914
629	564	938	90	90	2474921
629	565	938	90	90	2474927
628	566	938	90	90	2474933
627	567	938	90	90	2474939
626	568	934	90	90	2474946
626	569	934	90	90	2474958
625	570	934	90	90	2474971
624	571	934	90	90	2474983
623	572	939	90	90	2475008
622	573	942	90	90	2475039
622	574	947	90	90	2475089
622	575	954	90	90	2475127
622	576	957	90	90	2475158
622	577	961	90	90	2475189
621	578	962	90	90	2475208
620	578	962	90	90	2475233
620	579	962	90	90	2475258
619	580	962	90	90	2475283
618	580	960	90	90	2475333
617	581	891	90	90	2475383
616	581	752	90	90	2475414
615	581	376	90	90	2475433
614	581	36	90	90	2475446
4
268	401	172	90	90	2476919
269	401	718	90	90	2476976
270	400	394	90	90	2476988
270	399	70	90	90	2477001
3
1
656	273	0	90	90	2704149
217
655	581	36	90	90	2704705
654	580	223	90	90	2704718
654	579	462	90	90	2704730
652	577	559	90	90	2704736
651	576	567	90	90	2704743
650	575	571	90	90	2704749
649	573	583	90	90	2704755
647	571	592	90	90	2704761
645	568	596	90	90	2704768
642	565	604	90	90	2704774
640	562	616	90	90	2704780
636	558	632	90	90	2704786
633	554	652	90	90	2704793
629	550	672	90	90	2704799
624	546	692	90	90	2704805
620	541	712	90	90	2704811
615	536	745	90	90	2704818
609	531	769	90	90	2704824
604	526	793	90	90	2704830
598	520	809	90	90	2704836
593	515	825	90	90	2704843
587	509	841	90	90	2704849
582	503	849	90	90	2704855
576	497	857	90	90	2704861
570	492	861	90	90	2704868
565	486	865	90	90	2704874
560	481	869	90	90	2704880
555	475	873	90	90	2704886
551	470	878	90	90	2704893
546	465	882	90	90	2704899
541	460	886	90	90	2704905
537	456	890	90	90	2704911
533	452	894	90	90	2704918
530	448	898	90	90	2704924
526	444	902	90	90	2704930
523	441	902	90	90	2704936
521	438	906	90	90	2704943
518	435	910	90	90	2704949
516	432	910	90	90	2704955
514	430	914	90	90	2704961
512	428	914	90	90	2704968
510	426	914	90	90	2704974
509	425	914	90	90	2704980
508	423	918	90	90	2704986
507	422	918	90	90	2704993
506	421	918	90	90	2705005
505	420	918	90	90	2705024
504	420	923	90	90	2705249
505	419	934	90	90	2705268
506	419	934	90	90	2705280
508	419	934	90	90	2705293
509	419	934	90	90	2705299
510	419	934	90	90	2705305
512	419	934	90	90	2705311
513	419	934	90	90	2705318
514	419	934	90	90	2705324
516	419	934	90	90	2705330
518	419	934	90	90	2705336
520	419	934	90	90	2705343
522	419	934	90	90	2705349
524	419	934	90	90	2705355
527	419	934	90	90	2705361
530	419	934	90	90	2705368
534	419	934	90	90	2705374
537	419	934	90	90	2705380
541	419	938	90	90	2705386
545	420	938	90	90	2705393
549	420	938	90	90	2705399
554	420	938	90	90	2705405
558	420	938	90	90	2705411
563	420	938	90	90	2705418
568	421	938	90	90	2705424
573	421	938	90	90	2705430
579	421	938	90	90	2705436
585	421	938	90	90	2705443
591	421	938	90	90	2705449
598	422	938	90	90	2705455
604	422	938	90	90	2705461
611	422	938	90	90	2705468
618	422	938	90	90	2705474
625	423	938	90	90	2705480
632	423	938	90	90	2705486
639	424	938	90	90	2705493
646	424	938	90	90	2705499
653	424	934	90	90	2705505
660	425	934	90	90	2705511
667	425	934	90	90	2705518
674	425	934	90	90	2705524
681	426	930	90	90	2705530
687	426	930	90	90	2705536
694	426	926	90	90	2705543
700	427	926	90	90	2705549
706	427	926	90	90	2705555
712	427	926	90	90	2705561
718	427	922	90	90	2705568
723	427	922	90	90	2705574
727	427	922	90	90	2705580
732	427	922	90	90	2705586
736	428	918	90	90	2705593
740	428	918	90	90	2705599
744	428	918	90	90	2705605
747	428	914	90	90	2705611
750	428	914	90	90	2705618
753	428	914	90	90	2705624
755	427	914	90	90	2705630
757	427	914	90	90	2705636
759	427	914	90	90	2705643
760	427	914	90	90	2705649
762	427	914	90	90	2705668
764	428	918	90	90	2705680
765	428	918	90	90	2705699
766	428	918	90	90	2705736
767	429	918	90	90	2705786
768	429	918	90	90	2705799
769	429	918	90	90	2705811
770	429	918	90	90	2705824
772	429	918	90	90	2705830
773	429	918	90	90	2705843
774	429	918	90	90	2705855
776	428	916	90	90	2705868
777	428	914	90	90	2705880
778	428	914	90	90	2705893
779	428	914	90	90	2705911
780	429	919	90	90	2705980
779	429	922	90	90	2705999
778	431	922	90	90	2706011
777	432	926	90	90	2706024
776	433	926	90	90	2706030
776	434	926	90	90	2706036
775	435	926	90	90	2706043
774	436	926	90	90	2706049
774	438	926	90	90	2706055
773	439	926	90	90	2706061
772	440	926	90	90	2706068
771	442	926	90	90	2706074
771	443	930	90	90	2706080
770	444	930	90	90	2706086
769	446	926	90	90	2706093
768	447	926	90	90	2706099
767	449	926	90	90	2706105
767	450	926	90	90	2706111
766	452	926	90	90	2706118
765	454	926	90	90	2706124
764	456	922	90	90	2706130
763	458	922	90	90	2706136
762	460	926	90	90	2706143
761	462	926	90	90	2706149
760	464	926	90	90	2706155
759	467	926	90	90	2706161
757	469	926	90	90	2706168
756	471	926	90	90	2706174
755	473	930	90	90	2706180
753	475	930	90	90	2706186
752	477	930	90	90	2706193
750	479	930	90	90	2706199
749	481	930	90	90	2706205
747	484	930	90	90	2706211
746	486	930	90	90	2706218
744	488	930	90	90	2706224
742	491	930	90	90	2706230
741	493	934	90	90	2706236
739	495	934	90	90	2706243
738	497	934	90	90	2706249
736	500	934	90	90	2706255
735	502	934	90	90	2706261
734	504	934	90	90	2706268
732	506	934	90	90	2706274
731	508	934	90	90	2706280
729	511	934	90	90	2706286
727	513	934	90	90	2706293
726	515	938	90	90	2706299
724	517	938	90	90	2706305
722	519	938	90	90	2706311
721	522	938	90	90	2706318
719	524	942	90	90	2706324
717	526	942	90	90	2706330
716	528	942	90	90	2706336
714	530	942	90	90	2706343
712	531	942	90	90	2706349
711	533	942	90	90	2706355
709	535	946	90	90	2706361
707	537	946	90	90	2706368
705	540	946	90	90	2706374
703	542	946	90	90	2706380
701	544	950	90	90	2706386
699	546	950	90	90	2706393
697	547	950	90	90	2706399
695	549	950	90	90	2706405
693	551	954	90	90	2706411
691	553	954	90	90	2706418
690	554	954	90	90	2706424
688	556	954	90	90	2706430
686	557	954	90	90	2706436
685	559	958	90	90	2706443
683	560	958	90	90	2706449
682	561	958	90	90	2706455
680	563	958	90	90	2706461
679	564	962	90	90	2706468
678	565	962	90	90	2706474
677	567	962	90	90	2706480
675	568	962	90	90	2706486
674	569	962	90	90	2706493
673	570	962	90	90	2706499
672	570	962	90	90	2706505
670	571	962	90	90	2706511
669	572	962	90	90	2706518
668	572	962	90	90	2706524
668	573	966	90	90	2706536
666	574	966	90	90	2706549
665	575	966	90	90	2706599
664	576	966	90	90	2706636
663	577	966	90	90	2706655
662	577	966	90	90	2706674
660	578	966	90	90	2706693
659	579	966	90	90	2706705
658	579	880	90	90	2706830
657	579	85	90	90	2706849
4
268	403	161	90	90	2708435
268	402	388	90	90	2708448
268	400	541	90	90	2708460
268	399	221	90	90	2708485
3
1
635	384	0	90	90	2912943
219
616	611	8	90	90	2913424
616	610	168	90	90	2913436
617	609	364	90	90	2913449
617	608	521	90	90	2913461
616	607	608	90	90	2913468
615	606	644	90	90	2913474
614	605	672	90	90	2913480
613	603	696	90	90	2913486
612	601	708	90	90	2913493
610	599	720	90	90	2913499
608	596	728	90	90	2913505
605	593	737	90	90	2913511
602	589	749	90	90	2913518
599	585	761	90	90	2913524
595	580	777	90	90	2913530
591	576	793	90	90	2913536
587	571	813	90	90	2913543
582	565	833	90	90	2913549
577	560	849	90	90	2913555
573	554	865	90	90	2913561
568	548	873	90	90	2913568
563	541	886	90	90	2913574
558	535	890	90	90	2913580
553	528	898	90	90	2913586
548	522	906	90	90	2913593
543	515	910	90	90	2913599
538	509	918	90	90	2913605
533	502	926	90	90	2913611
529	496	934	90	90	2913618
524	490	938	90	90	2913624
519	485	946	90	90	2913630
515	480	946	90	90	2913636
511	474	950	90	90	2913643
506	470	954	90	90	2913649
503	465	954	90	90	2913655
499	461	958	90	90	2913661
495	457	958	90	90	2913668
492	454	958	90	90	2913674
489	451	962	90	90	2913680
487	448	962	90	90	2913686
484	446	966	90	90	2913693
482	444	966	90	90	2913699
481	442	970	90	90	2913705
479	441	970	90	90	2913711
478	440	970	90	90	2913718
477	439	970	90	90	2913724
476	438	974	90	90	2913736
475	436	974	90	90	2913780
476	437	974	90	90	2913799
477	437	977	90	90	2913849
478	438	978	90	90	2913874
479	438	978	90	90	2913886
480	438	974	90	90	2913899
482	438	978	90	90	2913905
483	438	978	90	90	2913911
484	438	978	90	90	2913918
486	438	978	90	90	2913924
488	439	978	90	90	2913930
490	439	978	90	90	2913936
492	439	978	90	90	2913943
494	440	974	90	90	2913949
497	440	974	90	90	2913955
500	441	974	90	90	2913961
503	441	974	90	90	2913968
506	442	970	90	90	2913974
509	442	970	90	90	2913980
513	443	966	90	90	2913986
517	443	962	90	90	2913993
521	444	958	90	90	2913999
526	445	954	90	90	2914005
530	445	950	90	90	2914011
535	446	946	90	90	2914018
540	447	942	90	90	2914024
545	448	938	90	90	2914030
550	449	934	90	90	2914036
555	450	934	90	90	2914043
561	451	930	90	90	2914049
566	452	930	90	90	2914055
572	452	926	90	90	2914061
578	453	926	90	90	2914068
583	454	922	90	90	2914074
589	455	922	90	90	2914080
596	456	922	90	90	2914086
602	457	918	90	90	2914093
608	458	918	90	90	2914099
615	459	918	90	90	2914105
621	459	918	90	90	2914111
627	460	918	90	90	2914118
634	461	918	90	90	2914124
640	462	918	90	90	2914130
646	462	918	90	90	2914136
652	463	922	90	90	2914143
658	463	922	90	90	2914149
664	464	922	90	90	2914155
670	464	922	90	90	2914161
675	465	922	90	90	2914168
681	465	918	90	90	2914174
686	466	918	90	90	2914180
691	466	918	90	90	2914186
696	466	918	90	90	2914193
701	466	918	90	90	2914199
705	466	914	90	90	2914205
710	466	914	90	90	2914211
714	466	910	90	90	2914218
718	466	910	90	90	2914224
722	466	906	90	90	2914230
725	466	906	90	90	2914236
728	466	902	90	90	2914243
731	465	902	90	90	2914249
734	465	898	90	90	2914255
737	465	898	90	90	2914261
739	464	894	90	90	2914268
741	464	894	90	90	2914274
743	464	890	90	90	2914280
745	464	886	90	90	2914286
747	463	886	90	90	2914293
748	463	886	90	90	2914299
749	463	882	90	90	2914305
750	463	882	90	90	2914311
751	463	878	90	90	2914324
752	463	873	90	90	2914361
753	463	878	90	90	2914386
753	464	880	90	90	2914411
754	465	879	90	90	2914436
754	466	878	90	90	2914486
755	467	882	90	90	2914511
755	468	882	90	90	2914524
754	469	882	90	90	2914536
754	470	882	90	90	2914549
753	471	882	90	90	2914555
752	472	886	90	90	2914561
752	473	886	90	90	2914568
751	474	886	90	90	2914574
751	475	886	90	90	2914580
750	477	882	90	90	2914586
749	478	882	90	90	2914593
748	480	882	90	90	2914599
747	481	882	90	90	2914605
745	483	882	90	90	2914611
744	485	882	90	90	2914618
743	487	886	90	90	2914624
741	489	886	90	90	2914630
740	491	886	90	90	2914636
739	494	890	90	90	2914643
737	496	890	90	90	2914649
736	498	890	90	90	2914655
735	500	890	90	90	2914661
733	502	890	90	90	2914668
731	504	890	90	90	2914674
730	507	890	90	90	2914680
728	509	894	90	90	2914686
726	512	894	90	90	2914693
724	514	894	90	90	2914699
722	517	898	90	90	2914705
720	520	902	90	90	2914711
718	522	902	90	90	2914718
716	525	906	90	90	2914724
714	527	906	90	90	2914730
712	530	910	90	90	2914736
709	532	910	90	90	2914743
707	535	914	90	90	2914749
705	538	914	90	90	2914755
703	540	914	90	90	2914761
700	543	918	90	90	2914768
698	546	918	90	90	2914774
696	548	922	90	90	2914780
693	551	926	90	90	2914786
691	554	926	90	90	2914793
688	556	930	90	90	2914799
686	558	930	90	90	2914805
683	561	934	90	90	2914811
681	563	934	90	90	2914818
679	566	934	90	90	2914824
676	568	938	90	90	2914830
674	570	938	90	90	2914836
672	573	942	90	90	2914843
669	575	942	90	90	2914849
667	577	946	90	90	2914855
665	579	946	90	90	2914861
662	581	950	90	90	2914868
660	582	950	90	90	2914874
659	584	954	90	90	2914880
657	586	954	90	90	2914886
655	587	958	90	90	2914893
653	589	958	90	90	2914899
651	590	962	90	90	2914905
650	592	962	90	90	2914911
648	593	962	90	90	2914918
646	595	966	90	90	2914924
644	596	966	90	90	2914930
642	597	970	90	90	2914936
641	598	970	90	90	2914943
639	599	970	90	90	2914949
637	600	974	90	90	2914955
636	601	974	90	90	2914961
635	602	974	90	90	2914968
633	602	978	90	90	2914974
632	603	978	90	90	2914980
631	604	982	90	90	2914986
629	604	982	90	90	2914993
628	605	982	90	90	2914999
627	605	986	90	90	2915005
626	606	986	90	90	2915011
625	606	986	90	90	2915018
624	607	986	90	90	2915024
622	607	986	90	90	2915030
621	608	986	90	90	2915036
620	608	982	90	90	2915043
619	609	982	90	90	2915049
618	609	982	90	90	2915055
617	610	982	90	90	2915061
616	610	982	90	90	2915068
615	610	982	90	90	2915080
614	611	982	90	90	2915093
613	611	982	90	90	2915111
612	612	972	90	90	2915161
612	611	914	90	90	2915186
613	610	744	90	90	2915205
614	609	184	90	90	2915236
12
255	401	124	90	90	2916948
257	401	306	90	90	2916954
258	400	487	90	90	2916960
258	400	652	90	90	2916966
258	400	805	90	90	2916973
258	399	946	90	90	2916979
258	399	922	90	90	2916985
258	398	769	90	90	2916991
258	398	608	90	90	2916998
256	397	430	90	90	2917004
256	397	253	90	90	2917010
255	396	64	90	90	2917016
3
1
649	425	0	90	90	3121283
204
664	604	287	90	90	3121895
664	603	515	90	90	3121901
663	601	559	90	90	3121908
663	600	600	90	90	3121914
662	598	632	90	90	3121920
661	595	660	90	90	3121926
660	593	684	90	90	3121933
659	589	700	90	90	3121939
657	586	712	90	90	3121945
655	581	728	90	90	3121951
653	577	733	90	90	3121958
650	572	741	90	90	3121964
647	566	745	90	90	3121970
643	560	749	90	90	3121976
639	554	753	90	90	3121983
635	548	757	90	90	3121989
630	541	761	90	90	3121995
625	534	765	90	90	3122001
620	527	769	90	90	3122008
615	520	777	90	90	3122014
609	513	781	90	90	3122020
604	506	789	90	90	3122026
598	498	797	90	90	3122033
592	491	805	90	90	3122039
587	483	809	90	90	3122045
581	476	817	90	90	3122051
575	468	825	90	90	3122058
569	460	833	90	90	3122064
564	453	841	90	90	3122070
558	446	849	90	90	3122076
553	439	853	90	90	3122083
548	432	861	90	90	3122089
543	426	865	90	90	3122095
539	420	873	90	90	3122101
535	415	878	90	90	3122108
532	411	882	90	90	3122114
529	406	886	90	90	3122120
526	402	886	90	90	3122126
524	399	890	90	90	3122133
522	396	890	90	90	3122139
521	393	894	90	90	3122145
520	390	894	90	90	3122151
519	388	894	90	90	3122158
518	386	898	90	90	3122164
517	384	894	90	90	3122170
517	382	894	90	90	3122176
517	381	894	90	90	3122183
517	380	892	90	90	3122195
517	379	885	90	90	3122358
517	378	882	90	90	3122376
519	378	882	90	90	3122389
520	377	886	90	90	3122401
521	377	886	90	90	3122408
522	377	886	90	90	3122414
524	377	890	90	90	3122420
525	377	890	90	90	3122426
527	377	890	90	90	3122433
529	377	890	90	90	3122439
531	377	890	90	90	3122445
534	378	890	90	90	3122451
537	378	890	90	90	3122458
540	378	894	90	90	3122464
544	379	894	90	90	3122470
549	379	894	90	90	3122476
553	380	894	90	90	3122483
559	381	894	90	90	3122489
564	381	894	90	90	3122495
570	382	894	90	90	3122501
576	382	894	90	90	3122508
583	383	894	90	90	3122514
590	383	890	90	90	3122520
596	383	886	90	90	3122526
603	384	886	90	90	3122533
610	384	882	90	90	3122539
618	384	882	90	90	3122545
625	384	878	90	90	3122551
632	384	878	90	90	3122558
639	384	878	90	90	3122564
646	385	878	90	90	3122570
652	385	878	90	90	3122576
659	385	878	90	90	3122583
666	385	878	90	90	3122589
672	386	878	90	90	3122595
679	386	878	90	90	3122601
685	386	878	90	90	3122608
692	387	878	90	90	3122614
698	387	878	90	90	3122620
704	387	882	90	90	3122626
710	387	882	90	90	3122633
715	387	882	90	90	3122639
721	388	882	90	90	3122645
726	388	882	90	90	3122651
731	388	882	90	90	3122658
735	388	882	90	90	3122664
740	389	882	90	90	3122670
744	389	882	90	90	3122676
748	389	882	90	90	3122683
751	389	882	90	90	3122689
754	389	882	90	90	3122695
758	390	882	90	90	3122701
760	390	886	90	90	3122708
763	390	886	90	90	3122714
765	390	886	90	90	3122720
767	390	886	90	90	3122726
768	390	886	90	90	3122733
770	390	886	90	90	3122739
771	390	886	90	90	3122745
773	390	886	90	90	3122751
774	390	886	90	90	3122758
775	391	886	90	90	3122770
776	391	886	90	90	3122783
777	391	886	90	90	3122814
778	391	886	90	90	3122839
779	391	888	90	90	3122883
781	392	891	90	90	3122920
781	393	894	90	90	3122933
781	394	894	90	90	3122945
781	395	894	90	90	3122951
781	396	894	90	90	3122958
780	397	894	90	90	3122964
780	398	894	90	90	3122970
779	399	894	90	90	3122976
779	401	894	90	90	3122983
778	402	894	90	90	3122989
777	404	894	90	90	3122995
776	406	894	90	90	3123001
775	408	894	90	90	3123008
774	411	894	90	90	3123014
773	413	894	90	90	3123020
771	416	894	90	90	3123026
770	418	894	90	90	3123033
769	421	894	90	90	3123039
768	424	894	90	90	3123045
766	427	894	90	90	3123051
765	430	894	90	90	3123058
763	433	894	90	90	3123064
761	437	890	90	90	3123070
759	440	890	90	90	3123076
757	444	890	90	90	3123083
755	448	890	90	90	3123089
753	452	890	90	90	3123095
750	456	890	90	90	3123101
748	459	890	90	90	3123108
745	463	890	90	90	3123114
743	467	894	90	90	3123120
741	471	894	90	90	3123126
739	476	894	90	90	3123133
736	480	898	90	90	3123139
734	484	898	90	90	3123145
732	488	898	90	90	3123151
729	492	898	90	90	3123158
727	496	898	90	90	3123164
724	500	902	90	90	3123170
722	504	902	90	90	3123176
719	508	902	90	90	3123183
717	512	902	90	90	3123189
715	516	902	90	90	3123195
713	520	906	90	90	3123201
711	523	906	90	90	3123208
709	527	906	90	90	3123214
707	531	910	90	90	3123220
705	534	910	90	90	3123226
703	538	910	90	90	3123233
701	541	914	90	90	3123239
699	544	914	90	90	3123245
696	547	914	90	90	3123251
694	550	918	90	90	3123258
692	553	918	90	90	3123264
691	556	918	90	90	3123270
689	559	922	90	90	3123276
687	561	922	90	90	3123283
686	564	926	90	90	3123289
684	567	926	90	90	3123295
683	569	926	90	90	3123301
682	572	930	90	90	3123308
681	574	930	90	90	3123314
680	576	934	90	90	3123320
679	577	934	90	90	3123326
678	579	938	90	90	3123333
677	580	938	90	90	3123339
675	581	938	90	90	3123345
674	582	938	90	90	3123351
673	583	942	90	90	3123358
672	584	942	90	90	3123364
671	585	942	90	90	3123370
670	586	942	90	90	3123383
669	587	942	90	90	3123395
668	589	942	90	90	3123414
667	591	942	90	90	3123420
667	592	942	90	90	3123426
667	593	942	90	90	3123439
667	594	942	90	90	3123451
667	596	942	90	90	3123458
667	597	942	90	90	3123470
666	598	942	90	90	3123476
666	599	942	90	90	3123483
666	600	942	90	90	3123489
666	601	942	90	90	3123495
665	602	942	90	90	3123508
665	603	942	90	90	3123520
664	604	937	90	90	3123545
664	605	872	90	90	3123583
665	604	539	90	90	3123601
665	603	99	90	90	3123620
3
269	396	543	90	90	3124489
269	395	356	90	90	3124508
270	394	12	90	90	3124520
3
1
602	387	0	90	90	3371098
181
683	580	57	90	90	3371554
684	580	504	90	90	3371617
683	579	733	90	90	3371623
683	578	745	90	90	3371629
682	577	753	90	90	3371635
682	576	757	90	90	3371642
681	574	761	90	90	3371648
680	571	761	90	90	3371654
678	569	761	90	90	3371660
676	566	761	90	90	3371667
674	563	765	90	90	3371673
672	559	765	90	90	3371679
669	555	765	90	90	3371685
666	551	765	90	90	3371692
662	547	769	90	90	3371698
659	542	773	90	90	3371704
655	537	777	90	90	3371710
651	532	785	90	90	3371717
647	527	793	90	90	3371723
643	521	805	90	90	3371729
639	516	817	90	90	3371735
634	511	829	90	90	3371742
630	505	841	90	90	3371748
625	499	853	90	90	3371754
621	494	865	90	90	3371760
616	488	878	90	90	3371767
612	483	886	90	90	3371773
608	478	894	90	90	3371779
603	472	902	90	90	3371785
599	467	910	90	90	3371792
595	463	914	90	90	3371798
592	458	922	90	90	3371804
589	454	926	90	90	3371810
586	450	930	90	90	3371817
583	446	934	90	90	3371823
581	443	938	90	90	3371829
579	440	938	90	90	3371835
577	437	938	90	90	3371842
576	435	938	90	90	3371848
575	433	934	90	90	3371854
574	431	934	90	90	3371860
573	429	934	90	90	3371867
572	427	934	90	90	3371873
572	426	934	90	90	3371879
571	425	934	90	90	3371885
571	424	930	90	90	3371898
570	423	917	90	90	3371967
571	424	909	90	90	3372104
572	423	910	90	90	3372135
573	422	910	90	90	3372148
574	422	912	90	90	3372160
575	422	914	90	90	3372167
576	422	914	90	90	3372173
577	422	914	90	90	3372179
578	423	914	90	90	3372185
579	423	914	90	90	3372192
581	423	914	90	90	3372198
582	423	914	90	90	3372204
584	423	914	90	90	3372210
586	424	914	90	90	3372217
589	424	918	90	90	3372223
592	424	918	90	90	3372229
595	425	922	90	90	3372235
598	425	922	90	90	3372242
602	426	922	90	90	3372248
607	426	926	90	90	3372254
612	427	926	90	90	3372260
617	427	926	90	90	3372267
622	428	926	90	90	3372273
628	429	926	90	90	3372279
634	429	926	90	90	3372285
640	430	930	90	90	3372292
647	431	930	90	90	3372298
653	431	930	90	90	3372304
660	432	930	90	90	3372310
667	433	930	90	90	3372317
674	433	930	90	90	3372323
681	434	930	90	90	3372329
688	434	934	90	90	3372335
695	435	934	90	90	3372342
702	436	934	90	90	3372348
709	436	930	90	90	3372354
716	437	930	90	90	3372360
723	437	930	90	90	3372367
730	438	930	90	90	3372373
737	438	930	90	90	3372379
743	438	930	90	90	3372385
750	439	930	90	90	3372392
756	439	930	90	90	3372398
763	439	930	90	90	3372404
768	439	930	90	90	3372410
774	439	930	90	90	3372417
779	439	930	90	90	3372423
784	439	930	90	90	3372429
789	439	930	90	90	3372435
793	439	930	90	90	3372442
797	439	930	90	90	3372448
800	439	930	90	90	3372454
803	438	930	90	90	3372460
806	438	930	90	90	3372467
808	438	930	90	90	3372473
810	437	930	90	90	3372479
812	437	930	90	90	3372485
813	437	930	90	90	3372492
814	436	932	90	90	3372504
815	436	934	90	90	3372592
815	437	933	90	90	3372623
816	438	934	90	90	3372667
816	439	934	90	90	3372692
816	440	938	90	90	3372704
816	441	938	90	90	3372717
816	442	938	90	90	3372729
816	443	938	90	90	3372742
816	444	938	90	90	3372754
815	445	938	90	90	3372767
815	446	938	90	90	3372779
814	448	938	90	90	3372785
813	448	938	90	90	3372792
812	449	938	90	90	3372798
812	450	938	90	90	3372804
811	452	938	90	90	3372810
810	453	934	90	90	3372817
809	455	934	90	90	3372823
808	456	934	90	90	3372829
806	458	938	90	90	3372835
805	461	938	90	90	3372842
804	463	938	90	90	3372848
802	466	938	90	90	3372854
800	468	942	90	90	3372860
798	471	942	90	90	3372867
796	474	942	90	90	3372873
794	477	942	90	90	3372879
792	480	946	90	90	3372885
790	483	946	90	90	3372892
788	487	946	90	90	3372898
785	490	950	90	90	3372904
783	493	950	90	90	3372910
780	497	950	90	90	3372917
777	500	950	90	90	3372923
774	504	954	90	90	3372929
771	507	954	90	90	3372935
767	511	954	90	90	3372942
764	514	954	90	90	3372948
761	518	954	90	90	3372954
758	521	958	90	90	3372960
754	524	958	90	90	3372967
751	528	958	90	90	3372973
748	531	958	90	90	3372979
744	534	958	90	90	3372985
741	537	962	90	90	3372992
737	540	962	90	90	3372998
734	543	962	90	90	3373004
731	545	962	90	90	3373010
728	548	962	90	90	3373017
724	550	962	90	90	3373023
721	553	966	90	90	3373029
718	555	966	90	90	3373035
714	557	966	90	90	3373042
711	559	970	90	90	3373048
708	561	970	90	90	3373054
705	564	974	90	90	3373060
702	566	974	90	90	3373067
699	568	974	90	90	3373073
696	569	978	90	90	3373079
693	571	978	90	90	3373085
691	573	978	90	90	3373092
688	574	978	90	90	3373098
686	576	982	90	90	3373104
684	577	982	90	90	3373110
682	578	982	90	90	3373117
680	579	986	90	90	3373123
678	580	986	90	90	3373129
677	580	986	90	90	3373135
675	581	986	90	90	3373142
674	582	990	90	90	3373148
673	582	990	90	90	3373154
672	583	988	90	90	3373167
671	583	982	90	90	3373185
670	584	875	90	90	3373217
671	584	354	90	90	3373235
672	584	2	90	90	3373248
4
263	400	88	90	90	3375382
264	400	590	90	90	3375413
264	399	701	90	90	3375432
263	399	155	90	90	3375457
3
1
706	506	0	90	90	3621624
211
684	572	56	90	90	3622393
684	571	161	90	90	3622399
683	569	277	90	90	3622405
683	568	390	90	90	3622412
682	567	467	90	90	3622418
681	566	511	90	90	3622424
680	564	539	90	90	3622430
679	563	567	90	90	3622437
678	561	600	90	90	3622443
676	559	632	90	90	3622449
674	556	656	90	90	3622455
672	554	676	90	90	3622462
669	551	688	90	90	3622468
667	547	700	90	90	3622474
663	544	712	90	90	3622480
660	540	728	90	90	3622487
656	535	737	90	90	3622493
652	531	749	90	90	3622499
648	526	761	90	90	3622505
644	521	773	90	90	3622512
639	516	789	90	90	3622518
635	511	801	90	90	3622524
631	506	813	90	90	3622530
626	501	821	90	90	3622537
622	496	829	90	90	3622543
617	491	837	90	90	3622549
613	487	841	90	90	3622555
608	482	849	90	90	3622562
604	478	857	90	90	3622568
599	473	865	90	90	3622574
595	469	873	90	90	3622580
591	465	882	90	90	3622587
587	462	890	90	90	3622593
583	458	898	90	90	3622599
580	455	906	90	90	3622605
576	452	910	90	90	3622612
573	450	918	90	90	3622618
571	448	922	90	90	3622624
568	446	926	90	90	3622630
566	444	930	90	90	3622637
564	442	934	90	90	3622643
562	441	938	90	90	3622649
560	440	942	90	90	3622655
559	439	942	90	90	3622662
558	438	946	90	90	3622674
556	437	952	90	90	3622705
556	436	956	90	90	3622812
556	435	964	90	90	3622843
556	434	968	90	90	3622887
557	434	972	90	90	3622930
558	434	976	90	90	3622955
559	434	978	90	90	3622974
560	434	982	90	90	3622993
561	434	982	90	90	3623005
562	434	982	90	90	3623018
563	433	982	90	90	3623030
564	433	982	90	90	3623043
565	433	982	90	90	3623049
566	432	982	90	90	3623055
567	432	982	90	90	3623062
568	432	978	90	90	3623068
569	432	978	90	90	3623074
570	432	978	90	90	3623080
572	431	978	90	90	3623087
573	431	978	90	90	3623093
575	431	978	90	90	3623099
577	431	978	90	90	3623105
579	431	978	90	90	3623112
582	431	978	90	90	3623118
585	431	974	90	90	3623124
588	431	978	90	90	3623130
592	431	978	90	90	3623137
596	431	978	90	90	3623143
600	431	978	90	90	3623149
605	431	978	90	90	3623155
611	431	978	90	90	3623162
616	431	978	90	90	3623168
622	431	978	90	90	3623174
629	431	978	90	90	3623180
636	431	978	90	90	3623187
642	431	978	90	90	3623193
650	432	978	90	90	3623199
657	432	978	90	90	3623205
664	432	978	90	90	3623212
671	432	978	90	90	3623218
679	432	974	90	90	3623224
686	432	974	90	90	3623230
693	433	974	90	90	3623237
701	433	970	90	90	3623243
708	433	970	90	90	3623249
715	433	966	90	90	3623255
721	433	966	90	90	3623262
728	433	962	90	90	3623268
734	433	958	90	90	3623274
740	433	958	90	90	3623280
746	433	954	90	90	3623287
751	433	954	90	90	3623293
756	433	950	90	90	3623299
760	434	950	90	90	3623305
765	434	950	90	90	3623312
769	434	946	90	90	3623318
772	434	946	90	90	3623324
775	435	946	90	90	3623330
777	435	946	90	90	3623337
780	435	946	90	90	3623343
781	435	946	90	90	3623349
783	435	946	90	90	3623355
784	435	946	90	90	3623362
785	435	948	90	90	3623374
786	435	954	90	90	3623430
787	436	958	90	90	3623455
788	436	958	90	90	3623474
789	436	958	90	90	3623487
790	435	962	90	90	3623499
791	435	962	90	90	3623512
792	435	963	90	90	3623649
793	436	966	90	90	3623680
793	437	966	90	90	3623705
793	438	966	90	90	3623724
792	439	966	90	90	3623743
792	440	966	90	90	3623755
792	441	966	90	90	3623768
791	442	966	90	90	3623780
791	443	968	90	90	3623793
790	444	970	90	90	3623805
790	445	970	90	90	3623818
789	447	968	90	90	3623830
788	448	966	90	90	3623837
788	449	966	90	90	3623843
787	450	966	90	90	3623849
787	451	962	90	90	3623855
786	452	962	90	90	3623862
786	453	962	90	90	3623868
785	454	962	90	90	3623874
784	455	962	90	90	3623880
784	457	962	90	90	3623887
783	458	962	90	90	3623893
782	459	966	90	90	3623899
781	461	966	90	90	3623905
780	462	966	90	90	3623912
779	464	966	90	90	3623918
778	465	966	90	90	3623924
777	467	966	90	90	3623930
775	469	970	90	90	3623937
774	470	970	90	90	3623943
773	472	970	90	90	3623949
771	473	974	90	90	3623955
770	475	974	90	90	3623962
769	477	974	90	90	3623968
767	478	974	90	90	3623974
766	480	978	90	90	3623980
764	482	978	90	90	3623987
763	484	978	90	90	3623993
762	486	978	90	90	3623999
760	488	982	90	90	3624005
759	490	982	90	90	3624012
757	492	982	90	90	3624018
755	494	986	90	90	3624024
753	496	986	90	90	3624030
751	498	986	90	90	3624037
750	500	990	90	90	3624043
748	502	990	90	90	3624049
746	503	990	90	90	3624055
744	505	990	90	90	3624062
742	507	994	90	90	3624068
740	509	994	90	90	3624074
738	511	994	90	90	3624080
736	513	994	90	90	3624087
734	515	998	90	90	3624093
732	517	998	90	90	3624099
730	519	998	90	90	3624105
728	521	1002	90	90	3624112
726	522	1002	90	90	3624118
724	524	1002	90	90	3624124
722	526	1006	90	90	3624130
720	528	1006	90	90	3624137
718	529	1006	90	90	3624143
716	531	1006	90	90	3624149
714	533	1006	90	90	3624155
713	534	1010	90	90	3624162
711	536	1010	90	90	3624168
709	538	1010	90	90	3624174
708	540	1010	90	90	3624180
706	541	1014	90	90	3624187
705	543	1014	90	90	3624193
704	545	1014	90	90	3624199
702	546	1023	90	90	3624205
701	548	1023	90	90	3624212
699	549	1023	90	90	3624218
698	550	1023	90	90	3624224
697	551	1023	90	90	3624230
696	552	1023	90	90	3624237
695	553	1023	90	90	3624243
694	554	1023	90	90	3624249
693	555	1023	90	90	3624262
691	556	1023	90	90	3624274
690	557	1023	90	90	3624287
689	558	1023	90	90	3624305
689	559	1023	90	90	3624324
688	560	1023	90	90	3624343
688	561	1023	90	90	3624355
688	562	1023	90	90	3624368
688	563	1023	90	90	3624380
687	564	1023	90	90	3624393
686	565	1023	90	90	3624405
685	566	1023	90	90	3624418
684	568	1023	90	90	3624430
683	569	1023	90	90	3624443
682	570	1023	90	90	3624462
681	571	924	90	90	3624518
682	572	227	90	90	3624543
5
261	395	68	90	90	3626355
263	395	449	90	90	3626380
264	394	561	90	90	3626393
264	393	243	90	90	3626405
263	392	0	90	90	3626418
3
1
603	390	0	90	90	3858733
166
664	549	36	90	90	3859033
665	550	481	90	90	3859076
664	549	692	90	90	3859083
663	548	708	90	90	3859089
662	546	724	90	90	3859095
661	544	737	90	90	3859101
660	541	745	90	90	3859108
658	538	749	90	90	3859114
656	535	757	90	90	3859120
653	531	757	90	90	3859126
650	526	761	90	90	3859133
646	521	761	90	90	3859139
642	516	769	90	90	3859145
637	510	777	90	90	3859151
632	504	785	90	90	3859158
627	498	793	90	90	3859164
621	491	805	90	90	3859170
616	484	817	90	90	3859176
610	478	829	90	90	3859183
604	471	841	90	90	3859189
598	464	853	90	90	3859195
592	458	861	90	90	3859201
586	451	869	90	90	3859208
580	445	878	90	90	3859214
575	439	886	90	90	3859220
569	433	894	90	90	3859226
564	427	898	90	90	3859233
559	421	906	90	90	3859239
555	416	910	90	90	3859245
550	411	918	90	90	3859251
546	407	922	90	90	3859258
543	403	922	90	90	3859264
539	399	926	90	90	3859270
536	395	930	90	90	3859276
534	392	934	90	90	3859283
531	390	938	90	90	3859289
529	387	938	90	90	3859295
528	386	942	90	90	3859301
527	384	942	90	90	3859308
526	382	946	90	90	3859314
525	381	946	90	90	3859320
525	380	946	90	90	3859333
524	379	946	90	90	3859351
524	378	942	90	90	3859389
525	378	945	90	90	3859489
526	379	947	90	90	3859514
527	378	946	90	90	3859526
528	378	950	90	90	3859539
529	378	950	90	90	3859545
530	377	950	90	90	3859551
532	377	950	90	90	3859558
533	377	950	90	90	3859564
535	377	950	90	90	3859570
537	377	950	90	90	3859576
539	377	950	90	90	3859583
542	377	950	90	90	3859589
545	377	950	90	90	3859595
549	377	950	90	90	3859601
553	378	950	90	90	3859608
558	378	950	90	90	3859614
563	379	950	90	90	3859620
568	379	950	90	90	3859626
575	380	950	90	90	3859633
581	380	954	90	90	3859639
588	381	954	90	90	3859645
595	381	954	90	90	3859651
603	382	954	90	90	3859658
611	382	954	90	90	3859664
619	383	954	90	90	3859670
627	383	954	90	90	3859676
635	384	954	90	90	3859683
643	384	954	90	90	3859689
651	385	954	90	90	3859695
659	385	958	90	90	3859701
667	385	958	90	90	3859708
674	386	958	90	90	3859714
682	386	954	90	90	3859720
689	386	954	90	90	3859726
696	386	954	90	90	3859733
704	386	954	90	90	3859739
710	387	954	90	90	3859745
717	387	954	90	90	3859751
723	387	950	90	90	3859758
728	387	950	90	90	3859764
734	387	950	90	90	3859770
739	387	946	90	90	3859776
743	387	946	90	90	3859783
748	388	946	90	90	3859789
751	388	946	90	90	3859795
754	388	946	90	90	3859801
757	388	942	90	90	3859808
760	388	942	90	90	3859814
762	388	942	90	90	3859820
763	388	942	90	90	3859826
764	389	942	90	90	3859833
765	389	944	90	90	3859845
766	389	950	90	90	3859895
765	388	951	90	90	3860020
765	389	955	90	90	3860039
765	390	958	90	90	3860051
765	391	960	90	90	3860064
765	392	962	90	90	3860076
764	394	962	90	90	3860089
764	395	962	90	90	3860095
763	396	962	90	90	3860101
763	397	962	90	90	3860108
762	398	962	90	90	3860114
762	400	962	90	90	3860120
761	401	958	90	90	3860126
760	403	958	90	90	3860133
759	405	962	90	90	3860139
758	406	962	90	90	3860145
757	409	962	90	90	3860151
756	411	962	90	90	3860158
755	413	962	90	90	3860164
753	416	962	90	90	3860170
752	418	962	90	90	3860176
750	421	962	90	90	3860183
748	423	962	90	90	3860189
746	426	962	90	90	3860195
745	429	962	90	90	3860201
743	432	962	90	90	3860208
741	435	962	90	90	3860214
739	438	962	90	90	3860220
737	442	962	90	90	3860226
735	445	962	90	90	3860233
733	449	962	90	90	3860239
731	452	962	90	90	3860245
729	456	962	90	90	3860251
726	460	962	90	90	3860258
724	463	962	90	90	3860264
721	467	966	90	90	3860270
719	471	966	90	90	3860276
717	474	966	90	90	3860283
714	478	966	90	90	3860289
712	482	970	90	90	3860295
710	486	970	90	90	3860301
707	489	970	90	90	3860308
705	493	970	90	90	3860314
702	496	974	90	90	3860320
700	500	974	90	90	3860326
697	503	974	90	90	3860333
694	507	974	90	90	3860339
692	510	978	90	90	3860345
689	513	978	90	90	3860351
687	517	978	90	90	3860358
684	520	982	90	90	3860364
682	522	982	90	90	3860370
680	525	986	90	90	3860376
678	528	986	90	90	3860383
676	530	986	90	90	3860389
673	532	986	90	90	3860395
671	534	990	90	90	3860401
670	536	990	90	90	3860408
668	538	990	90	90	3860414
666	540	990	90	90	3860420
665	541	990	90	90	3860426
664	543	990	90	90	3860433
663	544	990	90	90	3860439
662	545	990	90	90	3860445
661	546	990	90	90	3860458
660	547	958	90	90	3860501
662	546	732	90	90	3860514
662	544	491	90	90	3860520
662	543	322	90	90	3860526
663	542	76	90	90	3860539
13
275	402	173	90	90	3861564
275	402	354	90	90	3861570
274	402	527	90	90	3861576
274	402	680	90	90	3861583
274	402	833	90	90	3861589
274	402	906	90	90	3861595
274	402	910	90	90	3861601
274	400	845	90	90	3861608
274	400	696	90	90	3861614
276	399	543	90	90	3861620
276	399	374	90	90	3861626
277	399	193	90	90	3861633
278	398	12	90	90	3861639
3
1
558	388	0	90	90	4083767
223
659	577	94	90	90	4084673
660	577	461	90	90	4084698
659	576	648	90	90	4084710
659	575	692	90	90	4084717
658	574	720	90	90	4084723
658	573	741	90	90	4084729
657	571	757	90	90	4084735
656	570	769	90	90	4084742
655	567	777	90	90	4084748
654	565	789	90	90	4084754
652	562	797	90	90	4084760
651	559	805	90	90	4084767
648	556	817	90	90	4084773
646	552	825	90	90	4084779
643	548	837	90	90	4084785
640	544	845	90	90	4084792
637	540	853	90	90	4084798
633	536	861	90	90	4084804
629	531	865	90	90	4084810
625	526	869	90	90	4084817
621	520	878	90	90	4084823
616	515	878	90	90	4084829
612	509	886	90	90	4084835
607	504	890	90	90	4084842
602	498	894	90	90	4084848
597	492	902	90	90	4084854
592	487	906	90	90	4084860
588	481	914	90	90	4084867
583	476	922	90	90	4084873
579	470	926	90	90	4084879
574	465	934	90	90	4084885
570	460	938	90	90	4084892
565	455	942	90	90	4084898
561	450	946	90	90	4084904
558	445	950	90	90	4084910
554	440	950	90	90	4084917
550	436	954	90	90	4084923
547	432	958	90	90	4084929
544	428	962	90	90	4084935
541	424	962	90	90	4084942
538	421	966	90	90	4084948
535	418	970	90	90	4084954
533	415	970	90	90	4084960
531	412	974	90	90	4084967
529	410	974	90	90	4084973
527	408	974	90	90	4084979
526	406	974	90	90	4084985
525	404	974	90	90	4084992
524	402	974	90	90	4084998
523	401	978	90	90	4085004
522	400	978	90	90	4085010
521	399	982	90	90	4085017
521	398	984	90	90	4085029
520	397	988	90	90	4085048
520	396	999	90	90	4085254
521	395	1006	90	90	4085285
522	396	1006	90	90	4085304
523	396	1006	90	90	4085323
524	396	1002	90	90	4085342
525	397	1002	90	90	4085354
526	397	998	90	90	4085367
527	397	998	90	90	4085373
528	397	998	90	90	4085379
529	398	1002	90	90	4085385
531	398	1002	90	90	4085392
532	398	1002	90	90	4085398
534	398	1002	90	90	4085404
536	398	1002	90	90	4085410
539	398	1002	90	90	4085417
542	399	1002	90	90	4085423
545	399	1002	90	90	4085429
548	399	1002	90	90	4085435
552	399	1002	90	90	4085442
556	400	1002	90	90	4085448
561	400	1002	90	90	4085454
566	400	998	90	90	4085460
571	401	998	90	90	4085467
578	401	998	90	90	4085473
584	401	998	90	90	4085479
591	401	998	90	90	4085485
598	402	998	90	90	4085492
605	402	998	90	90	4085498
613	402	998	90	90	4085504
621	402	998	90	90	4085510
629	402	998	90	90	4085517
637	403	998	90	90	4085523
646	403	998	90	90	4085529
654	403	998	90	90	4085535
663	403	998	90	90	4085542
671	403	998	90	90	4085548
680	404	998	90	90	4085554
688	404	998	90	90	4085560
696	404	998	90	90	4085567
704	404	998	90	90	4085573
712	405	998	90	90	4085579
720	405	998	90	90	4085585
728	405	998	90	90	4085592
736	406	998	90	90	4085598
743	406	1002	90	90	4085604
751	406	1002	90	90	4085610
758	407	1002	90	90	4085617
765	407	1002	90	90	4085623
771	407	1002	90	90	4085629
777	407	1002	90	90	4085635
783	407	1006	90	90	4085642
789	407	1006	90	90	4085648
794	407	1006	90	90	4085654
799	407	1006	90	90	4085660
803	407	1006	90	90	4085667
807	407	1006	90	90	4085673
810	407	1006	90	90	4085679
813	407	1006	90	90	4085685
816	407	1006	90	90	4085692
818	407	1006	90	90	4085698
820	407	1006	90	90	4085704
821	407	1006	90	90	4085710
823	408	1006	90	90	4085717
824	408	1006	90	90	4085729
825	408	1007	90	90	4086042
825	409	1010	90	90	4086060
824	410	1010	90	90	4086073
824	411	1010	90	90	4086085
823	413	1010	90	90	4086098
822	414	1010	90	90	4086110
821	415	1010	90	90	4086117
821	416	1010	90	90	4086123
820	417	1010	90	90	4086129
819	418	1010	90	90	4086135
818	419	1010	90	90	4086142
818	420	1010	90	90	4086148
817	421	1010	90	90	4086154
816	423	1010	90	90	4086160
815	424	1006	90	90	4086167
814	425	1006	90	90	4086173
813	427	1006	90	90	4086179
811	428	1006	90	90	4086185
810	430	1006	90	90	4086192
809	432	1006	90	90	4086198
807	434	1006	90	90	4086204
805	436	1006	90	90	4086210
804	438	1006	90	90	4086217
802	440	1006	90	90	4086223
800	443	1006	90	90	4086229
798	445	1006	90	90	4086235
796	447	1006	90	90	4086242
794	449	1006	90	90	4086248
792	451	1006	90	90	4086254
790	454	1002	90	90	4086260
788	456	1002	90	90	4086267
785	459	1002	90	90	4086273
783	461	1002	90	90	4086279
781	463	1002	90	90	4086285
778	466	1002	90	90	4086292
776	468	1006	90	90	4086298
773	471	1006	90	90	4086304
771	473	1006	90	90	4086310
768	475	1006	90	90	4086317
766	478	1006	90	90	4086323
763	480	1010	90	90	4086329
761	482	1010	90	90	4086335
758	485	1010	90	90	4086342
756	487	1010	90	90	4086348
753	490	1014	90	90	4086354
751	492	1014	90	90	4086360
748	495	1014	90	90	4086367
745	498	1023	90	90	4086373
743	500	1023	90	90	4086379
740	503	1023	90	90	4086385
738	505	1023	90	90	4086392
735	508	1023	90	90	4086398
733	510	1023	90	90	4086404
731	513	1023	90	90	4086410
728	515	1023	90	90	4086417
726	518	1023	90	90	4086423
723	520	1023	90	90	4086429
721	523	1023	90	90	4086435
718	525	1023	90	90	4086442
716	527	1023	90	90	4086448
713	529	1023	90	90	4086454
711	531	1023	90	90	4086460
709	533	1023	90	90	4086467
707	535	1023	90	90	4086473
705	537	1023	90	90	4086479
702	539	1023	90	90	4086485
700	541	1023	90	90	4086492
698	543	1023	90	90	4086498
696	545	1023	90	90	4086504
694	546	1023	90	90	4086510
692	548	1023	90	90	4086517
691	550	1023	90	90	4086523
689	551	1023	90	90	4086529
687	553	1023	90	90	4086535
686	554	1023	90	90	4086542
685	555	1023	90	90	4086548
684	556	1023	90	90	4086554
682	558	1023	90	90	4086560
681	559	1023	90	90	4086567
680	560	1023	90	90	4086573
679	561	1023	90	90	4086579
679	562	1023	90	90	4086585
678	563	1023	90	90	4086592
677	564	1023	90	90	4086598
676	565	1023	90	90	4086604
675	567	1023	90	90	4086610
675	568	1023	90	90	4086617
674	569	1023	90	90	4086623
673	570	1023	90	90	4086629
673	571	1023	90	90	4086642
672	572	1023	90	90	4086654
671	573	1023	90	90	4086673
671	575	1023	90	90	4086692
671	576	1023	90	90	4086717
670	577	1023	90	90	4086735
669	577	1023	90	90	4086760
668	578	1023	90	90	4086785
667	578	1023	90	90	4086804
666	578	1023	90	90	4086823
665	578	1023	90	90	4086848
664	579	1023	90	90	4086873
663	579	1023	90	90	4086923
662	579	1020	90	90	4086942
661	578	986	90	90	4086967
660	578	387	90	90	4087004
5
276	401	8	90	90	4088706
277	401	245	90	90	4088719
278	401	459	90	90	4088731
279	401	347	90	90	4088750
280	400	24	90	90	4088763
3
1
565	530	0	90	90	4304109
201
611	575	391	90	90	4304471
609	574	660	90	90	4304478
608	573	692	90	90	4304484
607	571	712	90	90	4304490
606	569	733	90	90	4304496
604	567	741	90	90	4304503
603	564	745	90	90	4304509
600	561	749	90	90	4304515
597	558	749	90	90	4304521
594	553	749	90	90	4304528
590	548	749	90	90	4304534
587	543	753	90	90	4304540
582	538	757	90	90	4304546
578	532	765	90	90	4304553
573	526	781	90	90	4304559
568	520	793	90	90	4304565
563	513	813	90	90	4304571
558	507	833	90	90	4304578
553	501	853	90	90	4304584
548	495	873	90	90	4304590
543	490	890	90	90	4304596
538	484	906	90	90	4304603
534	479	918	90	90	4304609
529	474	934	90	90	4304615
525	469	946	90	90	4304621
521	465	954	90	90	4304628
518	461	966	90	90	4304634
515	458	974	90	90	4304640
512	455	978	90	90	4304646
509	452	982	90	90	4304653
507	450	986	90	90	4304659
505	448	990	90	90	4304665
503	446	990	90	90	4304671
502	445	990	90	90	4304678
501	444	990	90	90	4304684
500	443	990	90	90	4304690
499	442	990	90	90	4304696
499	441	992	90	90	4304709
498	440	994	90	90	4304728
498	439	998	90	90	4304815
498	438	1002	90	90	4304871
498	437	1002	90	90	4304890
499	437	1002	90	90	4304909
500	436	1002	90	90	4304921
501	436	1002	90	90	4304934
502	436	1002	90	90	4304946
504	437	1002	90	90	4304959
505	437	1002	90	90	4304971
506	437	1002	90	90	4304978
507	437	1002	90	90	4304984
508	437	1002	90	90	4304990
509	437	1002	90	90	4304996
511	437	1002	90	90	4305003
512	437	1002	90	90	4305009
514	437	1002	90	90	4305015
516	436	1002	90	90	4305021
519	436	1002	90	90	4305028
521	435	1002	90	90	4305034
524	435	1002	90	90	4305040
527	435	1002	90	90	4305046
531	434	1002	90	90	4305053
534	434	1002	90	90	4305059
538	434	1002	90	90	4305065
543	434	1002	90	90	4305071
547	434	1002	90	90	4305078
552	434	998	90	90	4305084
557	434	998	90	90	4305090
562	434	998	90	90	4305096
567	434	998	90	90	4305103
573	434	994	90	90	4305109
579	434	994	90	90	4305115
585	434	994	90	90	4305121
592	434	990	90	90	4305128
598	435	990	90	90	4305134
605	435	990	90	90	4305140
612	435	990	90	90	4305146
618	435	990	90	90	4305153
625	435	986	90	90	4305159
632	436	986	90	90	4305165
638	436	986	90	90	4305171
645	436	986	90	90	4305178
651	436	986	90	90	4305184
658	436	986	90	90	4305190
664	436	986	90	90	4305196
669	436	986	90	90	4305203
675	436	986	90	90	4305209
680	436	986	90	90	4305215
685	436	986	90	90	4305221
690	436	986	90	90	4305228
694	436	986	90	90	4305234
698	436	986	90	90	4305240
702	436	986	90	90	4305246
706	437	986	90	90	4305253
709	437	986	90	90	4305259
712	437	986	90	90	4305265
715	438	986	90	90	4305271
717	438	986	90	90	4305278
719	438	986	90	90	4305284
721	439	986	90	90	4305290
723	439	986	90	90	4305296
725	439	986	90	90	4305303
726	439	986	90	90	4305309
727	440	986	90	90	4305315
728	440	986	90	90	4305328
729	440	982	90	90	4305346
730	441	982	90	90	4305403
731	442	982	90	90	4305421
732	442	980	90	90	4305434
733	443	978	90	90	4305446
734	443	972	90	90	4305459
735	443	968	90	90	4305478
736	444	963	90	90	4305496
737	444	959	90	90	4305521
738	444	958	90	90	4305571
738	445	955	90	90	4305590
738	446	958	90	90	4305609
738	447	958	90	90	4305640
738	448	958	90	90	4305665
737	449	958	90	90	4305678
737	450	956	90	90	4305690
736	452	954	90	90	4305696
736	453	954	90	90	4305709
736	455	954	90	90	4305715
735	456	954	90	90	4305721
735	457	958	90	90	4305728
734	459	958	90	90	4305734
733	460	958	90	90	4305740
733	462	958	90	90	4305746
732	464	958	90	90	4305753
731	466	958	90	90	4305759
730	468	962	90	90	4305765
729	471	962	90	90	4305771
727	473	962	90	90	4305778
726	475	962	90	90	4305784
724	478	966	90	90	4305790
723	480	966	90	90	4305796
721	483	966	90	90	4305803
719	485	970	90	90	4305809
717	488	970	90	90	4305815
715	491	974	90	90	4305821
713	493	974	90	90	4305828
711	496	978	90	90	4305834
709	498	982	90	90	4305840
707	501	982	90	90	4305846
705	503	986	90	90	4305853
702	505	986	90	90	4305859
700	508	986	90	90	4305865
698	510	990	90	90	4305871
695	512	990	90	90	4305878
693	514	990	90	90	4305884
691	517	994	90	90	4305890
689	519	994	90	90	4305896
686	521	994	90	90	4305903
684	523	998	90	90	4305909
682	525	998	90	90	4305915
680	526	998	90	90	4305921
678	528	1002	90	90	4305928
676	530	1002	90	90	4305934
673	531	1002	90	90	4305940
671	533	1002	90	90	4305946
669	534	1006	90	90	4305953
667	536	1006	90	90	4305959
665	537	1006	90	90	4305965
663	539	1006	90	90	4305971
660	540	1010	90	90	4305978
659	542	1010	90	90	4305984
657	543	1010	90	90	4305990
655	545	1014	90	90	4305996
653	546	1014	90	90	4306003
651	547	1023	90	90	4306009
650	548	1023	90	90	4306015
648	549	1023	90	90	4306021
647	550	1023	90	90	4306028
645	551	1023	90	90	4306034
644	552	1023	90	90	4306040
642	553	1023	90	90	4306046
640	553	1023	90	90	4306053
639	554	1023	90	90	4306059
637	555	1023	90	90	4306065
636	556	1023	90	90	4306071
634	557	1023	90	90	4306078
633	558	1023	90	90	4306084
631	559	1023	90	90	4306090
630	560	1023	90	90	4306096
629	561	1023	90	90	4306103
627	561	1023	90	90	4306109
626	562	1023	90	90	4306115
625	563	1023	90	90	4306121
623	564	1023	90	90	4306128
622	565	1023	90	90	4306134
621	566	1023	90	90	4306140
619	566	1023	90	90	4306146
618	567	1023	90	90	4306153
617	568	1023	90	90	4306159
617	569	1023	90	90	4306171
615	570	1023	90	90	4306184
614	571	1023	90	90	4306203
613	573	1023	90	90	4306309
612	574	1005	90	90	4306409
611	573	600	90	90	4306453
610	572	0	90	90	4306465
2
283	401	209	90	90	4308231
283	400	278	90	90	4308275
